1.61625 0.239929 11.2358
1.49494 0.210885 5.49643
1.45007 0.201467 8.70002
1.42463 0.231682 11.5783
1.58481 0.0893243 9.07765
1.48246 0.122084 10.1957
1.4541 0.00109433 11.9089
1.64348 0.279942 8.03949
1.58136 0.205379 8.61454
1.44641 0.146434 8.2235
1.70908 0.107324 9.48351
1.58665 0.247673 9.15397
1.52921 0.191556 7.47052
1.66922 0.286238 7.31087
1.46039 0.190216 5.86824
1.611 0.275703 9.11878
1.41507 0.194944 9.94106
1.44799 0.311148 9.83102
1.7228 0.104714 5.64483
1.52067 0.0209143 9.50062
1.67896 0.0706643 5.5814
1.47781 0.301015 8.75275
1.5799 0.309884 9.00137
1.47227 0.0960143 8.86507
1.59063 0.177265 8.29084
1.65906 0.142064 9.66419
1.59362 0.00284433 1.79944
1.62826 0.177234 6.58664
1.681 0.0917843 6.18782
1.42311 0.280689 8.00612
1.70245 0.30282 6.308
1.46863 0.00610433 7.73531
1.5314 0.106644 5.05418
1.52161 0.121204 11.0336
1.51991 0.160401 10.8973
1.59941 0.0425543 5.76839
1.49261 0.0609743 3.32247
1.64802 0.0264543 10.4545
1.56737 0.0111843 9.17467
1.67213 0.190137 5.63548
1.47571 0.0248743 7.30187
