1.61813 0.0828494 11.2358
1.49682 0.0538055 5.49643
1.6201 0.270755 8.55357
1.70573 0.276082 3.37254
1.5487 0.25818 6.84356
1.64748 0.227345 6.82155
1.51849 0.308067 6.70846
1.66536 0.307358 9.77939
1.45195 0.0443878 8.70002
1.42651 0.0746027 11.5783
1.4604 0.245464 9.14711
1.4498 0.19842 6.65722
1.50843 0.208025 11.3427
1.66251 0.217885 7.19434
1.64536 0.122862 8.03949
1.58324 0.0482994 8.61454
1.58853 0.090593 9.15397
1.53302 0.205815 11.752
1.53109 0.0344768 7.47052
1.6711 0.129158 7.31087
1.46227 0.0331368 5.86824
1.61288 0.118623 9.11878
1.42007 0.252607 9.16685
1.67222 0.272528 4.99717
1.41695 0.0378641 9.94106
1.70094 0.235055 8.4487
1.44987 0.154068 9.83102
1.59704 0.182441 7.97113
1.47969 0.143935 8.75275
1.55356 0.19231 6.60827
1.58178 0.152804 9.00137
1.59251 0.0201854 8.29084
1.63014 0.0201544 6.58664
1.58211 0.208624 6.05235
1.42499 0.123609 8.00612
1.62991 0.312882 10.0896
1.70433 0.14574 6.308
1.52179 0.00332126 10.8973
1.53689 0.240518 6.05723
1.7199 0.26103 10.2666
1.67401 0.0330578 5.63548
1.42467 0.264141 10.9814
