1.61704 0.0828494 11.2358
1.49573 0.0538055 5.49643
1.61901 0.270755 8.55357
1.70464 0.276082 3.37254
1.54761 0.25818 6.84356
1.64639 0.227345 6.82155
1.5174 0.308067 6.70846
1.66427 0.307358 9.77939
1.45086 0.0443878 8.70002
1.42542 0.0746027 11.5783
1.45931 0.245464 9.14711
1.44871 0.19842 6.65722
1.50734 0.208025 11.3427
1.66142 0.217885 7.19434
1.64427 0.122862 8.03949
1.58215 0.0482994 8.61454
1.58744 0.090593 9.15397
1.53193 0.205815 11.752
1.53 0.0344768 7.47052
1.67001 0.129158 7.31087
1.46118 0.0331368 5.86824
1.61179 0.118623 9.11878
1.41898 0.252607 9.16685
1.67113 0.272528 4.99717
1.41586 0.0378641 9.94106
1.69985 0.235055 8.4487
1.44878 0.154068 9.83102
1.59595 0.182441 7.97113
1.4786 0.143935 8.75275
1.55247 0.19231 6.60827
1.58069 0.152804 9.00137
1.59142 0.0201854 8.29084
1.62905 0.0201544 6.58664
1.58102 0.208624 6.05235
1.4239 0.123609 8.00612
1.62882 0.312882 10.0896
1.70324 0.14574 6.308
1.5207 0.00332126 10.8973
1.5358 0.240518 6.05723
1.71881 0.26103 10.2666
1.67292 0.0330578 5.63548
1.42358 0.264141 10.9814
