1.61735 0.0828494 11.2358
1.49604 0.0538055 5.49643
1.61932 0.270755 8.55357
1.70495 0.276082 3.37254
1.54792 0.25818 6.84356
1.6467 0.227345 6.82155
1.51771 0.308067 6.70846
1.66458 0.307358 9.77939
1.45117 0.0443878 8.70002
1.42573 0.0746027 11.5783
1.45962 0.245464 9.14711
1.44902 0.19842 6.65722
1.50765 0.208025 11.3427
1.66173 0.217885 7.19434
1.64458 0.122862 8.03949
1.58246 0.0482994 8.61454
1.58775 0.090593 9.15397
1.53224 0.205815 11.752
1.53031 0.0344768 7.47052
1.67032 0.129158 7.31087
1.46149 0.0331368 5.86824
1.6121 0.118623 9.11878
1.41929 0.252607 9.16685
1.67144 0.272528 4.99717
1.41617 0.0378641 9.94106
1.70016 0.235055 8.4487
1.44909 0.154068 9.83102
1.59626 0.182441 7.97113
1.47891 0.143935 8.75275
1.55278 0.19231 6.60827
1.581 0.152804 9.00137
1.59173 0.0201854 8.29084
1.62936 0.0201544 6.58664
1.58133 0.208624 6.05235
1.42421 0.123609 8.00612
1.62913 0.312882 10.0896
1.70355 0.14574 6.308
1.52101 0.00332126 10.8973
1.53611 0.240518 6.05723
1.71912 0.26103 10.2666
1.67323 0.0330578 5.63548
1.42389 0.264141 10.9814
