1.61923 0.0828494 11.2358
1.49792 0.0538055 5.49643
1.6212 0.270755 8.55357
1.70683 0.276082 3.37254
1.5498 0.25818 6.84356
1.64858 0.227345 6.82155
1.51959 0.308067 6.70846
1.66646 0.307358 9.77939
1.45305 0.0443878 8.70002
1.42761 0.0746027 11.5783
1.4615 0.245464 9.14711
1.4509 0.19842 6.65722
1.50953 0.208025 11.3427
1.66361 0.217885 7.19434
1.64646 0.122862 8.03949
1.58434 0.0482994 8.61454
1.58963 0.090593 9.15397
1.53412 0.205815 11.752
1.53219 0.0344768 7.47052
1.6722 0.129158 7.31087
1.46337 0.0331368 5.86824
1.61398 0.118623 9.11878
1.42117 0.252607 9.16685
1.67332 0.272528 4.99717
1.41805 0.0378641 9.94106
1.70204 0.235055 8.4487
1.45097 0.154068 9.83102
1.59814 0.182441 7.97113
1.48079 0.143935 8.75275
1.55466 0.19231 6.60827
1.58288 0.152804 9.00137
1.59361 0.0201854 8.29084
1.63124 0.0201544 6.58664
1.58321 0.208624 6.05235
1.42609 0.123609 8.00612
1.63101 0.312882 10.0896
1.70543 0.14574 6.308
1.52289 0.00332126 10.8973
1.53799 0.240518 6.05723
1.721 0.26103 10.2666
1.67511 0.0330578 5.63548
1.42577 0.264141 10.9814
