1.61782 0.0828494 11.2358
1.49651 0.0538055 5.49643
1.61979 0.270755 8.55357
1.70542 0.276082 3.37254
1.54839 0.25818 6.84356
1.64717 0.227345 6.82155
1.51818 0.308067 6.70846
1.66505 0.307358 9.77939
1.45164 0.0443878 8.70002
1.4262 0.0746027 11.5783
1.46009 0.245464 9.14711
1.44949 0.19842 6.65722
1.50812 0.208025 11.3427
1.6622 0.217885 7.19434
1.64505 0.122862 8.03949
1.58293 0.0482994 8.61454
1.58822 0.090593 9.15397
1.53271 0.205815 11.752
1.53078 0.0344768 7.47052
1.67079 0.129158 7.31087
1.46196 0.0331368 5.86824
1.61257 0.118623 9.11878
1.41976 0.252607 9.16685
1.67191 0.272528 4.99717
1.41664 0.0378641 9.94106
1.70063 0.235055 8.4487
1.44956 0.154068 9.83102
1.59673 0.182441 7.97113
1.47938 0.143935 8.75275
1.55325 0.19231 6.60827
1.58147 0.152804 9.00137
1.5922 0.0201854 8.29084
1.62983 0.0201544 6.58664
1.5818 0.208624 6.05235
1.42468 0.123609 8.00612
1.6296 0.312882 10.0896
1.70402 0.14574 6.308
1.52148 0.00332126 10.8973
1.53658 0.240518 6.05723
1.71959 0.26103 10.2666
1.6737 0.0330578 5.63548
1.42436 0.264141 10.9814
