1.61876 0.0828494 11.2358
1.49745 0.0538055 5.49643
1.62073 0.270755 8.55357
1.70636 0.276082 3.37254
1.54933 0.25818 6.84356
1.64811 0.227345 6.82155
1.51912 0.308067 6.70846
1.66599 0.307358 9.77939
1.45258 0.0443878 8.70002
1.42714 0.0746027 11.5783
1.46103 0.245464 9.14711
1.45043 0.19842 6.65722
1.50906 0.208025 11.3427
1.66314 0.217885 7.19434
1.64599 0.122862 8.03949
1.58387 0.0482994 8.61454
1.58916 0.090593 9.15397
1.53365 0.205815 11.752
1.53172 0.0344768 7.47052
1.67173 0.129158 7.31087
1.4629 0.0331368 5.86824
1.61351 0.118623 9.11878
1.4207 0.252607 9.16685
1.67285 0.272528 4.99717
1.41758 0.0378641 9.94106
1.70157 0.235055 8.4487
1.4505 0.154068 9.83102
1.59767 0.182441 7.97113
1.48032 0.143935 8.75275
1.55419 0.19231 6.60827
1.58241 0.152804 9.00137
1.59314 0.0201854 8.29084
1.63077 0.0201544 6.58664
1.58274 0.208624 6.05235
1.42562 0.123609 8.00612
1.63054 0.312882 10.0896
1.70496 0.14574 6.308
1.52242 0.00332126 10.8973
1.53752 0.240518 6.05723
1.72053 0.26103 10.2666
1.67464 0.0330578 5.63548
1.4253 0.264141 10.9814
