1.61688 0.0828494 11.2358
1.49557 0.0538055 5.49643
1.61885 0.270755 8.55357
1.70448 0.276082 3.37254
1.54745 0.25818 6.84356
1.64623 0.227345 6.82155
1.51724 0.308067 6.70846
1.66411 0.307358 9.77939
1.4507 0.0443878 8.70002
1.42526 0.0746027 11.5783
1.45915 0.245464 9.14711
1.44855 0.19842 6.65722
1.50718 0.208025 11.3427
1.66126 0.217885 7.19434
1.64411 0.122862 8.03949
1.58199 0.0482994 8.61454
1.58728 0.090593 9.15397
1.53177 0.205815 11.752
1.52984 0.0344768 7.47052
1.66985 0.129158 7.31087
1.46102 0.0331368 5.86824
1.61163 0.118623 9.11878
1.41882 0.252607 9.16685
1.67097 0.272528 4.99717
1.4157 0.0378641 9.94106
1.69969 0.235055 8.4487
1.44862 0.154068 9.83102
1.59579 0.182441 7.97113
1.47844 0.143935 8.75275
1.55231 0.19231 6.60827
1.58053 0.152804 9.00137
1.59126 0.0201854 8.29084
1.62889 0.0201544 6.58664
1.58086 0.208624 6.05235
1.42374 0.123609 8.00612
1.62866 0.312882 10.0896
1.70308 0.14574 6.308
1.52054 0.00332126 10.8973
1.53564 0.240518 6.05723
1.71865 0.26103 10.2666
1.67276 0.0330578 5.63548
1.42342 0.264141 10.9814
