1.61908 0.080022 11.2358
1.49777 0.0509781 5.49643
1.62105 0.267928 8.55357
1.70668 0.273255 3.37254
1.54965 0.255353 6.84356
1.64843 0.224518 6.82155
1.51944 0.30524 6.70846
1.66631 0.304531 9.77939
1.4529 0.0415604 8.70002
1.42746 0.0717753 11.5783
1.46135 0.242637 9.14711
1.45075 0.195593 6.65722
1.50938 0.205198 11.3427
1.66346 0.215058 7.19434
1.64631 0.120035 8.03949
1.58419 0.045472 8.61454
1.58948 0.0877656 9.15397
1.53397 0.202988 11.752
1.53204 0.0316494 7.47052
1.67205 0.126331 7.31087
1.46322 0.0303094 5.86824
1.61383 0.115796 9.11878
1.42102 0.24978 9.16685
1.67317 0.269701 4.99717
1.4179 0.0350367 9.94106
1.70189 0.232228 8.4487
1.45082 0.151241 9.83102
1.59799 0.179614 7.97113
1.48064 0.141108 8.75275
1.55451 0.189483 6.60827
1.58273 0.149977 9.00137
1.59346 0.017358 8.29084
1.63109 0.017327 6.58664
1.58306 0.205797 6.05235
1.42594 0.120782 8.00612
1.63086 0.310055 10.0896
1.70528 0.142913 6.308
1.52274 0.000493827 10.8973
1.53784 0.237691 6.05723
1.72085 0.258203 10.2666
1.67496 0.0302304 5.63548
1.42562 0.261314 10.9814
