1.61704 0.082064 11.2358
1.49573 0.0530201 5.49643
1.61901 0.26997 8.55357
1.70464 0.275297 3.37254
1.54761 0.257395 6.84356
1.64639 0.22656 6.82155
1.5174 0.307282 6.70846
1.66427 0.306573 9.77939
1.45086 0.0436024 8.70002
1.42542 0.0738173 11.5783
1.45931 0.244679 9.14711
1.44871 0.197635 6.65722
1.50734 0.20724 11.3427
1.66142 0.2171 7.19434
1.64427 0.122077 8.03949
1.58215 0.047514 8.61454
1.58744 0.0898076 9.15397
1.53193 0.20503 11.752
1.53 0.0336914 7.47052
1.67001 0.128373 7.31087
1.46118 0.0323514 5.86824
1.61179 0.117838 9.11878
1.41898 0.251822 9.16685
1.67113 0.271743 4.99717
1.41586 0.0370787 9.94106
1.69985 0.23427 8.4487
1.44878 0.153283 9.83102
1.59595 0.181656 7.97113
1.4786 0.14315 8.75275
1.55247 0.191525 6.60827
1.58069 0.152019 9.00137
1.59142 0.0194 8.29084
1.62905 0.019369 6.58664
1.58102 0.207839 6.05235
1.4239 0.122824 8.00612
1.62882 0.312097 10.0896
1.70324 0.144955 6.308
1.5207 0.00253586 10.8973
1.5358 0.239733 6.05723
1.71881 0.260245 10.2666
1.67292 0.0322724 5.63548
1.42358 0.263356 10.9814
