1.61641 0.0826923 11.2358
1.4951 0.0536484 5.49643
1.61838 0.270598 8.55357
1.70401 0.275925 3.37254
1.54698 0.258023 6.84356
1.64576 0.227188 6.82155
1.51677 0.30791 6.70846
1.66364 0.307201 9.77939
1.45023 0.0442307 8.70002
1.42479 0.0744456 11.5783
1.45868 0.245307 9.14711
1.44808 0.198263 6.65722
1.50671 0.207868 11.3427
1.66079 0.217728 7.19434
1.64364 0.122705 8.03949
1.58152 0.0481423 8.61454
1.58681 0.0904359 9.15397
1.5313 0.205658 11.752
1.52937 0.0343197 7.47052
1.66938 0.129001 7.31087
1.46055 0.0329797 5.86824
1.61116 0.118466 9.11878
1.41835 0.25245 9.16685
1.6705 0.272371 4.99717
1.41523 0.037707 9.94106
1.69922 0.234898 8.4487
1.44815 0.153911 9.83102
1.59532 0.182284 7.97113
1.47797 0.143778 8.75275
1.55184 0.192153 6.60827
1.58006 0.152647 9.00137
1.59079 0.0200283 8.29084
1.62842 0.0199973 6.58664
1.58039 0.208467 6.05235
1.42327 0.123452 8.00612
1.62819 0.312725 10.0896
1.70261 0.145583 6.308
1.52007 0.00316418 10.8973
1.53517 0.240361 6.05723
1.71818 0.260873 10.2666
1.67229 0.0329007 5.63548
1.42295 0.263984 10.9814
