1.61656 0.0825352 11.2358
1.49525 0.0534913 5.49643
1.61853 0.270441 8.55357
1.70416 0.275768 3.37254
1.54713 0.257866 6.84356
1.64591 0.227031 6.82155
1.51692 0.307753 6.70846
1.66379 0.307044 9.77939
1.45038 0.0440736 8.70002
1.42494 0.0742885 11.5783
1.45883 0.24515 9.14711
1.44823 0.198106 6.65722
1.50686 0.207711 11.3427
1.66094 0.217571 7.19434
1.64379 0.122548 8.03949
1.58167 0.0479852 8.61454
1.58696 0.0902788 9.15397
1.53145 0.205501 11.752
1.52952 0.0341626 7.47052
1.66953 0.128844 7.31087
1.4607 0.0328226 5.86824
1.61131 0.118309 9.11878
1.4185 0.252293 9.16685
1.67065 0.272214 4.99717
1.41538 0.0375499 9.94106
1.69937 0.234741 8.4487
1.4483 0.153754 9.83102
1.59547 0.182127 7.97113
1.47812 0.143621 8.75275
1.55199 0.191996 6.60827
1.58021 0.15249 9.00137
1.59094 0.0198712 8.29084
1.62857 0.0198402 6.58664
1.58054 0.20831 6.05235
1.42342 0.123295 8.00612
1.62834 0.312568 10.0896
1.70276 0.145426 6.308
1.52022 0.0030071 10.8973
1.53532 0.240204 6.05723
1.71833 0.260716 10.2666
1.67244 0.0327436 5.63548
1.4231 0.263827 10.9814
