1.61813 0.0809644 11.2358
1.49682 0.0519205 5.49643
1.6201 0.26887 8.55357
1.70573 0.274197 3.37254
1.5487 0.256295 6.84356
1.64748 0.22546 6.82155
1.51849 0.306182 6.70846
1.66536 0.305473 9.77939
1.45195 0.0425028 8.70002
1.42651 0.0727177 11.5783
1.4604 0.243579 9.14711
1.4498 0.196535 6.65722
1.50843 0.20614 11.3427
1.66251 0.216 7.19434
1.64536 0.120977 8.03949
1.58324 0.0464144 8.61454
1.58853 0.088708 9.15397
1.53302 0.20393 11.752
1.53109 0.0325918 7.47052
1.6711 0.127273 7.31087
1.46227 0.0312518 5.86824
1.61288 0.116738 9.11878
1.42007 0.250722 9.16685
1.67222 0.270643 4.99717
1.41695 0.0359791 9.94106
1.70094 0.23317 8.4487
1.44987 0.152183 9.83102
1.59704 0.180556 7.97113
1.47969 0.14205 8.75275
1.55356 0.190425 6.60827
1.58178 0.150919 9.00137
1.59251 0.0183004 8.29084
1.63014 0.0182694 6.58664
1.58211 0.206739 6.05235
1.42499 0.121724 8.00612
1.62991 0.310997 10.0896
1.70433 0.143855 6.308
1.52179 0.0014363 10.8973
1.53689 0.238633 6.05723
1.7199 0.259145 10.2666
1.67401 0.0311728 5.63548
1.42467 0.262256 10.9814
