1.61876 0.0803361 11.2358
1.49745 0.0512922 5.49643
1.62073 0.268242 8.55357
1.70636 0.273569 3.37254
1.54933 0.255667 6.84356
1.64811 0.224832 6.82155
1.51912 0.305554 6.70846
1.66599 0.304845 9.77939
1.45258 0.0418745 8.70002
1.42714 0.0720894 11.5783
1.46103 0.242951 9.14711
1.45043 0.195907 6.65722
1.50906 0.205512 11.3427
1.66314 0.215372 7.19434
1.64599 0.120349 8.03949
1.58387 0.0457861 8.61454
1.58916 0.0880797 9.15397
1.53365 0.203302 11.752
1.53172 0.0319635 7.47052
1.67173 0.126645 7.31087
1.4629 0.0306235 5.86824
1.61351 0.11611 9.11878
1.4207 0.250094 9.16685
1.67285 0.270015 4.99717
1.41758 0.0353508 9.94106
1.70157 0.232542 8.4487
1.4505 0.151555 9.83102
1.59767 0.179928 7.97113
1.48032 0.141422 8.75275
1.55419 0.189797 6.60827
1.58241 0.150291 9.00137
1.59314 0.0176721 8.29084
1.63077 0.0176411 6.58664
1.58274 0.206111 6.05235
1.42562 0.121096 8.00612
1.63054 0.310369 10.0896
1.70496 0.143227 6.308
1.52242 0.000807986 10.8973
1.53752 0.238005 6.05723
1.72053 0.258517 10.2666
1.67464 0.0305445 5.63548
1.4253 0.261628 10.9814
