1.61531 0.0828494 11.2358
1.494 0.0538055 5.49643
1.61728 0.270755 8.55357
1.70291 0.276082 3.37254
1.54588 0.25818 6.84356
1.64466 0.227345 6.82155
1.51567 0.308067 6.70846
1.66254 0.307358 9.77939
1.44913 0.0443878 8.70002
1.42369 0.0746027 11.5783
1.45758 0.245464 9.14711
1.44698 0.19842 6.65722
1.50561 0.208025 11.3427
1.65969 0.217885 7.19434
1.64254 0.122862 8.03949
1.58042 0.0482994 8.61454
1.58571 0.090593 9.15397
1.5302 0.205815 11.752
1.52827 0.0344768 7.47052
1.66828 0.129158 7.31087
1.45945 0.0331368 5.86824
1.61006 0.118623 9.11878
1.41725 0.252607 9.16685
1.6694 0.272528 4.99717
1.41413 0.0378641 9.94106
1.69812 0.235055 8.4487
1.44705 0.154068 9.83102
1.59422 0.182441 7.97113
1.47687 0.143935 8.75275
1.55074 0.19231 6.60827
1.57896 0.152804 9.00137
1.58969 0.0201854 8.29084
1.62732 0.0201544 6.58664
1.57929 0.208624 6.05235
1.42217 0.123609 8.00612
1.62709 0.312882 10.0896
1.70151 0.14574 6.308
1.51897 0.00332126 10.8973
1.53407 0.240518 6.05723
1.71708 0.26103 10.2666
1.67119 0.0330578 5.63548
1.42185 0.264141 10.9814
