1.61468 0.0828494 11.2358
1.49337 0.0538055 5.49643
1.61665 0.270755 8.55357
1.70228 0.276082 3.37254
1.54525 0.25818 6.84356
1.64403 0.227345 6.82155
1.51504 0.308067 6.70846
1.66191 0.307358 9.77939
1.4485 0.0443878 8.70002
1.42306 0.0746027 11.5783
1.45695 0.245464 9.14711
1.44635 0.19842 6.65722
1.50498 0.208025 11.3427
1.65906 0.217885 7.19434
1.64191 0.122862 8.03949
1.57979 0.0482994 8.61454
1.58508 0.090593 9.15397
1.52957 0.205815 11.752
1.52764 0.0344768 7.47052
1.66765 0.129158 7.31087
1.45882 0.0331368 5.86824
1.60943 0.118623 9.11878
1.41662 0.252607 9.16685
1.66877 0.272528 4.99717
1.69749 0.235055 8.4487
1.44642 0.154068 9.83102
1.59359 0.182441 7.97113
1.47624 0.143935 8.75275
1.55011 0.19231 6.60827
1.57833 0.152804 9.00137
1.58906 0.0201854 8.29084
1.62669 0.0201544 6.58664
1.57866 0.208624 6.05235
1.42154 0.123609 8.00612
1.62646 0.312882 10.0896
1.70088 0.14574 6.308
1.51834 0.00332126 10.8973
1.53344 0.240518 6.05723
1.71645 0.26103 10.2666
1.67056 0.0330578 5.63548
1.42122 0.264141 10.9814
