1.61452 0.0828494 11.2358
1.49321 0.0538055 5.49643
1.61649 0.270755 8.55357
1.70212 0.276082 3.37254
1.54509 0.25818 6.84356
1.64387 0.227345 6.82155
1.51488 0.308067 6.70846
1.66175 0.307358 9.77939
1.44834 0.0443878 8.70002
1.4229 0.0746027 11.5783
1.45679 0.245464 9.14711
1.44619 0.19842 6.65722
1.50482 0.208025 11.3427
1.6589 0.217885 7.19434
1.64175 0.122862 8.03949
1.57963 0.0482994 8.61454
1.58492 0.090593 9.15397
1.52941 0.205815 11.752
1.52748 0.0344768 7.47052
1.66749 0.129158 7.31087
1.45866 0.0331368 5.86824
1.60927 0.118623 9.11878
1.41646 0.252607 9.16685
1.66861 0.272528 4.99717
1.69733 0.235055 8.4487
1.44626 0.154068 9.83102
1.59343 0.182441 7.97113
1.47608 0.143935 8.75275
1.54995 0.19231 6.60827
1.57817 0.152804 9.00137
1.5889 0.0201854 8.29084
1.62653 0.0201544 6.58664
1.5785 0.208624 6.05235
1.42138 0.123609 8.00612
1.6263 0.312882 10.0896
1.70072 0.14574 6.308
1.51818 0.00332126 10.8973
1.53328 0.240518 6.05723
1.71629 0.26103 10.2666
1.6704 0.0330578 5.63548
1.42106 0.264141 10.9814
