1.61484 0.0828494 11.2358
1.49353 0.0538055 5.49643
1.61681 0.270755 8.55357
1.70244 0.276082 3.37254
1.54541 0.25818 6.84356
1.64419 0.227345 6.82155
1.5152 0.308067 6.70846
1.66207 0.307358 9.77939
1.44866 0.0443878 8.70002
1.42322 0.0746027 11.5783
1.45711 0.245464 9.14711
1.44651 0.19842 6.65722
1.50514 0.208025 11.3427
1.65922 0.217885 7.19434
1.64207 0.122862 8.03949
1.57995 0.0482994 8.61454
1.58524 0.090593 9.15397
1.52973 0.205815 11.752
1.5278 0.0344768 7.47052
1.66781 0.129158 7.31087
1.45898 0.0331368 5.86824
1.60959 0.118623 9.11878
1.41678 0.252607 9.16685
1.66893 0.272528 4.99717
1.69765 0.235055 8.4487
1.44658 0.154068 9.83102
1.59375 0.182441 7.97113
1.4764 0.143935 8.75275
1.55027 0.19231 6.60827
1.57849 0.152804 9.00137
1.58922 0.0201854 8.29084
1.62685 0.0201544 6.58664
1.57882 0.208624 6.05235
1.4217 0.123609 8.00612
1.62662 0.312882 10.0896
1.70104 0.14574 6.308
1.5185 0.00332126 10.8973
1.5336 0.240518 6.05723
1.71661 0.26103 10.2666
1.67072 0.0330578 5.63548
1.42138 0.264141 10.9814
