1.61515 0.0828494 11.2358
1.49384 0.0538055 5.49643
1.61712 0.270755 8.55357
1.70275 0.276082 3.37254
1.54572 0.25818 6.84356
1.6445 0.227345 6.82155
1.51551 0.308067 6.70846
1.66238 0.307358 9.77939
1.44897 0.0443878 8.70002
1.42353 0.0746027 11.5783
1.45742 0.245464 9.14711
1.44682 0.19842 6.65722
1.50545 0.208025 11.3427
1.65953 0.217885 7.19434
1.64238 0.122862 8.03949
1.58026 0.0482994 8.61454
1.58555 0.090593 9.15397
1.53004 0.205815 11.752
1.52811 0.0344768 7.47052
1.66812 0.129158 7.31087
1.45929 0.0331368 5.86824
1.6099 0.118623 9.11878
1.41709 0.252607 9.16685
1.66924 0.272528 4.99717
1.41397 0.0378641 9.94106
1.69796 0.235055 8.4487
1.44689 0.154068 9.83102
1.59406 0.182441 7.97113
1.47671 0.143935 8.75275
1.55058 0.19231 6.60827
1.5788 0.152804 9.00137
1.58953 0.0201854 8.29084
1.62716 0.0201544 6.58664
1.57913 0.208624 6.05235
1.42201 0.123609 8.00612
1.62693 0.312882 10.0896
1.70135 0.14574 6.308
1.51881 0.00332126 10.8973
1.53391 0.240518 6.05723
1.71692 0.26103 10.2666
1.67103 0.0330578 5.63548
1.42169 0.264141 10.9814
