1.61437 0.0828494 11.2358
1.49306 0.0538055 5.49643
1.61634 0.270755 8.55357
1.70197 0.276082 3.37254
1.54494 0.25818 6.84356
1.64372 0.227345 6.82155
1.51473 0.308067 6.70846
1.6616 0.307358 9.77939
1.44819 0.0443878 8.70002
1.42275 0.0746027 11.5783
1.45664 0.245464 9.14711
1.44604 0.19842 6.65722
1.50467 0.208025 11.3427
1.65875 0.217885 7.19434
1.6416 0.122862 8.03949
1.57948 0.0482994 8.61454
1.58477 0.090593 9.15397
1.52926 0.205815 11.752
1.52733 0.0344768 7.47052
1.66734 0.129158 7.31087
1.45851 0.0331368 5.86824
1.60912 0.118623 9.11878
1.41631 0.252607 9.16685
1.66846 0.272528 4.99717
1.69718 0.235055 8.4487
1.44611 0.154068 9.83102
1.59328 0.182441 7.97113
1.47593 0.143935 8.75275
1.5498 0.19231 6.60827
1.57802 0.152804 9.00137
1.58875 0.0201854 8.29084
1.62638 0.0201544 6.58664
1.57835 0.208624 6.05235
1.42123 0.123609 8.00612
1.62615 0.312882 10.0896
1.70057 0.14574 6.308
1.51803 0.00332126 10.8973
1.53313 0.240518 6.05723
1.71614 0.26103 10.2666
1.67025 0.0330578 5.63548
1.42091 0.264141 10.9814
