1.56114 0.135199 8.16044
1.6825 0.103972 7.33602
1.49892 0.070471 7.23294
1.63129 0.14801 10.6548
1.42743 0.058356 7.61425
1.67239 0.31203 7.52539
1.69856 0.217887 11.0816
1.67905 0.00133396 6.03781
1.54815 0.095441 9.47077
1.59538 0.225895 10.6921
1.41658 0.268519 7.66496
1.71468 0.225996 8.46303
1.71325 0.031694 6.69026
1.64589 0.075405 10.5675
1.6439 0.021879 9.01217
1.72466 0.026391 8.8942
1.66045 0.216454 9.74574
1.6762 0.233848 6.18532
1.71054 0.0118 8.34187
1.58682 0.313578 5.06431
1.49423 0.268408 9.94862
1.5737 0.028534 9.84093
1.46822 0.28981 4.412
1.6964 0.201486 9.02493
1.5434 0.119709 11.8979
1.55122 0.281232 10.4973
1.47166 0.117849 4.65427
1.65843 0.176016 11.6893
1.50547 0.22606 8.58628
1.70177 0.274252 9.37759
1.69835 0.109355 6.87443
1.51053 0.285192 8.81906
1.67804 0.21937 8.86918
1.49162 0.036566 11.2138
1.66403 0.252958 7.50655
1.42498 0.150984 6.82595
1.45112 0.236516 8.42282
1.45868 0.183412 8.13092
1.56369 0.085885 6.92129
1.7126 0.024487 12.9843
1.5651 0.103608 9.57012
1.54416 0.105968 8.10685
1.62911 0.136803 9.64888
1.65738 0.168937 8.31516
