1.61421 0.0808074 11.2358
1.4929 0.0517635 5.49643
1.61618 0.268713 8.55357
1.70181 0.27404 3.37254
1.54478 0.256138 6.84356
1.64356 0.225303 6.82155
1.51457 0.306025 6.70846
1.66144 0.305316 9.77939
1.44803 0.0423458 8.70002
1.42259 0.0725607 11.5783
1.45648 0.243422 9.14711
1.44588 0.196378 6.65722
1.50451 0.205983 11.3427
1.65859 0.215843 7.19434
1.64144 0.12082 8.03949
1.57932 0.0462574 8.61454
1.58461 0.088551 9.15397
1.5291 0.203773 11.752
1.52717 0.0324348 7.47052
1.66718 0.127116 7.31087
1.45835 0.0310948 5.86824
1.60896 0.116581 9.11878
1.41615 0.250565 9.16685
1.6683 0.270486 4.99717
1.69702 0.233013 8.4487
1.44595 0.152026 9.83102
1.59312 0.180399 7.97113
1.47577 0.141893 8.75275
1.54964 0.190268 6.60827
1.57786 0.150762 9.00137
1.58859 0.0181434 8.29084
1.62622 0.0181124 6.58664
1.57819 0.206582 6.05235
1.42107 0.121567 8.00612
1.62599 0.31084 10.0896
1.70041 0.143698 6.308
1.51787 0.00127922 10.8973
1.53297 0.238476 6.05723
1.71598 0.258988 10.2666
1.67009 0.0310158 5.63548
1.42075 0.262099 10.9814
