1.61609 0.0826923 11.2358
1.49478 0.0536484 5.49643
1.61806 0.270598 8.55357
1.70369 0.275925 3.37254
1.54666 0.258023 6.84356
1.64544 0.227188 6.82155
1.51645 0.30791 6.70846
1.66332 0.307201 9.77939
1.44991 0.0442307 8.70002
1.42447 0.0744456 11.5783
1.45836 0.245307 9.14711
1.44776 0.198263 6.65722
1.50639 0.207868 11.3427
1.66047 0.217728 7.19434
1.64332 0.122705 8.03949
1.5812 0.0481423 8.61454
1.58649 0.0904359 9.15397
1.53098 0.205658 11.752
1.52905 0.0343197 7.47052
1.66906 0.129001 7.31087
1.46023 0.0329797 5.86824
1.61084 0.118466 9.11878
1.41803 0.25245 9.16685
1.67018 0.272371 4.99717
1.41491 0.037707 9.94106
1.6989 0.234898 8.4487
1.44783 0.153911 9.83102
1.595 0.182284 7.97113
1.47765 0.143778 8.75275
1.55152 0.192153 6.60827
1.57974 0.152647 9.00137
1.59047 0.0200283 8.29084
1.6281 0.0199973 6.58664
1.58007 0.208467 6.05235
1.42295 0.123452 8.00612
1.62787 0.312725 10.0896
1.70229 0.145583 6.308
1.51975 0.00316418 10.8973
1.53485 0.240361 6.05723
1.71786 0.260873 10.2666
1.67197 0.0329007 5.63548
1.42263 0.263984 10.9814
