1.61484 0.0814357 11.2358
1.49353 0.0523918 5.49643
1.61681 0.269341 8.55357
1.70244 0.274668 3.37254
1.54541 0.256766 6.84356
1.64419 0.225931 6.82155
1.5152 0.306653 6.70846
1.66207 0.305944 9.77939
1.44866 0.0429741 8.70002
1.42322 0.073189 11.5783
1.45711 0.24405 9.14711
1.44651 0.197006 6.65722
1.50514 0.206611 11.3427
1.65922 0.216471 7.19434
1.64207 0.121448 8.03949
1.57995 0.0468857 8.61454
1.58524 0.0891793 9.15397
1.52973 0.204401 11.752
1.5278 0.0330631 7.47052
1.66781 0.127744 7.31087
1.45898 0.0317231 5.86824
1.60959 0.117209 9.11878
1.41678 0.251193 9.16685
1.66893 0.271114 4.99717
1.69765 0.233641 8.4487
1.44658 0.152654 9.83102
1.59375 0.181027 7.97113
1.4764 0.142521 8.75275
1.55027 0.190896 6.60827
1.57849 0.15139 9.00137
1.58922 0.0187717 8.29084
1.62685 0.0187407 6.58664
1.57882 0.20721 6.05235
1.4217 0.122195 8.00612
1.62662 0.311468 10.0896
1.70104 0.144326 6.308
1.5185 0.00190754 10.8973
1.5336 0.239104 6.05723
1.71661 0.259616 10.2666
1.67072 0.0316441 5.63548
1.42138 0.262727 10.9814
