1.681 0.159791 8.86336
1.56656 0.288101 7.43445
1.51888 0.312951 11.5862
1.44466 0.137151 8.11962
1.63279 0.284781 7.61842
1.6147 0.166081 6.45474
1.64822 0.224411 6.67297
1.68872 0.162421 10.9827
1.69262 0.312461 9.23357
1.60163 0.310691 4.45578
1.68423 0.137171 8.36234
1.47998 0.0843315 7.67822
1.65422 0.270331 11.1136
1.62145 0.189761 8.54012
1.4912 0.127791 8.57121
1.5605 0.195511 7.34938
1.45056 0.0148115 8.76282
1.62914 0.00141145 7.97976
1.59324 0.272541 8.69899
1.59284 0.189191 8.10394
1.67658 0.196401 8.41412
1.59 0.220971 6.63023
1.63469 0.289131 9.72785
1.47889 0.175611 8.18256
1.62376 0.0729915 10.2075
1.59351 0.305991 9.07061
1.5597 0.266221 7.50106
1.56212 0.119671 4.93063
1.5517 0.132231 8.31911
1.47837 0.290161 7.98363
1.48931 0.227821 6.86344
1.47345 0.0380115 10.5146
1.4696 0.308741 11.3137
1.51853 0.0901615 8.48311
1.49559 0.105671 6.33364
1.58919 0.129061 6.84883
1.55945 0.0441415 6.2947
1.4541 0.0769015 6.72561
1.50207 0.152821 11.4433
1.55358 0.176661 9.53499
1.4546 0.112341 7.14089
1.44571 0.209621 5.6506
