1.50821 0.271453 6.46996
1.45412 0.247722 8.83928
1.49133 0.233364 8.93407
1.42536 0.124178 5.34668
1.70167 0.190053 10.8337
1.7073 0.189275 10.2436
1.6703 0.233043 9.19408
1.47869 0.308869 8.48544
1.58584 0.036788 6.67889
1.67786 0.271804 10.2645
1.55163 0.250742 10.0032
1.64476 0.296396 9.66968
1.49219 0.0965491 8.42148
1.61832 0.0162154 5.7925
1.42456 0.247784 8.66863
1.61519 0.23826 8.54955
1.44771 0.287522 8.28586
1.57417 0.179735 7.64434
1.61569 0.260808 12.4866
1.69944 0.228598 7.50517
1.66552 0.302648 9.10021
1.43902 0.0806561 8.14832
1.47143 0.113797 5.41982
1.50981 0.0888751 9.13922
1.4632 0.217713 7.0509
1.63503 0.181929 7.9522
1.5416 0.0531337 9.46124
1.56263 0.131895 7.97243
1.57881 0.243612 6.57374
1.47682 0.0581341 10.4431
1.58083 0.156021 9.09919
1.61654 0.108368 7.74467
1.46895 0.0480012 4.47965
1.57718 0.203173 8.646
1.45799 0.171606 10.0271
1.48685 0.130755 7.18347
1.49878 0.160576 8.19066
1.42388 0.311043 7.95765
1.65293 0.0134638 10.2662
1.50117 0.0232328 9.92685
1.43582 0.251791 8.43738
1.61379 0.0765541 9.29415
1.72233 0.269083 5.50732
1.59087 0.0817201 8.95477
1.69133 0.237315 9.16591
