1.64693 0.243393 8.75655
1.62794 0.192653 5.88172
1.52085 0.288913 8.38948
1.54852 0.0952626 7.88427
1.44564 0.291263 11.6338
1.54236 0.258533 6.42877
1.65694 0.171373 9.00863
1.42046 0.261843 6.27767
1.64079 0.274623 10.4354
1.44794 0.141123 11.3772
1.53028 0.311913 10.2924
1.69785 0.294713 9.02665
1.70449 0.143743 8.73961
1.53147 0.213783 9.37351
1.49991 0.202073 6.07339
1.51062 0.216983 8.19728
1.7122 0.127693 8.14982
1.71816 5.25712e-05 9.44067
1.47139 0.0370726 10.1276
1.57384 0.107733 7.7454
1.53032 0.305473 4.44207
1.66758 0.0752826 11.184
1.67237 0.0143726 7.57173
1.58844 0.0114726 9.55611
1.72425 0.308313 9.72841
1.53277 0.184643 10.564
1.49931 0.0233026 10.1791
1.56005 0.0312626 11.8776
1.54879 0.209453 15.2468
1.70156 0.0673326 8.12909
1.62161 0.119633 9.34041
1.50663 0.0960526 5.85698
1.68271 0.107613 5.90138
1.56407 0.176853 8.71413
1.67635 0.104593 6.31907
1.62309 0.0910526 8.68499
1.60808 0.272953 9.14362
1.47819 0.0651626 9.70204
1.70565 0.126043 9.43016
1.51787 0.220803 9.55479
1.47708 0.0745026 6.51987
1.44598 0.00567257 7.91128
1.45642 0.0217626 6.90255
1.56113 0.0570726 9.1806
1.60963 0.0933826 10.3987
