1.56747 0.162835 7.68211
1.69185 0.265022 10.1218
1.47791 0.202908 7.51314
1.64847 0.0583507 10.0414
1.49963 0.0911667 8.77718
1.72518 0.0852937 10.0648
1.61462 0.00639273 8.38548
1.4697 0.258627 12.1524
1.41408 0.0590407 7.15921
1.71017 0.152604 7.61425
1.43302 0.293423 9.56359
1.52497 0.204941 5.86907
1.59378 0.148695 6.66171
1.61742 0.171966 8.84444
1.67284 0.205738 5.094
1.45144 0.0149787 10.2293
1.63979 0.111797 7.70877
1.72619 0.0938587 8.57003
1.57462 0.174028 10.044
1.61708 0.114307 8.87674
1.62747 0.177536 7.00311
1.62215 0.291141 7.98122
1.46662 0.235078 10.6204
1.48009 0.230789 9.2454
1.57699 0.102022 6.7508
1.57041 0.21947 5.13603
1.47354 0.25595 11.3499
1.51346 0.0932277 9.58629
1.71885 0.0773307 11.1769
1.66491 0.163033 6.98944
1.46399 0.00570273 7.7922
1.61768 0.227702 5.75363
1.54082 0.146819 6.67983
1.44681 0.154147 8.07134
1.67066 0.261003 10.6392
1.50465 0.15789 7.15817
1.44343 0.299574 5.67851
1.43383 0.0276827 12.0964
1.70772 0.245232 6.82595
1.55085 0.0448987 9.89085
1.67418 0.146224 6.65493
1.41614 0.201032 8.94963
1.55185 0.00256273 8.48262
1.48452 0.0509107 8.63388
1.56408 0.0755857 9.67049
1.47452 0.206022 11.3216
1.44037 0.290037 12.7666
1.65201 0.160331 10.8278
1.51193 0.275595 10.4779
