1.52912 0.24719 9.3147
1.62607 0.164651 10.6585
1.41893 0.190053 10.8337
1.5018 0.0478634 8.69524
1.42455 0.189275 10.2436
1.58442 0.0583923 10.8198
1.69119 0.127922 9.45944
1.63218 0.198267 10.6207
1.50619 0.225327 7.0328
1.48564 0.213181 9.30814
1.64182 0.193123 9.68243
1.59523 0.0782711 11.239
1.45909 0.145569 8.4097
1.57357 0.176298 10.8649
1.58426 0.136576 10.3085
1.66353 0.104242 8.09061
1.59298 0.202845 5.98885
1.52246 0.0485793 9.71954
1.4167 0.228598 7.50517
1.57732 0.278217 12.1267
1.57875 0.244086 11.3742
1.6518 0.0645195 9.49493
1.64864 0.247654 7.82409
1.56234 0.164122 8.27979
1.51012 0.119013 8.88245
1.55912 0.180941 8.78542
1.68474 0.0124478 8.84515
1.50282 0.240426 10.8967
1.69374 0.159906 10.1521
1.72349 0.0684716 7.91159
1.44851 0.113193 6.2747
1.62833 0.286942 5.06655
1.71667 0.171166 5.86461
1.59801 0.251131 11.1875
1.45234 0.0573211 7.33434
1.48448 0.142091 8.63492
1.53766 0.202926 7.38027
1.62984 0.165341 4.58492
1.65423 0.235044 7.25309
1.53969 0.134224 7.96045
1.48104 0.166438 9.72575
1.45613 0.157053 9.26669
1.68098 0.299691 6.94262
1.62806 0.306839 9.96688
1.57496 0.138063 9.70191
1.64662 0.239105 7.83162
1.52985 0.1176 6.16864
1.71432 0.234172 9.28159
1.53941 0.241302 11.3467
1.50149 0.242651 7.66886
1.61139 0.244751 9.35617
1.43959 0.269083 5.50732
1.50696 0.308414 7.00513
1.48065 0.155388 4.61266
