1.47323 0.257083 7.68211
1.68742 0.258967 7.23294
1.55423 0.152599 10.0414
1.63094 0.179542 10.0648
1.52038 0.100641 8.38548
1.41768 0.0203425 8.75379
1.70511 0.0881555 6.70846
1.59091 0.0535395 8.71616
1.61593 0.246852 7.61425
1.43073 0.299189 5.86907
1.46076 0.00965951 9.00129
1.49954 0.242943 6.66171
1.52318 0.266214 8.84444
1.66855 0.172063 10.6992
1.5786 0.299986 5.094
1.54555 0.206045 7.70877
1.66424 0.146398 10.4172
1.42138 0.0309185 8.02839
1.63195 0.188107 8.57003
1.64702 0.0255525 9.14711
1.67933 0.152795 5.5296
1.48038 0.268276 10.044
1.54614 0.0806105 10.3583
1.52284 0.208555 8.87674
1.53323 0.271784 7.00311
1.57326 0.0593165 10.4743
1.48275 0.19627 6.7508
1.60669 0.0326955 9.16685
1.47617 0.313718 5.13603
1.41922 0.187476 9.58629
1.62461 0.171579 11.1769
1.57067 0.257281 6.98944
1.66016 0.306345 4.65427
1.44658 0.241067 6.67983
1.5579 0.0232125 8.11637
1.68012 0.225062 11.2138
1.45661 0.139147 9.89085
1.57994 0.240472 6.65493
1.50071 0.0853045 8.58803
1.72351 0.0206065 6.05723
1.72359 0.134569 8.52994
1.6942 0.105119 8.21493
1.45761 0.0968105 8.48262
1.61129 0.0442295 10.9814
1.46984 0.169834 9.67049
1.55777 0.254579 10.8278
