1.53434 0.220189 9.63738
1.57505 0.0977692 6.94326
1.63554 0.0875592 11.0401
1.67611 0.107839 4.49156
1.50721 0.0577792 4.17045
1.59826 0.198029 8.54072
1.70277 0.274979 8.06706
1.52197 0.284279 7.2678
1.6146 0.0827692 8.95432
1.59719 0.121919 8.84099
1.63426 0.136929 9.87516
1.50251 0.270579 9.35944
1.49285 0.165199 6.22949
1.55127 0.0502992 7.92792
1.46726 0.0246192 8.85019
1.57799 0.184439 9.93177
1.6 0.283499 7.17738
1.71201 0.272219 6.56557
1.5001 0.308489 7.06889
1.6591 0.0563492 6.25108
1.52311 0.0290392 8.56934
1.56719 0.262619 7.50217
1.69162 0.182739 9.80995
1.51785 0.0730392 9.3703
1.51242 0.0235492 7.74368
1.68207 0.308189 7.78481
1.55589 0.00731922 7.71546
1.479 0.275279 7.77575
1.6706 0.183219 11.5795
1.58268 0.0774692 8.4829
1.46002 0.0787192 5.41209
1.58186 0.191839 10.5716
1.45949 0.191779 8.65282
1.70607 0.127119 13.6137
1.43411 0.227719 7.11667
1.51724 0.00300922 7.90309
1.62755 0.0174792 8.48914
