1.6862 0.24719 9.3147
1.57601 0.190053 10.8337
1.65888 0.0478634 8.69524
1.58163 0.189275 10.2436
1.54464 0.233043 9.19408
1.46018 0.036788 6.67889
1.5522 0.271804 10.2645
1.42597 0.250742 10.0032
1.5191 0.296396 9.66968
1.49266 0.0162154 5.7925
1.66327 0.225327 7.0328
1.48952 0.23826 8.54955
1.64272 0.213181 9.30814
1.61617 0.145569 8.4097
1.44851 0.179735 7.64434
1.49002 0.260808 12.4866
1.67954 0.0485793 9.71954
1.57377 0.228598 7.50517
1.53985 0.302648 9.10021
1.71942 0.164122 8.27979
1.6672 0.119013 8.88245
1.7162 0.180941 8.78542
1.50936 0.181929 7.9522
1.6599 0.240426 10.8967
1.60558 0.113193 6.2747
1.41594 0.0531337 9.46124
1.43697 0.131895 7.97243
1.45314 0.243612 6.57374
1.45517 0.156021 9.09919
1.60942 0.0573211 7.33434
1.64156 0.142091 8.63492
1.69474 0.202926 7.38027
1.49087 0.108368 7.74467
1.69677 0.134224 7.96045
1.45152 0.203173 8.646
1.63812 0.166438 9.72575
1.61321 0.157053 9.26669
1.68693 0.1176 6.16864
1.52727 0.0134638 10.2662
1.69649 0.241302 11.3467
1.65857 0.242651 7.66886
1.48812 0.0765541 9.29415
1.59666 0.269083 5.50732
1.46521 0.0817201 8.95477
1.66404 0.308414 7.00513
1.63773 0.155388 4.61266
1.56566 0.237315 9.16591
