1.58483 0.0200175 11.2358
1.6987 0.0641571 12.4557
1.5868 0.207923 8.55357
1.67243 0.21325 3.37254
1.5154 0.195348 6.84356
1.61418 0.164513 6.82155
1.48519 0.245235 6.70846
1.63206 0.244526 9.77939
1.44432 0.303477 10.4172
1.56211 0.290614 8.78189
1.65978 0.260383 7.96221
1.62359 0.278254 7.51291
1.51421 0.28053 8.20439
1.4271 0.182632 9.14711
1.4165 0.135588 6.65722
1.47513 0.145193 11.3427
1.62921 0.155053 7.19434
1.45941 0.309874 5.5296
1.61206 0.0600301 8.03949
1.55523 0.0277611 9.15397
1.71884 0.116009 9.38365
1.49972 0.142983 11.752
1.69882 0.247049 5.01792
1.6378 0.0663261 7.31087
1.57958 0.0557911 9.11878
1.63892 0.209696 4.99717
1.66764 0.172223 8.4487
1.41657 0.0912361 9.83102
1.56374 0.119609 7.97113
1.44639 0.0811031 8.75275
1.52026 0.129478 6.60827
1.54848 0.0899721 9.00137
1.54881 0.145792 6.05235
1.59661 0.25005 10.0896
1.67103 0.0829081 6.308
1.50359 0.177686 6.05723
1.50367 0.291648 8.52994
1.6866 0.198198 10.2666
1.47428 0.262198 8.21493
1.61403 0.283469 12.5121
