1.61106 0.0251214 6.19527
1.45505 0.267161 8.4622
1.68607 0.283761 7.47419
1.64176 0.213981 7.68539
1.55619 0.277941 9.42662
1.62563 0.152591 4.99141
1.50418 0.105341 8.0913
1.63018 0.206351 8.58276
1.49121 0.309351 9.85397
1.65712 0.0367714 10.2207
1.62 0.0116714 11.0585
1.57273 0.0697714 3.93788
1.58722 0.0198914 8.51542
1.71094 0.292781 7.31622
1.45914 0.287591 7.71378
1.57247 0.294711 9.26445
1.7275 0.219811 8.50235
1.69787 0.217331 8.22871
1.54333 0.311751 5.56933
1.67203 0.0591414 8.62672
1.58502 0.135051 10.5202
1.67311 0.246241 8.58008
1.54414 0.217311 8.33872
1.60432 0.0242814 8.29717
1.61124 0.248201 10.6433
1.63453 0.0858514 6.25462
1.64772 0.0992814 9.15437
1.46813 0.0309714 7.87777
1.49484 0.0701314 10.5532
1.46059 0.297191 7.11264
1.55101 0.276841 11.2182
1.51996 0.119371 8.3019
1.5613 0.0410514 11.9682
1.66422 0.147031 8.79968
1.56399 0.223791 8.87567
1.6145 0.0616714 9.22038
1.47654 0.0302314 6.30768
1.46268 0.254721 10.374
1.50071 0.215121 12.61
1.66131 0.0807714 12.1497
