1.67711 0.197367 8.61549
1.55994 0.0113966 6.72396
1.69165 0.181067 10.3442
1.45516 0.262887 9.53376
1.70998 0.00516661 8.79387
1.64771 0.225667 11.0157
1.41936 0.0105566 4.13474
1.46366 0.0223166 5.22365
1.53166 0.139957 7.90378
1.71799 0.285807 9.416
1.69165 0.220977 8.10544
1.46476 0.141977 6.55721
1.66376 0.130997 8.87594
1.50879 0.247417 6.85756
1.60699 0.0770266 12.1184
1.53131 0.188647 11.1687
1.62122 0.139857 10.3808
1.51665 0.0142266 8.24764
1.65084 0.306777 11.4918
1.62343 0.215357 7.10412
1.68392 0.00969661 7.68883
1.67837 0.293807 9.30411
1.50596 0.205927 10.2532
1.61674 0.256997 9.24811
1.49955 0.189537 7.5853
1.57608 0.00305661 10.6653
1.5657 0.0381466 9.61102
1.50102 0.273387 8.97122
1.61634 0.0979766 12.5263
1.48096 0.209017 3.90706
1.70643 0.264807 9.76408
1.69168 0.226757 8.84112
1.62562 0.172287 7.10004
1.4223 0.0700566 8.51738
1.56885 0.210227 4.24544
1.65367 0.151767 8.50454
1.50845 0.0922466 11.9712
1.61932 0.215897 7.93047
1.45746 0.151197 11.3689
1.60319 0.136497 7.98716
1.63208 0.275087 6.72636
1.51147 0.155277 8.57637
1.52945 0.0957266 9.17104
1.67765 0.114617 9.92666
1.4587 0.181847 6.0558
1.60917 0.259387 6.86705
1.53137 0.174157 6.70173
1.63672 0.0286566 10.0105
1.51756 0.186007 8.25566
1.56161 0.0403066 8.72012
1.56045 0.198617 9.15744
