1.66745 0.10791 7.66071
1.60206 0.226267 11.1077
1.65731 0.0570428 6.95822
1.67532 0.21177 7.32524
1.53481 0.0960821 8.89402
1.51247 0.147132 9.90181
1.63603 0.160092 7.57731
1.62275 0.0491036 6.3975
1.63353 0.125856 12.4017
1.53172 0.180963 10.1913
1.67571 0.054268 6.7349
1.67862 0.207896 9.70333
1.60502 0.0781671 6.84874
1.70922 0.258176 10.0472
1.65567 0.194593 7.43086
1.58385 0.0871321 7.43575
1.63709 0.159744 8.91859
1.64568 0.118997 10.6775
1.6581 0.0707531 10.8669
1.52316 0.0653883 7.05576
1.64165 0.149088 7.9142
1.70265 0.232034 11.9187
1.71421 0.117831 10.9659
1.58477 0.00907487 8.94386
1.67129 0.166713 9.15475
1.5724 0.230449 9.78142
1.53339 0.142019 10.2976
1.56168 0.255861 6.71736
1.70047 0.212252 5.34266
1.62356 0.163662 6.34768
1.60622 0.237585 6.71785
1.64976 0.129953 13.3051
1.53234 0.126258 6.3596
1.62286 0.275424 4.94909
1.55757 0.00800777 8.75876
1.59411 0.221754 11.4032
1.52497 0.295983 11.1751
1.58823 0.0245412 7.24927
1.7035 0.00156097 12.0575
