1.53444 0.243756 10.1494
1.61393 0.213176 5.25027
1.47571 0.195896 8.86592
1.49758 0.0952658 7.47419
1.48878 0.140666 11.8625
1.45326 0.0254858 7.68539
1.45931 0.276026 10.1832
1.71592 0.189026 7.17606
1.44169 0.0178558 8.58276
1.4807 0.242966 7.96303
1.52244 0.104286 7.31622
1.53901 0.0313158 8.50235
1.50938 0.0288358 8.22871
1.72714 0.298976 9.59314
1.68672 0.265936 9.18508
1.54812 0.0909258 4.35333
1.50715 0.287556 7.68192
1.63533 0.272806 9.04583
1.70452 0.0438258 8.44953
1.5087 0.213726 9.98557
1.47753 0.142046 9.91415
1.67831 0.292926 4.94342
1.57511 0.150346 8.99765
1.63887 0.154576 7.66807
1.67325 0.192596 11.9139
1.49608 0.286796 10.1051
1.4933 0.216726 11.5685
1.48462 0.0577458 8.58008
1.43721 0.177566 7.08542
1.67391 0.0971158 7.61263
1.42274 0.0597058 10.6433
1.63061 0.0113458 11.683
1.61563 0.273926 7.06029
1.6578 0.140156 10.8821
1.65155 0.299956 5.51205
1.5115 0.289576 9.31114
1.67911 0.0111758 9.63411
1.54813 0.103816 7.68837
1.42183 0.144996 7.65382
1.46959 0.259156 5.90922
1.70044 0.0947758 9.44892
