1.66172 0.068587 7.68211
1.49413 0.061539 6.13504
1.57216 0.10866 7.51314
1.44255 0.1487 5.63591
1.56395 0.164379 12.1524
1.64669 0.23917 7.37264
1.49638 0.084391 7.11464
1.52727 0.199175 9.56359
1.61922 0.110693 5.86907
1.68803 0.054447 6.66171
1.71167 0.077718 8.84444
1.58281 0.222715 6.35847
1.70928 0.288655 9.83368
1.47709 0.302329 8.49087
1.48852 0.217441 8.27446
1.52787 0.277722 10.1909
1.66887 0.07978 10.044
1.71133 0.020059 8.87674
1.72172 0.083288 7.00311
1.47443 0.21245 8.22314
1.50106 0.195426 7.06719
1.5184 0.266855 6.67151
1.4991 0.00824896 7.87133
1.7164 0.196893 7.98122
1.56087 0.14083 10.6204
1.57434 0.136541 9.2454
1.67124 0.00777396 6.7508
1.66466 0.125222 5.13603
1.56779 0.161702 11.3499
1.58194 0.286687 8.52198
1.71193 0.133454 5.75363
1.63507 0.052571 6.67983
1.54106 0.059899 8.07134
1.49356 0.309597 4.05262
1.51656 0.286415 11.362
1.5989 0.063642 7.15817
1.45745 0.313001 7.82857
1.53768 0.205326 5.67851
1.43724 0.017433 8.32273
1.51039 0.106784 8.94963
1.45464 0.218439 9.87123
1.49882 0.186501 8.97001
1.47218 0.134019 8.2677
1.41943 0.064225 11.0923
1.56877 0.111774 11.3216
1.53462 0.195789 12.7666
1.60618 0.181347 10.4779
