1.47825 0.264254 6.7902
1.65554 0.176144 12.7845
1.65705 0.228064 8.05985
1.62959 0.028104 8.28091
1.70968 0.296674 13.454
1.63782 0.210794 8.89868
1.47576 0.152404 8.69456
1.67899 0.216304 8.71092
1.52 0.071274 7.38453
1.53798 0.00261397 8.98168
1.65483 0.120504 10.0971
1.43573 0.072624 6.40316
1.46817 0.114204 8.35244
1.46965 0.217534 7.84192
1.58168 0.240384 8.30804
1.58651 0.242334 10.8092
1.59763 0.197204 8.11013
1.4969 0.012814 4.67971
1.70065 0.025444 6.03563
1.62626 0.076804 7.45881
1.6532 0.040434 11.196
1.60613 0.217424 12.2736
1.54884 0.110054 10.8349
1.68538 0.00419397 8.7325
1.59087 0.096404 7.51196
1.5661 0.274834 10.4091
1.63395 0.038074 10.5359
1.44147 0.067384 8.72654
1.45489 0.211614 7.43422
1.70797 0.169714 6.46404
1.5214 0.149064 9.67403
1.51998 0.011894 8.9178
1.48128 0.00421397 9.27997
1.47168 0.136394 8.02457
1.722 0.309304 9.07427
1.53377 0.076384 4.67546
1.60097 0.150614 8.1563
1.46973 0.019094 8.37766
1.46291 0.114784 8.28391
1.46677 0.166654 7.32199
1.58393 0.247624 9.00737
1.56832 0.234574 9.78321
1.46932 0.266754 12.9208
1.48843 0.050534 9.80923
1.67739 0.248234 12.6337
1.56341 0.00305397 10.4407
1.48364 0.050444 4.3348
1.44095 0.304294 8.4375
1.60362 0.285924 5.6431
1.49259 0.259184 12.4372
1.41805 0.264354 9.67818
1.43599 0.049344 8.12589
