1.45608 0.0958191 9.8452
1.58797 0.290019 6.49695
1.4384 0.0589724 6.18916
1.50876 0.178554 5.90633
1.69893 0.000201873 11.0708
1.62887 0.170462 9.61012
1.71147 0.0992731 10.2318
1.43057 0.304852 8.98611
1.61567 0.287834 8.41675
1.58741 0.217262 6.90515
1.42054 0.300389 12.443
1.54147 0.0642042 8.49369
1.68655 0.198076 9.69424
1.60716 0.133169 9.06173
1.61087 0.0100649 7.11368
1.65656 0.0640894 9.29282
1.68542 0.0965651 5.60241
1.63709 0.288115 10.2661
1.69822 0.127034 11.2749
1.68313 0.00576277 7.98499
1.61302 0.162115 5.83037
1.48114 0.103035 7.92844
1.52973 0.3132 5.69481
1.4144 0.149351 6.84402
1.52772 0.214535 10.396
1.54826 0.271484 7.28628
1.66156 0.300064 5.64266
1.58179 0.178878 8.12724
1.41521 0.196488 7.21968
1.68773 0.167834 7.26106
1.59221 0.013836 7.31209
1.61879 0.0188464 5.01094
1.51937 0.152209 7.76821
1.57222 0.241615 9.83317
1.53352 0.213918 8.33951
1.54136 0.11923 9.71732
1.55228 0.220601 11.7136
1.64721 0.207721 8.9822
1.70933 0.042707 9.02669
1.47974 0.0644601 9.63843
1.53517 0.302666 8.62852
1.5551 0.0827721 6.55918
1.70837 0.262049 7.4756
1.57614 0.0178875 11.2805
1.6702 0.209749 5.63124
1.71912 0.0952471 10.2391
1.67434 0.210186 8.44872
1.5428 0.0764391 8.9243
1.4625 0.133821 11.4193
1.5676 0.0112872 9.38194
1.61305 0.223234 10.2095
1.62602 0.240656 7.37415
1.71863 0.116145 4.31865
