1.51576 0.210991 10.1853
1.45777 0.269291 9.83595
1.72402 0.108341 4.5771
1.58366 0.255141 8.80242
1.58981 0.211511 9.6439
1.46269 0.116231 7.43832
1.47765 0.200121 6.16769
1.53953 0.261951 7.40473
1.56946 0.231331 6.64655
1.55583 0.0368014 7.63839
1.58474 0.0958314 7.74886
1.47489 0.0130414 6.21667
1.42045 0.0600514 8.68026
1.66988 0.122241 6.77641
1.53067 0.156571 9.36544
1.60814 0.313321 9.42632
1.64311 0.300831 7.91843
1.47553 0.159111 9.60221
1.42196 0.0351114 7.20036
1.52447 0.203821 7.55029
1.59057 0.0929614 7.29128
1.70153 0.120851 9.47941
1.65118 0.241571 10.4128
1.72767 0.0348414 6.64262
1.55346 0.150201 10.1096
1.52297 0.0191014 9.99444
1.68001 0.160981 7.67868
1.44173 0.0819814 9.68054
1.4501 0.139371 9.6493
1.61566 0.0159214 7.63042
1.50756 0.297881 11.6866
1.47849 0.241161 8.42762
1.68797 0.185071 7.85834
1.42058 0.276971 6.43828
1.42789 0.233521 5.13396
