1.65202 0.0223896 5.49643
1.7039 0.226764 6.84356
1.48896 0.289136 8.38548
1.67369 0.276651 6.70846
1.55949 0.242035 8.71616
1.49091 0.148901 9.80651
1.42934 0.198155 9.00129
1.60715 0.0129719 8.70002
1.48097 0.0333033 9.52276
1.58171 0.0431868 11.5783
1.70271 0.311946 8.20439
1.46334 0.126858 8.5405
1.54809 0.145718 8.30911
1.6156 0.214048 9.14711
1.605 0.167004 6.65722
1.66363 0.176609 11.3427
1.55069 0.121983 7.98036
1.52752 0.160392 9.45157
1.51472 0.269106 10.3583
1.55813 0.123547 9.81032
1.68822 0.174399 11.752
1.54184 0.247812 10.4743
1.50853 0.0457176 5.57474
1.52785 0.05239 11.1562
1.68629 0.00306087 7.47052
1.46905 0.0536711 8.05229
1.61747 0.00172087 5.86824
1.5121 0.0749031 7.09935
1.57527 0.221191 9.16685
1.57215 0.00644817 9.94106
1.60507 0.122652 9.83102
1.63489 0.112519 8.75275
1.52626 0.138056 8.08209
1.70876 0.160894 6.60827
1.52648 0.211708 8.11637
1.48683 0.166172 8.68096
1.58019 0.0921931 8.00612
1.44161 0.0475637 5.00395
1.46929 0.2738 8.58803
1.56333 0.0892701 7.18593
1.56019 0.104172 6.3285
1.53776 0.0397263 6.83678
1.69209 0.209102 6.05723
1.53094 0.187608 10.6162
1.4294 0.115079 10.8996
1.45463 0.00570967 7.83896
1.66278 0.293614 8.21493
1.42619 0.285306 8.48262
1.57987 0.232725 10.9814
1.51068 0.176257 8.06564
