1.44663 0.128837 5.39748
1.45039 0.131037 9.59464
1.46768 0.294607 9.16286
1.49072 0.298997 9.26823
1.55097 0.243527 11.1296
1.42907 0.234047 7.48949
1.59549 0.251797 9.4624
1.56234 0.246797 8.17316
1.60131 0.0931274 8.34428
1.45708 0.127947 8.41102
1.49061 0.125657 8.87382
1.55212 0.159647 7.79199
1.66938 0.136587 8.21909
1.46354 0.0484174 5.08174
1.42924 0.128647 9.61411
1.42531 0.288967 10.861
1.62412 0.104687 8.44948
1.49522 0.232567 10.272
1.66855 0.264317 7.81307
1.43583 0.236167 7.05171
1.43895 0.0287874 6.81328
1.43891 0.0867974 10.665
1.62364 0.135137 6.77983
1.49869 0.238507 8.11072
1.54848 0.163887 10.1013
1.41717 0.0788474 7.71411
1.57601 0.287627 11.9095
1.44528 0.304567 8.00681
1.69751 0.273967 8.75297
1.66326 0.116497 6.87046
1.63412 0.212327 13.5857
1.52626 0.257417 8.37512
1.58741 0.276717 8.41631
1.57669 0.288167 4.76853
1.47548 0.253867 11.2578
1.63848 0.246957 7.55347
1.43354 0.102257 8.65953
