1.63668 0.292378 10.6276
1.60902 0.288128 8.27393
1.67916 0.0990281 6.88569
1.72345 0.161208 11.3003
1.6997 0.0981981 7.45146
1.69948 0.00981213 7.77314
1.42031 0.110018 9.11615
1.46997 0.226288 10.2168
1.45774 0.119708 10.8639
1.46441 0.0278911 7.48232
1.70987 0.0969481 7.56115
1.64475 0.0977281 11.5487
1.62339 0.0167051 10.0112
1.70568 0.257338 8.12176
1.48031 0.0745541 11.5151
1.65937 0.0206661 7.02263
1.72026 0.273248 7.26412
1.49481 0.244468 8.72935
1.63976 0.311708 9.54551
1.47108 0.198538 4.61542
1.51892 0.254698 8.56501
1.45143 0.0837611 6.38367
1.48114 0.311978 11.9436
1.54167 0.137008 7.30485
1.60264 0.120448 10.3313
1.45549 0.110438 7.73833
1.58265 0.113328 4.29354
1.6278 0.301298 9.20885
1.61379 0.252718 7.06486
1.65308 0.105478 8.76297
1.43466 0.126928 11.2829
1.64896 0.274928 9.78015
1.59924 0.104588 11.9343
1.69312 0.179508 14.0683
1.66934 0.250098 8.38935
1.4443 0.00233213 5.20782
1.44025 0.0947481 5.7832
1.67053 0.199118 10.2559
1.64169 0.149468 10.3905
1.49165 0.271808 9.84771
1.45638 0.0616301 9.64277
1.71837 0.0559961 10.0063
1.67472 0.266008 13.5875
1.51929 0.119738 9.98924
1.44716 0.144878 8.65419
1.4155 0.0394161 11.4544
1.42445 0.0805501 9.9652
1.46656 0.00814213 9.76255
1.56422 0.0776371 8.68961
1.6195 0.114078 10.1664
1.69277 0.221188 10.7224
1.71644 0.154618 9.97237
1.43409 0.00397013 8.90856
1.50721 0.155998 8.54178
1.52422 0.257778 6.89369
1.71567 0.183558 11.4391
1.559 0.0900281 11.2738
