1.69408 0.0739765 12.8797
1.49382 0.148087 10.8045
1.4254 0.115229 9.07927
1.72543 0.00398847 6.48518
1.54119 0.260277 14.7916
1.70736 0.125174 8.89244
1.60263 0.309255 5.39129
1.52456 0.139288 8.42116
1.65672 0.0300725 7.70733
1.70326 0.26683 7.50582
1.52395 0.306477 6.35353
1.66235 0.159674 8.54073
1.56941 0.0880715 9.03151
1.46315 0.271744 7.67415
1.56954 0.193601 3.88273
1.5298 0.294402 7.90999
1.60551 0.189172 8.74155
1.53434 0.125105 7.12507
1.47262 0.139479 10.939
1.52615 0.149709 8.16821
1.63484 0.307048 9.32969
1.71782 0.280313 8.5048
1.61386 0.278958 10.2721
1.65894 0.0156845 6.55399
1.61441 0.183582 12.1342
1.70496 0.253157 6.93929
1.42772 0.0989755 12.9904
1.72705 0.285075 5.20782
1.59242 0.279561 9.51711
1.4924 0.297361 8.12973
1.42407 0.118378 4.46063
1.56817 0.280146 9.91959
1.60949 0.311383 6.76673
1.52905 0.0978975 11.887
1.56362 0.0886025 10.5758
1.54834 0.0358805 7.4196
1.59811 0.0417915 9.31113
1.55802 0.0607685 9.21846
1.56249 0.174917 9.85442
1.52738 0.277764 11.4622
1.60954 0.234842 9.04497
1.6387 0.106287 7.19786
1.45138 0.0377875 8.8079
1.66469 0.106806 8.93975
1.45989 0.0403105 6.62887
1.55179 0.000105469 4.61245
1.71684 0.286713 8.90856
1.62672 0.240604 13.0714
1.50121 0.0557955 9.12892
1.47532 0.256021 8.27179
