1.4566 0.0553823 6.72821
1.45999 0.0283323 8.13381
1.42354 0.27157 11.4012
1.46806 0.0263263 12.6617
1.44677 0.126622 5.12914
1.55665 0.210919 10.8045
1.48823 0.178061 9.07927
1.43947 0.127718 8.96064
1.58739 0.20212 8.42116
1.44879 0.242839 7.80321
1.71955 0.0929043 7.70733
1.46708 0.0658343 11.3029
1.72518 0.222506 8.54073
1.63224 0.150903 9.03151
1.62954 0.0185213 7.5472
1.63237 0.256433 3.88273
1.66834 0.252004 8.74155
1.59717 0.187937 7.12507
1.67831 0.0481643 5.46705
1.41634 0.279111 7.98559
1.53545 0.202311 10.939
1.58898 0.212541 8.16821
1.55756 0.0222523 4.58945
1.72177 0.0785163 6.55399
1.67724 0.246414 12.1342
1.49055 0.161807 12.9904
1.67023 0.0384923 6.63536
1.4869 0.18121 4.46063
1.59188 0.160729 11.887
1.62645 0.151434 10.5758
1.42599 0.0682853 10.632
1.61117 0.0987123 7.4196
1.67497 0.0336273 6.56064
1.62869 0.0396783 7.41457
1.66094 0.104623 9.31113
1.62085 0.1236 9.21846
1.62532 0.237749 9.85442
1.43508 0.135199 10.5948
1.4184 0.124158 8.43866
1.67237 0.297674 9.04497
1.70153 0.169119 7.19786
1.51421 0.100619 8.8079
1.72752 0.169638 8.93975
1.44473 0.0167623 8.37157
1.4848 0.0145863 6.44
1.52272 0.103142 6.62887
1.61462 0.0629373 4.61245
1.46303 0.284345 7.63273
1.5579 0.0625463 8.44286
1.43065 0.219934 10.9107
1.68955 0.303436 13.0714
1.46644 0.247132 9.15262
1.56404 0.118627 9.12892
1.49626 0.0581223 10.4804
