1.681 0.191207 8.86336
1.4994 0.0151374 11.075
1.44466 0.168567 8.11962
1.6147 0.197497 6.45474
1.64822 0.255827 6.67297
1.45626 0.0237674 8.46174
1.68872 0.193837 10.9827
1.68423 0.168587 8.36234
1.6668 0.0125974 8.50325
1.47998 0.115747 7.67822
1.65422 0.301747 11.1136
1.65727 0.00465738 7.7992
1.62145 0.221177 8.54012
1.4912 0.159207 8.57121
1.5605 0.226927 7.34938
1.45056 0.0462274 8.76282
1.62914 0.0328274 7.97976
1.59324 0.303957 8.69899
1.59284 0.220607 8.10394
1.50425 0.0186374 7.82205
1.67658 0.227817 8.41412
1.59 0.252387 6.63023
1.47889 0.207027 8.18256
1.62376 0.104407 10.2075
1.5597 0.297637 7.50106
1.43557 0.0161174 12.0794
1.56212 0.151087 4.93063
1.48096 0.00692738 11.651
1.5517 0.163647 8.31911
1.48931 0.259237 6.86344
1.47345 0.0694274 10.5146
1.51853 0.121577 8.48311
1.49559 0.137087 6.33364
1.58919 0.160477 6.84883
1.55945 0.0755574 6.2947
1.4541 0.108317 6.72561
1.50207 0.184237 11.4433
1.55358 0.208077 9.53499
1.4546 0.143757 7.14089
1.44571 0.241037 5.6506
1.56289 0.0215274 9.53511
