1.64661 0.0957268 7.65045
1.70393 0.305782 4.94598
1.69841 0.267622 5.95516
1.44152 0.154231 6.45634
1.50208 0.104241 8.4172
1.55386 0.0706658 8.24877
1.62569 0.19586 7.53759
1.45078 0.0449488 8.95279
1.7259 0.250242 13.2607
1.52831 0.283312 5.4877
1.50897 0.244892 5.24442
1.54443 0.290522 8.50486
1.64824 0.149077 6.10543
1.4787 0.288372 6.33825
1.64345 0.0847628 3.29357
1.5764 0.261572 10.5272
1.54869 0.300432 11.0721
1.72724 0.222862 10.0676
1.70741 0.142242 9.4477
1.5527 0.0513518 5.69168
1.49685 0.179211 9.21608
1.48581 0.0616498 10.1453
1.6506 0.271082 6.86078
1.54492 0.0795878 9.89226
1.5813 0.00609184 8.88551
1.63159 0.0638248 10.2818
1.64982 0.167007 6.96829
1.4765 0.161896 6.3755
1.64229 0.103944 8.66423
1.49293 0.124902 9.20445
1.62129 0.0493488 7.79207
1.58605 0.164062 9.58703
1.68068 0.17355 4.74399
1.51261 0.294192 9.10352
1.43743 0.250662 10.7689
1.41913 0.0845308 14.3888
1.53117 0.271952 11.3282
1.68726 0.123486 8.98429
1.57526 0.0646478 7.62326
