1.42789 0.236166 9.26823
1.48814 0.180696 11.1296
1.53266 0.188966 9.4624
1.49951 0.183966 8.17316
1.53848 0.0302955 8.34428
1.42778 0.0628255 8.87382
1.48929 0.0968155 7.79199
1.4737 0.286116 9.13722
1.60655 0.0737555 8.21909
1.60163 0.291936 8.65573
1.56129 0.0418555 8.44948
1.43239 0.169736 10.272
1.60707 0.267036 5.06887
1.60572 0.201486 7.81307
1.56081 0.0723055 6.77983
1.43586 0.175676 8.11072
1.48565 0.101056 10.1013
1.51318 0.224796 11.9095
1.5185 0.257166 9.53329
1.63468 0.211136 8.75297
1.60043 0.0536655 6.87046
1.57129 0.149496 13.5857
1.46343 0.194586 8.37512
1.52458 0.213886 8.41631
1.51386 0.225336 4.76853
1.43429 0.276416 11.2238
1.57565 0.184126 7.55347
1.58377 0.255076 6.06862
