1.43117 0.229636 7.33602
1.50883 0.0354527 3.7005
1.54861 0.0111337 10.805
1.649 0.0253007 9.43611
1.71331 0.0535247 8.98611
1.51739 0.0454797 6.6897
1.70328 0.0490617 12.443
1.42772 0.126998 6.03781
1.62818 0.28221 7.37958
1.55984 0.249522 9.07308
1.43987 0.0404717 7.96221
1.46192 0.157358 6.69026
1.61469 0.0524117 6.39708
1.72204 0.12339 7.99525
1.47333 0.152055 8.8942
1.45921 0.137464 8.34187
1.68038 0.194524 8.16017
1.50639 0.263347 9.93685
1.61371 0.239595 7.97329
1.5142 0.0572097 10.4416
1.47891 0.0271377 5.01792
1.53108 0.286412 5.52521
1.63258 0.123822 10.6514
1.57806 0.207528 7.33414
1.4588 0.120944 9.09785
1.60125 0.0599757 7.06655
1.65666 0.172354 10.2289
1.58291 0.0358297 6.95009
1.6354 0.149943 10.7062
1.44702 0.235019 6.87443
1.63556 0.245021 8.76655
1.5135 0.260019 7.60424
1.6304 0.236357 11.2267
1.72747 0.299506 8.37157
1.68452 0.120486 4.94002
1.46127 0.150151 12.9843
1.62589 0.228626 10.3192
1.64404 0.142009 8.26844
