1.64218 0.0308125 8.32523
1.42238 0.197023 8.53369
1.65641 0.0463725 6.17288
1.63214 0.131803 7.29909
1.68262 0.189823 9.38695
1.50441 0.229203 8.78617
1.50714 0.179223 5.49263
1.70715 0.277163 7.56177
1.48702 0.237673 7.45044
1.60863 0.0425225 11.3869
1.50648 0.310633 5.95061
1.47016 0.247683 8.928
1.53556 0.0598125 9.15523
1.6926 0.252143 9.12681
1.5791 0.0135125 6.93813
1.63451 0.133573 6.11028
1.44109 0.0518425 10.0012
1.61308 0.181593 10.8478
1.41606 0.250013 10.1281
1.44707 0.234263 9.44327
1.45044 0.0913125 11.2818
1.55555 0.202793 6.804
1.45253 0.145433 8.67487
1.5138 0.0735025 8.25271
1.65097 0.187213 10.4975
1.67181 0.250393 9.49168
1.69321 0.0507725 7.8448
1.45206 0.00919252 10.0983
1.57743 0.00185252 7.08783
1.68998 0.0836625 9.56424
1.55579 0.281883 7.92421
1.41765 0.211483 7.18073
1.63525 0.0929625 8.08222
1.42234 0.307893 9.59336
1.5768 0.302383 5.16165
1.42943 0.303063 10.0104
1.43373 0.253023 9.72874
1.67233 0.134393 9.28729
1.51016 0.256963 11.2742
1.44466 0.246833 10.6556
1.70535 0.0237025 6.83741
