1.48612 0.176284 11.3384
1.44816 0.0889151 8.65246
1.60944 0.00986406 8.70569
1.67292 0.254734 10.2176
1.5456 0.197894 8.79058
1.54824 0.189474 11.8997
1.65683 0.176354 6.80387
1.56112 0.129404 7.48766
1.64162 0.0296201 4.11679
1.62235 0.161364 8.10201
1.6953 0.0357231 9.39887
1.51781 0.106406 8.68644
1.55554 0.0764861 7.29319
1.70378 0.193404 11.4152
1.54881 0.0943941 5.1774
1.49825 0.219964 9.44067
1.52857 0.243604 5.7068
1.59762 0.0944371 8.21138
1.58547 0.259844 9.69334
1.44767 0.295194 11.184
1.60761 0.122684 8.41577
1.45245 0.234284 7.57173
1.45857 0.206844 11.3707
1.4817 0.0370961 9.85041
1.53613 0.265164 7.69765
1.55015 0.146244 6.67458
1.41869 0.113109 9.29234
1.65733 0.0482611 6.4485
1.55947 0.239464 9.34266
1.68266 0.298764 5.89976
1.48165 0.287244 8.12909
1.46612 0.105524 5.7734
1.68816 0.104286 5.84904
1.52357 0.139444 12.6941
1.53042 0.144734 6.12973
1.42758 0.178904 9.74875
1.56787 0.0674421 9.27426
1.62969 0.231714 9.24395
1.53819 0.185134 7.79833
1.60402 0.0543211 5.76204
1.53233 0.149454 5.40924
1.59287 0.0228401 7.6766
1.4306 0.199134 6.72435
1.58784 0.162534 10.1798
