1.52949 0.236273 6.072
1.42238 0.0399429 8.53369
1.44805 0.223603 3.67236
1.58253 0.253773 12.1639
1.65145 0.286903 9.38835
1.63229 0.169183 10.0809
1.69387 0.229723 10.1286
1.68262 0.0327429 9.38695
1.50441 0.0721229 8.78617
1.71195 0.211103 6.68752
1.50714 0.0221429 5.49263
1.70715 0.120083 7.56177
1.50285 0.270673 7.4106
1.48702 0.0805929 7.45044
1.63664 0.295253 11.8505
1.50648 0.153553 5.95061
1.47016 0.0906029 8.928
1.6926 0.0950629 9.12681
1.69966 0.229063 10.2238
1.63161 0.308433 10.4394
1.61308 0.0245129 10.8478
1.67164 0.307603 10.712
1.41606 0.0929329 10.1281
1.44707 0.0771829 9.44327
1.6785 0.208093 9.24032
1.55555 0.0457129 6.804
1.65097 0.0301329 10.4975
1.67181 0.0933129 9.49168
1.67251 0.250723 9.47274
1.64707 0.306843 12.3515
1.55579 0.124803 7.92421
1.72031 0.173903 9.43212
1.41765 0.0544029 7.18073
1.47831 0.304253 8.29231
1.42234 0.150813 9.59336
1.5768 0.145303 5.16165
1.42943 0.145983 10.0104
1.63927 0.182583 7.04525
1.43373 0.0959429 9.72874
1.51016 0.0998829 11.2742
1.6128 0.186333 11.2829
1.44466 0.0897529 10.6556
