1.72279 0.27905 8.13136
1.5959 0.24926 8.69853
1.45777 0.0493799 9.83595
1.66744 0.30785 7.42089
1.66694 0.25378 7.92899
1.6385 0.18039 9.39184
1.58972 0.11907 6.00485
1.58366 0.0352299 8.80242
1.6621 0.18426 9.35374
1.53953 0.0420399 7.40473
1.56946 0.0114199 6.64655
1.55851 0.2435 10.1846
1.54911 0.1372 10.6279
1.67093 0.22967 11.9338
1.57453 0.0986099 5.92509
1.54589 0.22657 11.9504
1.62275 0.0954999 9.6978
1.48206 0.10552 6.98397
1.5914 0.18523 12.7744
1.60814 0.0934099 9.42632
1.64311 0.0809199 7.91843
1.5637 0.11883 9.52918
1.71962 0.30222 9.14889
1.63971 0.25163 8.95233
1.57008 0.15424 4.57745
1.65118 0.0216599 10.4128
1.54615 0.10334 7.50102
1.61102 0.15709 9.03485
1.5055 0.20734 9.22838
1.54351 0.16982 6.2887
1.54082 0.12905 10.3397
1.72081 0.26939 7.56544
1.58178 0.18196 9.15752
1.52931 0.27016 8.99324
1.69407 0.25801 9.73365
1.6687 0.30815 8.25033
1.50756 0.0779699 11.6866
1.68159 0.24057 5.02904
1.69851 0.15062 7.92413
1.64726 0.13467 8.68781
1.60954 0.19586 8.16371
1.51276 0.22654 8.43044
1.517 0.12295 9.07249
1.47849 0.0212499 8.42762
1.50513 0.16724 9.93495
1.52908 0.23948 8.03211
1.42058 0.0570599 6.43828
1.60398 0.26256 6.16866
1.42789 0.0136099 5.13396
