1.44187 0.0700777 12.4219
1.54152 0.0193777 10.688
1.55018 0.000737664 12.6755
1.49479 0.154958 9.48466
1.61409 0.112858 9.29722
1.51147 0.213438 12.9834
1.45 0.204298 7.66076
1.68309 0.307808 7.78813
1.48795 0.208008 7.41922
1.63697 0.206318 7.10169
1.42888 0.310588 6.77883
1.53491 0.0612677 9.24279
1.43702 0.291958 5.60769
1.65791 0.289328 7.47602
1.44959 0.179828 8.51646
1.45071 0.0515877 6.7317
1.52762 0.127298 9.29786
1.67206 0.286728 10.8662
1.57335 0.307508 9.47463
1.49586 0.0471677 5.15501
1.69971 0.268258 5.97007
1.53591 0.197618 6.12774
1.61573 0.0454077 8.64374
1.72119 0.304058 4.42622
1.63561 0.0393677 8.86872
1.55491 0.231208 8.52589
1.68314 0.0702177 6.99146
1.69372 0.189548 5.76889
1.62192 0.144238 10.942
1.58961 0.173818 8.514
1.61129 0.266088 12.039
1.5689 0.208548 10.7157
1.59606 0.224598 5.9801
1.53964 0.277558 6.78974
1.65951 0.120048 5.50392
1.47848 0.0686077 5.42188
1.54348 0.0644377 10.5463
1.43907 0.154228 8.42748
1.71856 0.0404677 9.6422
1.56272 0.0405277 7.07483
1.59541 0.180398 10.1348
1.65021 0.312968 7.58876
1.68392 0.263718 8.29944
