1.5841 0.306224 8.75655
1.6432 0.0192044 11.3384
1.56511 0.255484 5.88172
1.48568 0.158094 7.88427
1.59411 0.234204 9.00863
1.70268 0.0408144 8.79058
1.70024 0.243234 8.69178
1.70532 0.0323944 11.8997
1.41685 0.00374442 6.12021
1.66968 0.190814 14.064
1.64166 0.206574 8.73961
1.69542 0.177104 7.539
1.46863 0.276614 9.37351
1.43708 0.264904 6.07339
1.44779 0.279814 8.19728
1.42937 0.0245744 12.2388
1.64937 0.190524 8.14982
1.7261 0.297634 13.9321
1.65533 0.0628844 9.44067
1.68564 0.0865244 5.7068
1.51101 0.170564 7.7454
1.60475 0.138114 11.184
1.60953 0.0772044 7.57173
1.5256 0.0743044 9.55611
1.61565 0.0497644 11.3707
1.69321 0.108084 7.69765
1.46994 0.247474 10.564
1.43648 0.0861344 10.1791
1.49722 0.0940944 11.8776
1.71655 0.0823844 9.34266
1.48596 0.272284 15.2468
1.63873 0.130164 8.12909
1.55877 0.182464 9.34041
1.4438 0.158884 5.85698
1.61987 0.170444 5.90138
1.50124 0.239684 8.71413
1.61352 0.167424 6.31907
1.56025 0.153884 8.68499
1.41536 0.127994 9.70204
1.58466 0.0218244 9.74875
1.64282 0.188874 9.43016
1.45504 0.283634 9.55479
1.41425 0.137334 6.51987
1.69527 0.0280544 7.79833
1.4983 0.119904 9.1806
1.5468 0.156214 10.3987
1.58768 0.0420544 6.72435
