1.58395 0.12647 8.65534
1.72016 0.0242303 9.41056
1.48944 0.0646703 9.42007
1.50676 0.0716003 6.76829
1.61266 0.2103 11.6705
1.69929 0.0256803 5.00211
1.58887 0.30142 3.48062
1.47083 0.11244 13.1218
1.72019 0.17673 7.74958
1.578 0.30457 6.90771
1.45448 0.24304 10.0068
1.62657 0.28353 11.4468
1.72742 0.0980203 7.22068
1.53766 0.16044 8.66779
1.64352 0.27979 10.9006
1.54111 0.12982 10.9022
1.6825 0.21985 6.92545
1.71548 0.23024 9.19646
1.43631 0.0675003 9.17323
1.69021 0.16617 7.81393
1.42475 0.14853 6.16349
1.44391 0.11884 13.0108
1.61453 0.0850603 7.61563
1.52433 0.22691 7.02184
1.50867 0.00421033 8.66409
1.53065 0.0888503 8.76819
1.44071 0.25152 11.5915
1.69429 0.0502603 8.58905
1.70764 0.0672203 8.88754
1.59063 0.0196903 8.89363
1.53106 0.23087 10.0686
1.72691 0.0201303 10.4954
1.60738 0.24141 10.8719
1.63019 0.12322 11.2513
1.67596 0.00487033 9.65528
1.45705 0.31387 6.12076
1.62606 0.23372 9.43641
1.60071 0.11162 4.94077
1.46951 0.27115 12.1171
1.70875 0.00545033 4.37663
1.63688 0.28893 4.47652
1.47258 0.0789703 7.72384
1.49614 0.10404 6.76555
1.72767 0.00211033 7.47677
1.60686 0.00286033 4.65627
1.51409 0.13837 8.69934
1.59381 0.0994803 9.35339
1.59967 0.30984 6.81583
1.72778 0.23821 8.52558
1.43553 0.2671 13.082
1.42525 0.21867 10.0869
1.63811 0.13483 10.3374
1.67279 0.0299903 10.2272
1.44876 0.25534 5.86792
1.58246 0.2219 5.75044
1.45371 0.23588 7.12291
1.53675 0.0360903 10.2493
1.66687 0.11784 7.69558
