1.71906 0.0226675 11.2865
1.66266 0.0425605 12.8797
1.4624 0.116672 10.8045
1.69891 0.111672 8.54508
1.50977 0.228862 14.7916
1.47777 0.306525 9.52187
1.67594 0.0937585 8.89244
1.5491 0.295277 6.92687
1.57121 0.27784 5.39129
1.49314 0.107873 8.42116
1.67184 0.235415 7.50582
1.71574 0.279219 7.48232
1.70276 0.144591 11.8908
1.49253 0.275062 6.35353
1.63093 0.128259 8.54073
1.53799 0.0566555 9.03151
1.55779 0.310397 11.1181
1.43173 0.240329 7.67415
1.53812 0.162186 3.88273
1.62627 0.301018 7.21444
1.42456 0.293789 11.5215
1.49838 0.262987 7.90999
1.57409 0.157757 8.74155
1.50292 0.0936895 7.12507
1.62184 0.285105 13.428
1.4412 0.108064 10.939
1.49473 0.118294 8.16821
1.60342 0.275633 9.32969
1.6864 0.248898 8.5048
1.58244 0.247543 10.2721
1.70124 0.0863565 7.50521
1.58299 0.152167 12.1342
1.67354 0.221742 6.93929
1.69563 0.25366 5.20782
1.58251 0.291437 6.49248
1.561 0.248146 9.51711
1.46098 0.265946 8.12973
1.53675 0.248731 9.91959
1.57807 0.279968 6.76673
1.49763 0.0664815 11.887
1.5322 0.0571865 10.5758
1.6527 0.308098 9.08775
1.70771 0.312958 9.64277
1.70952 0.127782 9.34593
1.51692 0.00446454 7.4196
1.56669 0.0103755 9.31113
1.5266 0.0293525 9.21846
1.53107 0.143502 9.85442
1.66683 0.290744 11.4544
1.71789 0.25947 9.76255
1.49596 0.246349 11.4622
1.57812 0.203427 9.04497
1.60728 0.0748715 7.19786
1.41996 0.00637154 8.8079
1.63327 0.0753905 8.93975
1.42847 0.00889454 6.62887
1.59348 0.307146 12.6311
1.718 0.0691945 10.5467
1.68542 0.255298 8.90856
1.5953 0.209189 13.0714
1.70695 0.0412055 7.60031
1.46979 0.0243795 9.12892
1.4439 0.224606 8.27179
