1.64789 0.00171817 4.22399
1.68175 0.156752 9.19372
1.47902 0.000201873 11.0708
1.68111 0.00996337 9.33453
1.49156 0.0992731 10.2318
1.69917 0.274031 7.71659
1.66613 0.201851 3.79845
1.51184 0.313696 10.8876
1.46664 0.198076 9.69424
1.54161 0.000192473 8.32577
1.43665 0.0640894 9.29282
1.46551 0.0965651 5.60241
1.41718 0.288115 10.2661
1.47831 0.127034 11.2749
1.46322 0.00576277 7.98499
1.59353 0.0332025 7.81265
1.60038 0.129866 7.44033
1.59998 0.0860951 5.75946
1.61912 0.26967 10.7723
1.44165 0.300064 5.64266
1.67089 0.149409 7.89286
1.46782 0.167834 7.26106
1.56607 0.263303 8.68587
1.65364 0.314048 12.9266
1.57767 0.150789 9.2456
1.58216 0.163432 8.49745
1.62545 0.0520773 6.82425
1.57144 0.30855 10.326
1.60786 0.119672 7.23907
1.59307 0.114276 8.03911
1.54305 0.04618 7.44114
1.5458 0.186764 5.89796
1.68171 0.265211 6.20237
1.4273 0.207721 8.9822
1.48942 0.042707 9.02669
1.56826 0.137532 8.2231
1.52669 0.165528 11.6618
1.51446 0.119099 9.67071
1.69249 0.00265597 7.2382
1.5883 0.21644 11.8
1.61742 0.249806 11.1278
1.60562 0.190289 7.41157
1.7118 0.0359004 5.18237
1.48846 0.262049 7.4756
1.45029 0.209749 5.63124
1.49921 0.0952471 10.2391
1.55866 0.273735 7.14641
1.62894 0.234968 9.26694
1.45443 0.210186 8.44872
1.72033 0.0613545 9.907
1.57547 0.0876341 8.61485
1.51271 0.216127 8.27921
1.63069 0.137764 10.7433
1.49872 0.116145 4.31865
