1.53434 0.157357 9.63738
1.57505 0.0349374 6.94326
1.63554 0.0247274 11.0401
1.67611 0.0450074 4.49156
1.59826 0.135197 8.54072
1.70277 0.212147 8.06706
1.52197 0.221447 7.2678
1.6146 0.0199374 8.95432
1.59719 0.0590874 8.84099
1.63426 0.0740974 9.87516
1.71092 0.302087 12.188
1.50251 0.207747 9.35944
1.50992 0.261507 7.19595
1.49285 0.102367 6.22949
1.57799 0.121607 9.93177
1.6 0.220667 7.17738
1.71201 0.209387 6.56557
1.5001 0.245657 7.06889
1.47226 0.285347 11.918
1.4414 0.263087 7.90894
1.56719 0.199787 7.50217
1.69162 0.119907 9.80995
1.51785 0.0102074 9.3703
1.68207 0.245357 7.78481
1.479 0.212447 7.77575
1.6706 0.120387 11.5795
1.58268 0.0146374 8.4829
1.46002 0.0158874 5.41209
1.58186 0.129007 10.5716
1.45949 0.128947 8.65282
1.70607 0.0642874 13.6137
1.43411 0.164887 7.11667
1.69332 0.271407 9.5887
