1.71721 0.132156 9.94587
1.70943 0.120546 9.33945
1.55994 0.168476 6.72396
1.52023 0.0225262 11.3908
1.4448 0.0472762 6.09766
1.50983 0.150636 5.27823
1.62317 0.0492662 11.9717
1.70998 0.162246 8.79387
1.45493 0.123156 10.4894
1.47704 0.0489062 6.23661
1.62397 0.151436 9.6762
1.41936 0.167636 4.13474
1.46366 0.179396 5.22365
1.59315 0.133126 7.13137
1.53166 0.297036 7.90378
1.46476 0.299056 6.55721
1.5063 0.0204662 10.7885
1.66376 0.288076 8.87594
1.51053 0.101466 6.50672
1.60699 0.234106 12.1184
1.62122 0.296936 10.3808
1.51665 0.171306 8.24764
1.68392 0.166776 7.68883
1.57108 0.0839962 10.8872
1.66042 0.0154462 8.0249
1.57608 0.160136 10.6653
1.5657 0.195226 9.61102
1.51799 0.0886162 9.43673
1.61634 0.255056 12.5263
1.4223 0.227136 8.51738
1.67321 0.0787362 7.30637
1.53139 0.105776 10.1236
1.55613 0.0555462 6.39138
1.70853 0.112156 9.86965
1.64062 0.00536624 5.39801
1.47465 0.0847562 9.75561
1.65367 0.308846 8.50454
1.59007 0.125116 4.56581
1.50845 0.249326 11.9712
1.45746 0.308276 11.3689
1.60319 0.293576 7.98716
1.61106 0.00928624 9.87982
1.51147 0.312356 8.57637
1.52945 0.252806 9.17104
1.67765 0.271696 9.92666
1.63672 0.185736 10.0105
1.49821 0.0518362 11.2805
1.56161 0.197386 8.72012
1.57729 0.0107362 8.56187
