1.60466 0.0174238 8.54508
1.41552 0.134614 14.7916
1.45754 0.287518 6.78229
1.45485 0.201029 6.92687
1.53359 0.240989 9.31254
1.57739 0.267098 9.11615
1.47696 0.183592 5.39129
1.42206 0.292588 7.73697
1.48185 0.311228 8.26653
1.61482 0.276788 10.8639
1.57759 0.141167 7.50582
1.62149 0.184971 7.48232
1.43922 0.255328 10.9942
1.60851 0.0503428 11.8908
1.53668 0.0340108 8.54073
1.63739 0.231634 11.5151
1.46354 0.216149 11.1181
1.44387 0.0679378 3.88273
1.53202 0.20677 7.21444
1.47984 0.0635088 8.74155
1.52759 0.190857 13.428
1.60851 0.240841 6.38367
1.65099 0.0571498 8.43476
1.69875 0.294088 7.30485
1.50917 0.181385 9.32969
1.59215 0.15465 8.5048
1.61257 0.267518 7.73833
1.48819 0.153295 10.2721
1.59174 0.284008 11.2829
1.46013 0.274738 8.31813
1.48874 0.0579188 12.1342
1.57929 0.127494 6.93929
1.60138 0.159412 5.20782
1.48826 0.197189 6.49248
1.59733 0.251828 5.7832
1.46675 0.153898 9.51711
1.66798 0.0622658 9.55532
1.4425 0.154483 9.91959
1.48382 0.18572 6.76673
1.55845 0.21385 9.08775
1.55675 0.236832 7.74042
1.61346 0.21871 9.64277
1.61527 0.0335338 9.34593
1.67637 0.276818 9.98924
1.60424 0.301958 8.65419
1.43682 0.0492538 9.85442
1.57258 0.196496 11.4544
1.58153 0.23763 9.9652
1.62364 0.165222 9.76255
1.48387 0.109179 9.04497
1.7213 0.234717 8.68961
1.49923 0.212898 12.6311
1.59117 0.16105 8.90856
1.66429 0.313078 8.54178
1.50105 0.114941 13.0714
1.52343 0.231501 9.00553
1.71608 0.247108 11.2738
