1.64365 0.201118 7.18776
1.49313 0.000567664 9.37164
1.71404 0.0655577 9.70339
1.63709 0.0412877 9.44493
1.48985 0.205948 6.57907
1.52344 0.282138 5.39164
1.43573 0.104338 5.41518
1.65218 0.200198 9.33824
1.70721 0.0678177 7.33901
1.6093 0.00728766 7.76683
1.60936 0.108408 9.65105
1.69398 0.277148 8.04004
1.6636 0.0240877 7.36461
1.46964 0.211688 10.8164
1.59249 0.130678 7.87974
1.46012 0.262508 10.0605
1.48132 0.158228 9.38908
1.58353 0.235228 8.8288
1.59931 0.124328 7.88671
1.59249 0.278478 9.83798
1.4541 0.283838 11.9089
1.60666 0.231588 4.65153
1.54492 0.0544377 11.2008
1.56008 0.249068 10.6401
1.49735 0.0289077 10.3085
1.4268 0.220668 7.48278
1.59827 0.124358 8.5693
1.72 0.0136977 6.78061
1.60213 0.131158 5.27358
1.63531 0.246058 11.3125
1.72652 0.0629677 9.18662
1.57886 0.0352177 10.926
1.47317 0.194338 9.88451
1.65069 0.00736766 6.57205
1.65499 0.0890377 8.01684
1.52067 0.303658 9.50062
1.71585 0.216298 10.1045
1.70958 0.232328 10.4344
1.4544 0.158028 10.8479
1.66064 0.0862277 11.0462
1.59362 0.285588 1.79944
1.66493 0.139988 4.13992
1.67068 0.163298 7.31184
1.49846 0.165798 9.96904
1.64491 0.266178 6.68269
1.45691 0.138508 6.67278
1.46863 0.288848 7.73531
1.4166 0.276518 10.2291
1.46823 0.0571877 9.37908
1.56995 0.129108 10.9693
1.64802 0.309198 10.4545
1.56737 0.293928 9.17467
1.61347 0.174418 12.2061
1.62247 0.0828577 9.28645
1.61131 0.0298077 12.0975
1.47107 0.0606177 9.39051
1.44929 0.0517177 3.84092
1.47571 0.307618 7.30187
1.62887 0.136358 10.4939
