1.49358 0.271974 10.7733
1.42967 0.247284 5.07883
1.6809 0.289014 12.0066
1.71607 0.107864 8.83325
1.5314 0.236744 10.6178
1.69419 0.0836936 8.89121
1.55568 0.0557136 8.84955
1.41616 0.0566736 8.99768
1.44704 0.229014 8.52314
1.7088 0.199314 9.69485
1.70644 0.0169936 7.77119
1.67029 0.00442359 10.0365
1.51899 0.205664 8.31586
1.58793 0.306714 12.4795
1.51659 0.163524 9.18841
1.57181 0.282774 5.18482
1.51643 0.0143036 8.71361
1.46354 0.0134236 9.95852
1.48341 0.266584 6.45945
1.45595 0.252754 6.09788
1.63924 0.180354 5.96389
1.57118 0.179944 8.74369
1.53512 0.210314 7.56017
1.4694 0.267824 7.94383
1.64596 0.0179036 12.1226
1.63103 0.209154 6.75887
1.51553 0.193714 7.33992
1.70478 0.248134 7.31005
1.69234 0.0357836 7.14489
1.53596 0.0347536 10.0546
1.54559 0.260834 10.9732
1.59966 0.239344 6.47619
1.45894 0.295954 9.56697
1.61847 0.0868236 10.3964
1.54056 0.208424 7.06787
1.63692 0.286064 6.80617
1.55707 0.0239236 6.21412
1.66458 0.0172636 8.20655
1.4575 0.217404 10.8834
1.57983 0.205904 10.585
1.59871 0.113624 8.07966
1.67949 0.269044 10.3606
1.62926 0.102774 9.47981
1.48802 0.171374 5.35132
1.48748 0.247674 7.56053
1.60322 0.173814 10.447
1.63333 0.247324 10.9803
1.61587 0.157944 12.9123
1.51671 0.140234 6.16579
1.52873 0.0768736 9.53313
1.65326 0.0748936 11.0542
1.72433 0.235984 9.38025
1.62866 0.279124 6.27231
1.7104 0.0812736 7.52942
1.70639 0.295144 8.61403
