1.68386 0.0957462 5.14149
1.69138 0.161836 12.3511
1.68075 0.104556 11.604
1.6728 0.0606962 6.00931
1.45242 0.283616 13.122
1.66621 0.155266 6.75094
1.64684 0.270476 4.99645
1.6754 0.117716 5.45867
1.64639 0.310436 5.70654
1.44304 0.199326 11.8552
1.62611 0.306516 7.31175
1.6228 0.133366 5.20913
1.72198 0.166846 4.80601
1.44521 0.273896 9.24865
1.43447 0.210956 6.17343
1.62891 0.0500962 8.44718
1.66999 0.141516 5.85693
1.61896 0.00696621 9.67381
1.57814 0.161076 6.7747
1.61039 0.0270662 9.48369
1.54995 0.231686 11.5088
1.45212 0.0848262 6.9569
1.66318 0.0492262 3.90545
1.71172 0.0329262 8.01974
1.51912 0.0779762 6.7303
1.69535 0.0169762 6.129
1.4265 0.229986 7.74695
1.53927 0.0341862 8.2946
1.53892 0.0990262 6.46491
1.49192 0.00195621 7.96262
1.46629 0.0898862 10.949
1.43622 0.124866 7.43924
1.54195 0.284336 9.93424
1.63286 0.0978862 7.41112
1.71023 0.0657262 8.15878
1.70681 0.111556 7.04513
1.49912 0.00969621 7.20086
1.5564 0.209906 9.94363
1.43347 0.166546 9.76872
1.47937 0.0874462 7.91381
1.45058 0.312296 6.81781
1.68836 0.103776 9.06027
1.54746 0.171186 7.83311
1.48593 0.00324621 8.98093
1.60105 0.198586 9.99456
1.49849 0.233716 10.1783
1.49366 0.184466 7.74848
1.54568 0.169936 12.7673
1.44734 0.134906 7.40197
1.61022 0.00540621 7.24238
1.54051 0.173736 10.22
1.66768 0.264936 9.04325
