1.681 0.00271182 8.86336
1.56656 0.131022 7.43445
1.51888 0.155872 11.5862
1.72016 0.244142 9.41056
1.48944 0.284582 9.42007
1.63279 0.127702 7.61842
1.50676 0.291512 6.76829
1.69929 0.245592 5.00211
1.6147 0.00900182 6.45474
1.64822 0.0673318 6.67297
1.68872 0.00534182 10.9827
1.69262 0.155382 9.23357
1.43631 0.287412 9.17323
1.60163 0.153612 4.45578
1.65422 0.113252 11.1136
1.42972 0.170632 9.89287
1.62145 0.0326818 8.54012
1.5605 0.0384318 7.34938
1.61453 0.304972 7.61563
1.59324 0.115462 8.69899
1.50867 0.224122 8.66409
1.59284 0.0321118 8.10394
1.53065 0.308762 8.76819
1.69429 0.270172 8.58905
1.70764 0.287132 8.88754
1.67658 0.0393218 8.41412
1.59 0.0638918 6.63023
1.59063 0.239602 8.89363
1.63469 0.132052 9.72785
1.47889 0.0185318 8.18256
1.59351 0.148912 9.07061
1.63723 0.162042 6.70539
1.72691 0.240042 10.4954
1.67596 0.224782 9.65528
1.5597 0.109142 7.50106
1.64326 0.194792 9.18483
1.4397 0.185942 8.07528
1.70875 0.225362 4.37663
1.47837 0.133082 7.98363
1.5606 0.213922 10.5751
1.47258 0.298882 7.72384
1.48931 0.0707418 6.86344
1.4696 0.151662 11.3137
1.72767 0.222022 7.47677
1.60686 0.222772 4.65627
1.67295 0.188602 11.0473
1.67279 0.249902 10.2272
1.55358 0.0195818 9.53499
1.44571 0.0525418 5.6506
1.53675 0.256002 10.2493
