1.681 0.0969596 8.86336
1.56656 0.22527 7.43445
1.51888 0.25012 11.5862
1.44466 0.0743196 8.11962
1.63279 0.22195 7.61842
1.6147 0.10325 6.45474
1.64822 0.16158 6.67297
1.68872 0.0995896 10.9827
1.69262 0.24963 9.23357
1.60163 0.24786 4.45578
1.68423 0.0743396 8.36234
1.47998 0.0214996 7.67822
1.65422 0.2075 11.1136
1.42972 0.26488 9.89287
1.62145 0.12693 8.54012
1.4912 0.0649596 8.57121
1.5605 0.13268 7.34938
1.59324 0.20971 8.69899
1.59284 0.12636 8.10394
1.67658 0.13357 8.41412
1.59 0.15814 6.63023
1.63469 0.2263 9.72785
1.47889 0.11278 8.18256
1.62376 0.0101596 10.2075
1.59351 0.24316 9.07061
1.63723 0.25629 6.70539
1.5597 0.20339 7.50106
1.64326 0.28904 9.18483
1.56212 0.0568396 4.93063
1.4397 0.28019 8.07528
1.5517 0.0693996 8.31911
1.47837 0.22733 7.98363
1.5606 0.30817 10.5751
1.48931 0.16499 6.86344
1.4696 0.24591 11.3137
1.51853 0.0273296 8.48311
1.49559 0.0428396 6.33364
1.58919 0.0662296 6.84883
1.67295 0.28285 11.0473
1.4541 0.0140696 6.72561
1.50207 0.0899896 11.4433
1.55358 0.11383 9.53499
1.4546 0.0495096 7.14089
1.44571 0.14679 5.6506
