1.4768 0.271453 6.46996
1.4227 0.247722 8.83928
1.45991 0.233364 8.93407
1.67026 0.190053 10.8337
1.67588 0.189275 10.2436
1.63889 0.233043 9.19408
1.44727 0.308869 8.48544
1.55442 0.036788 6.67889
1.64644 0.271804 10.2645
1.52022 0.250742 10.0032
1.61335 0.296396 9.66968
1.46077 0.0965491 8.42148
1.58691 0.0162154 5.7925
1.58377 0.23826 8.54955
1.4163 0.287522 8.28586
1.71042 0.145569 8.4097
1.54275 0.179735 7.64434
1.58427 0.260808 12.4866
1.66802 0.228598 7.50517
1.6341 0.302648 9.10021
1.44002 0.113797 5.41982
1.47839 0.0888751 9.13922
1.43178 0.217713 7.0509
1.60361 0.181929 7.9522
1.69983 0.113193 6.2747
1.51019 0.0531337 9.46124
1.53122 0.131895 7.97243
1.54739 0.243612 6.57374
1.4454 0.0581341 10.4431
1.54941 0.156021 9.09919
1.70367 0.0573211 7.33434
1.58512 0.108368 7.74467
1.43753 0.0480012 4.47965
1.54577 0.203173 8.646
1.42657 0.171606 10.0271
1.70746 0.157053 9.26669
1.45543 0.130755 7.18347
1.46736 0.160576 8.19066
1.62151 0.0134638 10.2662
1.46975 0.0232328 9.92685
1.58237 0.0765541 9.29415
1.69091 0.269083 5.50732
1.55946 0.0817201 8.95477
1.65991 0.237315 9.16591
