1.43696 0.0966411 7.85156
1.54096 0.0475102 11.7069
1.60369 0.121829 5.43861
1.44188 0.0505725 6.03901
1.55717 0.160885 8.82864
1.49138 0.202373 7.27351
1.50546 0.260571 7.37362
1.71874 0.188092 7.16003
1.62442 0.172816 7.66617
1.68703 0.110652 7.31303
1.49796 0.173771 5.89162
1.54239 0.0850641 11.5511
1.6199 0.304487 9.44996
1.44781 0.13308 8.33122
1.47802 0.151812 7.82167
1.63101 0.0723661 8.10894
1.70002 0.260456 9.02765
1.60368 0.195454 8.66641
1.71645 0.0154772 10.4639
1.4478 0.243313 6.48815
1.53723 0.152495 10.5804
1.59285 0.0560573 5.34029
1.51886 0.193831 10.4999
1.43434 0.0693571 5.37418
1.68943 0.270854 7.30778
1.43283 0.179255 6.27046
1.49667 0.135721 6.70345
1.59236 0.00267587 7.59604
1.61785 0.274776 6.01725
1.46056 0.167959 8.99013
1.62176 0.11188 8.79579
1.67712 0.101011 10.0401
1.56928 0.130415 7.94392
1.70359 0.0597981 8.47506
1.61369 0.27533 5.07974
1.51758 0.0348577 9.38335
1.58257 0.277611 7.84712
1.43324 0.249626 6.98219
1.52481 0.00410197 7.17876
1.70928 0.0684134 8.28243
1.66903 0.0151195 8.4515
1.72548 0.183941 8.70711
1.69283 0.0843841 9.73077
1.43415 0.162076 4.82697
