1.681 0.285455 8.86336
1.52599 0.0469052 6.99286
1.4994 0.109385 11.075
1.48605 0.0889452 9.59488
1.44466 0.262815 8.11962
1.6147 0.291745 6.45474
1.45626 0.118015 8.46174
1.68872 0.288085 10.9827
1.66525 0.0424952 8.99769
1.68423 0.262835 8.36234
1.6668 0.106845 8.50325
1.47998 0.209995 7.67822
1.65727 0.0989052 7.7992
1.4912 0.253455 8.57121
1.41464 0.0235452 11.4756
1.45056 0.140475 8.76282
1.62914 0.127075 7.97976
1.50425 0.112885 7.82205
1.47889 0.301275 8.18256
1.44305 0.0215052 10.5884
1.70488 0.0275752 9.94797
1.62507 0.0630752 6.99458
1.62376 0.198655 10.2075
1.68838 0.0785252 8.75736
1.43557 0.110365 12.0794
1.56212 0.245335 4.93063
1.48096 0.101175 11.651
1.5517 0.257895 8.31911
1.45769 0.0125552 6.92714
1.66352 0.0838352 10.5187
1.47345 0.163675 10.5146
1.61364 0.0632152 12.1097
1.65052 0.00320516 9.46226
1.51853 0.215825 8.48311
1.67627 0.0252052 11.631
1.67211 0.0383352 8.76463
1.49559 0.231335 6.33364
1.60895 0.0476652 12.374
1.58919 0.254725 6.84883
1.55945 0.169805 6.2947
1.4541 0.202565 6.72561
1.50207 0.278485 11.4433
1.55358 0.302325 9.53499
1.4546 0.238005 7.14089
1.56289 0.115775 9.53511
1.60445 0.0441352 7.66568
