1.44181 0.288498 7.68211
1.656 0.290382 7.23294
1.52281 0.184014 10.0414
1.59952 0.210957 10.0648
1.7039 0.0696844 6.84356
1.48896 0.132056 8.38548
1.67369 0.119571 6.70846
1.55949 0.0849554 8.71616
1.58451 0.278267 7.61425
1.42934 0.0410754 9.00129
1.46812 0.274358 6.66171
1.49176 0.297629 8.84444
1.63713 0.203478 10.6992
1.51413 0.23746 7.70877
1.63282 0.177813 10.4172
1.70271 0.154866 8.20439
1.60053 0.219522 8.57003
1.6156 0.0569684 9.14711
1.605 0.00992444 6.65722
1.66363 0.0195294 11.3427
1.64791 0.18421 5.5296
1.52752 0.00331244 9.45157
1.44896 0.299691 10.044
1.51472 0.112026 10.3583
1.49142 0.23997 8.87674
1.50181 0.303199 7.00311
1.68822 0.0173194 11.752
1.54184 0.0907324 10.4743
1.45133 0.227685 6.7508
1.57527 0.0641114 9.16685
1.59319 0.202994 11.1769
1.53925 0.288696 6.98944
1.70876 0.00381444 6.60827
1.41516 0.272482 6.67983
1.52648 0.0546284 8.11637
1.48683 0.00909244 8.68096
1.6487 0.256477 11.2138
1.42519 0.170562 9.89085
1.54852 0.271887 6.65493
1.70229 0.219685 9.9007
1.46929 0.11672 8.58803
1.69209 0.0520224 6.05723
1.53094 0.0305284 10.6162
1.69217 0.165984 8.52994
1.72077 0.305796 6.92129
1.66278 0.136534 8.21493
1.42619 0.128226 8.48262
1.57987 0.0756454 10.9814
1.43842 0.201249 9.67049
1.51068 0.0191774 8.06564
1.52635 0.285994 10.8278
