1.522 0.145681 11.2358
1.63587 0.189821 12.4557
1.69897 0.122168 7.22159
1.6589 0.00388655 9.15002
1.55135 0.290177 6.82155
1.6791 0.211753 7.62246
1.56638 0.280717 7.19434
1.54923 0.185694 8.03949
1.48711 0.111131 8.61454
1.69352 0.0730561 9.05761
1.67623 0.126786 8.51265
1.64634 0.07096 13.1034
1.61483 0.0130765 9.48351
1.68259 0.252473 8.59134
1.4924 0.153425 9.15397
1.65601 0.241673 9.38365
1.43689 0.268647 11.752
1.43496 0.0973087 7.47052
1.57497 0.19199 7.31087
1.51675 0.181455 9.11878
1.60481 0.297887 8.4487
1.62855 0.0104665 5.64483
1.50091 0.245273 7.97113
1.45743 0.255142 6.60827
1.48565 0.215636 9.00137
1.70926 0.0426065 5.65884
1.49638 0.0830173 8.29084
1.56481 0.0478165 9.66419
1.72102 0.226858 8.71202
1.70153 0.262288 6.44466
1.53401 0.0829863 6.58664
1.48598 0.271456 6.05235
1.64549 0.10665 1.21813
1.6082 0.208572 6.308
1.67325 0.100205 8.54926
1.43715 0.0123965 5.05418
1.42736 0.0269565 11.0336
1.42566 0.0661531 10.8973
1.7034 0.182809 6.88925
1.44076 0.30335 6.05723
1.57788 0.0958897 5.63548
