1.67908 0.0514335 11.2358
1.55777 0.0223896 5.49643
1.68105 0.239339 8.55357
1.60965 0.226764 6.84356
1.70843 0.195929 6.82155
1.57944 0.276651 6.70846
1.46524 0.242035 8.71616
1.72631 0.275942 9.77939
1.5129 0.0129719 8.70002
1.48746 0.0431868 11.5783
1.71784 0.30967 7.51291
1.60846 0.311946 8.20439
1.45384 0.145718 8.30911
1.52135 0.214048 9.14711
1.51075 0.167004 6.65722
1.56938 0.176609 11.3427
1.72346 0.186469 7.19434
1.45644 0.121983 7.98036
1.70631 0.0914461 8.03949
1.64419 0.0168835 8.61454
1.43327 0.160392 9.45157
1.42047 0.269106 10.3583
1.46388 0.123547 9.81032
1.64948 0.0591771 9.15397
1.59397 0.174399 11.752
1.44759 0.247812 10.4743
1.41428 0.0457176 5.57474
1.4336 0.05239 11.1562
1.59204 0.00306087 7.47052
1.52322 0.00172087 5.86824
1.67383 0.0872071 9.11878
1.41785 0.0749031 7.09935
1.48102 0.221191 9.16685
1.4779 0.00644817 9.94106
1.51082 0.122652 9.83102
1.65799 0.151025 7.97113
1.54064 0.112519 8.75275
1.43201 0.138056 8.08209
1.61451 0.160894 6.60827
1.64273 0.121388 9.00137
1.43223 0.211708 8.11637
1.64306 0.177208 6.05235
1.48594 0.0921931 8.00612
1.69086 0.281466 10.0896
1.46908 0.0892701 7.18593
1.46594 0.104172 6.3285
1.44351 0.0397263 6.83678
1.59784 0.209102 6.05723
1.43669 0.187608 10.6162
1.56853 0.293614 8.21493
1.48562 0.232725 10.9814
1.41643 0.176257 8.06564
