1.42587 0.250036 10.8104
1.5316 0.140618 6.69524
1.55974 0.227524 8.549
1.45171 0.190092 9.97981
1.42472 0.183414 6.53699
1.44724 0.124867 9.32646
1.57186 0.288144 10.015
1.47124 0.00669497 7.61369
1.48091 0.254209 6.92411
1.54821 0.0139528 9.72766
1.55172 0.23594 6.06647
1.47101 0.159737 10.3303
1.46043 0.0119869 6.13213
1.46505 0.0757271 7.58263
1.49257 0.166219 12.227
1.53751 0.063626 7.19736
1.54503 0.102627 9.97902
1.47619 0.146706 10.1234
1.49023 0.0114816 11.5091
1.54418 0.261886 7.33975
1.57617 0.0407318 7.54217
1.54806 0.144871 13.459
1.57282 0.0579715 8.30328
1.54691 0.22385 6.33711
