1.70379 0.0612514 8.36932
1.41586 0.145041 10.688
1.42452 0.126401 12.6755
1.48843 0.238521 9.29722
1.64327 0.184751 8.64247
1.4818 0.00383137 8.16687
1.49434 0.0990014 11.3913
1.68781 0.231261 7.17533
1.6145 0.0632914 6.78092
1.58673 0.102561 10.5453
1.56642 0.0493914 7.49236
1.55347 0.0284414 9.29423
1.49064 0.108851 11.6885
1.65943 0.283191 10.1029
1.41791 0.0894314 9.14341
1.66215 0.00799137 12.3496
1.63413 0.0111114 8.59397
1.60815 0.220501 3.98645
1.49007 0.171071 8.64374
1.50995 0.165031 8.86872
1.55748 0.195881 6.99146
1.49626 0.269901 10.942
1.64032 0.245861 10.6576
1.46395 0.299481 8.514
1.69533 0.0848314 10.6671
1.66759 0.241521 8.80139
1.71824 0.100931 13.2816
1.64214 0.271711 10.9906
1.5561 0.120741 9.58302
1.6038 0.272971 8.38291
1.64301 0.236731 11.7636
1.65954 0.259051 10.8609
1.53385 0.245711 5.50392
1.458 0.0627314 10.2039
1.41782 0.190101 10.5463
1.69666 0.0939114 9.72365
1.64825 0.239071 11.1985
1.681 0.110791 6.02607
1.69813 0.313671 8.26289
1.5929 0.166131 9.6422
1.72736 0.0926014 8.37465
1.43706 0.166191 7.07483
1.46975 0.306061 10.1348
1.42668 0.102221 6.22646
