1.51115 0.000137012 6.48341
1.45269 0.234277 9.29285
1.70934 0.100417 8.38948
1.43936 0.187857 10.0554
1.71447 0.212817 9.74773
1.63413 0.102767 11.6338
1.57622 0.249017 7.53482
1.54112 0.229217 9.54142
1.48041 0.196967 9.69907
1.7269 0.196437 5.17427
1.56941 0.039057 10.6198
1.60896 0.073347 6.27767
1.7148 0.136257 7.77382
1.56081 0.066417 9.70993
1.58344 0.301307 5.35831
1.68228 0.273307 9.49626
1.71877 0.123417 10.2924
1.4574 0.303457 4.71731
1.57631 0.234927 12.2761
1.42586 0.079397 6.70426
1.59548 0.281567 8.46036
1.71996 0.025287 9.37351
1.68841 0.013577 6.07339
1.69912 0.028487 8.19728
1.51526 0.126257 8.52367
1.70691 0.128057 9.95584
1.71409 0.288557 6.2144
1.60005 0.136967 8.02439
1.67337 0.302877 5.2709
1.56775 0.301717 5.72697
1.71882 0.116977 4.44207
1.55828 0.018667 6.54237
1.4629 0.276187 8.34687
1.43888 0.294647 10.6178
1.63984 0.279027 7.50113
1.4924 0.114027 10.2788
1.61011 0.248617 8.16803
1.53213 0.140077 7.12223
1.67782 0.186617 10.1728
1.47372 0.046357 5.69771
1.67301 0.194657 3.59238
1.70637 0.032307 9.55479
1.56123 0.157177 4.09362
1.50493 0.215807 8.78196
1.61592 0.162017 9.95555
1.55026 0.026657 7.43297
1.60547 0.208767 4.96599
1.49768 0.252337 5.56311
