1.54244 0.19813 10.6276
1.51478 0.19388 8.27393
1.41529 0.24814 7.63277
1.58492 0.00478035 6.88569
1.67699 0.0720004 8.74794
1.56892 0.25123 6.93954
1.42926 0.28229 6.8982
1.62921 0.0669604 11.3003
1.70429 0.11704 8.45451
1.60546 0.00395035 7.45146
1.63533 0.17285 7.68277
1.54251 0.2539 9.40199
1.61563 0.00270035 7.56115
1.55051 0.00348035 11.5487
1.46696 0.27951 7.06804
1.61144 0.16309 8.12176
1.62602 0.179 7.26412
1.59813 0.27149 10.0507
1.66719 0.00281035 6.27432
1.54552 0.21746 9.54551
1.71153 0.28423 8.99526
1.48642 0.25449 11.59
1.42468 0.16045 8.56501
1.64985 0.0120104 9.39465
1.44743 0.0427604 7.30485
1.5084 0.0262004 10.3313
1.48841 0.0190804 4.29354
1.53356 0.20705 9.20885
1.51955 0.15847 7.06486
1.55884 0.0112304 8.76297
1.69013 0.18099 7.01216
1.55472 0.18068 9.78015
1.62836 0.29225 7.94262
1.505 0.0103404 11.9343
1.59888 0.0852604 14.0683
1.5751 0.15585 8.38935
1.57629 0.10487 10.2559
1.54745 0.0552204 10.3905
1.62649 0.30735 5.87811
1.66378 0.0313604 8.5945
1.66683 0.30364 11.5561
1.58048 0.17176 13.5875
1.42505 0.0254904 9.98924
1.66386 0.0615904 9.35809
1.6953 0.0241604 10.3731
1.70885 0.11173 6.74846
1.6831 0.31015 8.65647
1.52526 0.0198304 10.1664
1.70836 0.16869 11.6762
1.59853 0.12694 10.7224
1.6222 0.0603704 9.97237
1.72783 0.0866004 9.56492
1.64274 0.13032 6.8031
1.42998 0.16353 6.89369
1.6821 0.17417 10.1853
1.64781 0.18316 7.34106
1.58057 0.29571 4.63116
1.62143 0.0893104 11.4391
