1.65177 0.130705 6.74505
1.58098 0.279675 6.68909
1.62943 0.201695 6.69335
1.6814 0.220755 4.39337
1.60702 0.143155 8.669
1.58463 0.202085 11.269
1.45242 0.0637047 13.122
1.59561 0.193995 8.17922
1.64684 0.0505647 4.99645
1.72271 0.163735 7.35816
1.4904 0.110905 8.33388
1.64639 0.0905247 5.70654
1.66343 0.212425 12.5087
1.59469 0.235875 10.3853
1.62611 0.0866047 7.31175
1.59077 0.264275 6.2028
1.44521 0.0539847 9.24865
1.60761 0.236215 9.20965
1.6118 0.177965 6.63035
1.47489 0.295785 6.21667
1.49198 0.144055 8.12928
1.54995 0.0117747 11.5088
1.70086 0.192445 5.11324
1.4265 0.0100747 7.74695
1.50371 0.228385 6.26898
1.54195 0.0644247 9.93424
1.48698 0.175735 5.48079
1.42633 0.228825 10.923
1.72047 0.157755 5.77505
1.58739 0.176185 9.5536
1.52297 0.301845 9.99444
1.53184 0.226905 10.7663
1.69302 0.260825 9.37493
1.64809 0.203025 9.08538
1.45058 0.0923847 6.81781
1.64684 0.269935 6.16653
1.49369 0.240975 9.52475
1.60462 0.186915 10.8743
1.44844 0.221575 8.9797
1.54674 0.124735 8.69036
1.49849 0.0138047 10.1783
1.61566 0.298665 7.63042
1.66768 0.0450247 9.04325
