1.67651 0.275294 6.72821
1.6799 0.248244 8.13381
1.68797 0.246238 12.6617
1.69371 0.207408 5.18387
1.49853 0.274278 6.6666
1.68034 0.0404358 8.83252
1.56535 0.219378 7.37958
1.44794 0.300316 5.98594
1.49701 0.18669 9.07308
1.68801 0.0614518 10.0325
1.44241 0.290837 10.1058
1.68699 0.285746 11.3029
1.65921 0.0605578 7.99525
1.61755 0.131692 8.16017
1.44356 0.200515 9.93685
1.55088 0.176763 7.97329
1.46825 0.22358 5.52521
1.56975 0.0609898 10.6514
1.51523 0.144696 7.33414
1.48829 0.281877 6.70653
1.45095 0.313052 9.5025
1.59383 0.109522 10.2289
1.57257 0.0871108 10.7062
1.6459 0.288197 10.632
1.49952 0.309025 10.7416
1.61913 0.30436 8.49091
1.57273 0.182189 8.76655
1.45067 0.197187 7.60424
1.56757 0.173525 11.2267
1.66464 0.236674 8.37157
1.62169 0.0576538 4.94002
1.70471 0.234498 6.44
1.42387 0.283642 6.2885
1.56306 0.165794 10.3192
1.50365 0.285078 5.25078
1.66506 0.190789 9.15083
1.71617 0.278034 10.4804
1.58121 0.0791768 8.26844
