1.45165 0.110738 5.50868
1.53068 0.100158 7.64165
1.59173 0.230988 6.45865
1.44518 0.270678 8.60834
1.48167 0.0688584 10.7673
1.48906 0.00547842 5.85759
1.60094 0.0256384 5.91544
1.45141 0.149138 11.6617
1.50348 0.280838 10.3827
1.43693 0.0719784 11.4402
1.70306 0.200158 6.20019
1.47105 0.149918 6.66625
1.53636 0.133718 4.24947
1.6704 0.117288 9.41986
1.71524 0.245508 6.80289
1.66816 0.257928 7.0433
1.46637 0.116198 9.37488
1.44003 0.239998 8.41335
1.41443 0.136748 9.62485
1.57128 0.303098 11.0715
1.418 0.216108 6.01707
1.47582 0.0476484 9.59314
1.43539 0.0146084 9.18508
1.69044 0.269878 6.78599
1.4572 0.254688 12.3629
1.70811 0.0193084 11.0207
1.42699 0.0415984 4.94342
1.59616 0.0667684 8.50752
1.47829 0.0977984 12.6564
1.43556 0.294258 8.20971
1.53614 0.0687284 3.29006
1.7181 0.0374884 9.32196
1.58013 0.000818415 8.19783
1.49213 0.0353284 7.86821
1.56996 0.0733784 11.682
1.45899 0.226688 6.01451
1.52367 0.217288 8.51963
1.65423 0.0406684 8.51622
1.49333 0.101258 8.57645
1.63982 0.311718 11.6245
1.52429 0.136018 8.0796
1.53748 0.272918 8.56464
1.48587 0.170528 6.96367
1.54947 0.255508 8.59993
1.71651 0.273218 11.9383
