1.68386 0.0329144 5.14149
1.69138 0.0990044 12.3511
1.65177 0.287784 6.74505
1.68075 0.0417244 11.604
1.60702 0.300234 8.669
1.45242 0.220784 13.122
1.66621 0.0924344 6.75094
1.64684 0.207644 4.99645
1.4904 0.267984 8.33388
1.6754 0.0548844 5.45867
1.64639 0.247604 5.70654
1.44304 0.136494 11.8552
1.62611 0.243684 7.31175
1.6228 0.0705344 5.20913
1.72198 0.104014 4.80601
1.44521 0.211064 9.24865
1.43447 0.148124 6.17343
1.66999 0.0786844 5.85693
1.57814 0.0982444 6.7747
1.49198 0.301134 8.12928
1.54995 0.168854 11.5088
1.45212 0.0219944 6.9569
1.51912 0.0151444 6.7303
1.4265 0.167154 7.74695
1.53892 0.0361944 6.46491
1.46629 0.0270544 10.949
1.43622 0.0620344 7.43924
1.54195 0.221504 9.93424
1.63286 0.0350544 7.41112
1.71023 0.00289436 8.15878
1.70681 0.0487244 7.04513
1.5564 0.147074 9.94363
1.43347 0.103714 9.76872
1.47937 0.0246144 7.91381
1.45058 0.249464 6.81781
1.68836 0.0409444 9.06027
1.54746 0.108354 7.83311
1.54674 0.281814 8.69036
1.60105 0.135754 9.99456
1.49849 0.170884 10.1783
1.49366 0.121634 7.74848
1.54568 0.107104 12.7673
1.44734 0.0720744 7.40197
1.54051 0.110904 10.22
1.66768 0.202104 9.04325
