1.47973 0.0315529 6.48341
1.42127 0.265693 9.29285
1.67793 0.131833 8.38948
1.68305 0.244233 9.74773
1.60272 0.134183 11.6338
1.69944 0.101453 6.42877
1.54481 0.280433 7.53482
1.5097 0.260633 9.54142
1.44899 0.228383 9.69907
1.69548 0.227853 5.17427
1.538 0.0704729 10.6198
1.57754 0.104763 6.27767
1.68338 0.167673 7.77382
1.6981 0.188403 7.28409
1.52939 0.0978329 9.70993
1.65086 0.304723 9.49626
1.68736 0.154833 10.2924
1.5449 0.266343 12.2761
1.56406 0.312983 8.46036
1.68855 0.0567029 9.37351
1.65699 0.0449929 6.07339
1.6677 0.0599029 8.19728
1.71642 0.301233 10.0265
1.48384 0.157673 8.52367
1.6755 0.159473 9.95584
1.56864 0.168383 8.02439
1.72442 0.166883 6.4959
1.6874 0.148393 4.44207
1.52686 0.0500829 6.54237
1.43148 0.307603 8.34687
1.60842 0.310443 7.50113
1.68985 0.0275629 10.564
1.46098 0.145443 10.2788
1.5787 0.280033 8.16803
1.70587 0.0523729 15.2468
1.50072 0.171493 7.12223
1.72115 0.0197729 8.71413
1.6464 0.218033 10.1728
1.44231 0.0777729 5.69771
1.64159 0.226073 3.59238
1.67495 0.0637229 9.55479
1.52982 0.188593 4.09362
1.47352 0.247223 8.78196
1.5845 0.193433 9.95555
1.70571 0.181773 8.40568
1.51884 0.0580729 7.43297
1.57405 0.240183 4.96599
1.46627 0.283753 5.56311
