1.52557 0.171952 10.7018
1.51048 0.310664 7.22159
1.45911 0.0640821 6.45322
1.47041 0.192382 9.15002
1.69997 0.0249421 12.9834
1.53376 0.157482 8.22464
1.6385 0.0158021 7.66076
1.57623 0.0299421 10.6935
1.65871 0.308509 7.17247
1.67645 0.0195121 7.41922
1.61738 0.122092 6.77883
1.62552 0.103462 5.60769
1.46162 0.00122211 8.08632
1.61403 0.231032 7.3186
1.4673 0.112122 8.64288
1.4798 0.132262 5.68548
1.67611 0.278918 10.22
1.55519 0.288824 8.18255
1.69226 0.203012 8.49131
1.50503 0.261552 9.05761
1.45778 0.0950221 6.71246
1.70474 0.28225 11.4743
1.61181 0.283292 10.7027
1.45785 0.259456 13.1034
1.42634 0.201572 9.48351
1.64172 0.269937 9.91636
1.45938 0.104512 9.00444
1.72441 0.00912211 6.12774
1.64646 0.191572 7.61783
1.44006 0.198962 5.64483
1.61744 0.163062 10.7552
1.43311 0.0278021 10.1045
1.56395 0.286563 6.83958
1.42684 0.0438321 10.4344
1.63482 0.137342 8.48306
1.52077 0.231102 5.65884
1.457 0.295146 1.21813
1.66708 0.157632 8.93778
1.48476 0.288701 8.54926
1.70138 0.156252 9.5123
1.48143 0.176322 9.3879
1.47566 0.0242621 11.738
1.57931 0.122152 10.2291
