1.43089 0.290019 6.49695
1.71072 0.00171817 4.22399
1.54185 0.000201873 11.0708
1.47179 0.170462 9.61012
1.55439 0.0992731 10.2318
1.45859 0.287834 8.41675
1.43033 0.217262 6.90515
1.57467 0.313696 10.8876
1.52947 0.198076 9.69424
1.60444 0.000192473 8.32577
1.45008 0.133169 9.06173
1.45379 0.0100649 7.11368
1.49948 0.0640894 9.29282
1.52834 0.0965651 5.60241
1.48001 0.288115 10.2661
1.54114 0.127034 11.2749
1.52605 0.00576277 7.98499
1.45594 0.162115 5.83037
1.65636 0.0332025 7.81265
1.66321 0.129866 7.44033
1.66281 0.0860951 5.75946
1.68195 0.26967 10.7723
1.50448 0.300064 5.64266
1.42471 0.178878 8.12724
1.53065 0.167834 7.26106
1.43513 0.013836 7.31209
1.6289 0.263303 8.68587
1.71647 0.314048 12.9266
1.46171 0.0188464 5.01094
1.6405 0.150789 9.2456
1.64499 0.163432 8.49745
1.68828 0.0520773 6.82425
1.63427 0.30855 10.326
1.67069 0.119672 7.23907
1.6559 0.114276 8.03911
1.41514 0.241615 9.83317
1.60588 0.04618 7.44114
1.60863 0.186764 5.89796
1.49013 0.207721 8.9822
1.55225 0.042707 9.02669
1.63109 0.137532 8.2231
1.58952 0.165528 11.6618
1.57729 0.119099 9.67071
1.65113 0.21644 11.8
1.68025 0.249806 11.1278
1.66845 0.190289 7.41157
1.55129 0.262049 7.4756
1.41906 0.0178875 11.2805
1.51312 0.209749 5.63124
1.56204 0.0952471 10.2391
1.62149 0.273735 7.14641
1.69177 0.234968 9.26694
1.51726 0.210186 8.44872
1.6383 0.0876341 8.61485
1.45597 0.223234 10.2095
1.57554 0.216127 8.27921
1.69352 0.137764 10.7433
1.46894 0.240656 7.37415
1.56155 0.116145 4.31865
