1.56656 0.0996059 7.43445
1.51888 0.124456 11.5862
1.72016 0.212726 9.41056
1.48944 0.253166 9.42007
1.63279 0.0962859 7.61842
1.50676 0.260096 6.76829
1.69929 0.214176 5.00211
1.47083 0.300936 13.1218
1.64822 0.0359159 6.67297
1.72742 0.286516 7.22068
1.69262 0.123966 9.23357
1.43631 0.255996 9.17323
1.60163 0.122196 4.45578
1.44391 0.307336 13.0108
1.65422 0.0818359 11.1136
1.42972 0.139216 9.89287
1.62145 0.00126589 8.54012
1.5605 0.00701589 7.34938
1.61453 0.273556 7.61563
1.59324 0.0840459 8.69899
1.50867 0.192706 8.66409
1.59284 0.000695894 8.10394
1.53065 0.277346 8.76819
1.69429 0.238756 8.58905
1.70764 0.255716 8.88754
1.67658 0.00790589 8.41412
1.59 0.0324759 6.63023
1.59063 0.208186 8.89363
1.63469 0.100636 9.72785
1.59351 0.117496 9.07061
1.63723 0.130626 6.70539
1.72691 0.208626 10.4954
1.63019 0.311716 11.2513
1.67596 0.193366 9.65528
1.5597 0.0777259 7.50106
1.64326 0.163376 9.18483
1.60071 0.300116 4.94077
1.4397 0.154526 8.07528
1.70875 0.193946 4.37663
1.47837 0.101666 7.98363
1.5606 0.182506 10.5751
1.47258 0.267466 7.72384
1.48931 0.0393259 6.86344
1.49614 0.292536 6.76555
1.4696 0.120246 11.3137
1.72767 0.190606 7.47677
1.60686 0.191356 4.65627
1.59381 0.287976 9.35339
1.67295 0.157186 11.0473
1.67279 0.218486 10.2272
1.44571 0.0211259 5.6506
1.53675 0.224586 10.2493
1.66687 0.306336 7.69558
