1.61368 0.212462 6.72821
1.61707 0.185412 8.13381
1.62514 0.183406 12.6617
1.4259 0.309978 6.52491
1.60385 0.283702 5.12914
1.63088 0.144576 5.18387
1.4357 0.211446 6.6666
1.44532 0.308207 10.9941
1.59655 0.284798 8.96064
1.41548 0.259861 9.63063
1.50252 0.156546 7.37958
1.43418 0.123858 9.07308
1.62416 0.222914 11.3029
1.66798 0.076398 10.3001
1.66687 0.028765 8.97873
1.67185 0.029396 5.94118
1.55472 0.06886 8.16017
1.50878 0.290632 7.03882
1.48805 0.113931 7.97329
1.71464 0.179332 4.58945
1.4524 0.081864 7.33414
1.42546 0.219045 6.70653
1.531 0.04669 10.2289
1.67943 0.055463 6.11296
1.50974 0.024279 10.7062
1.58307 0.225365 10.632
1.43669 0.246193 10.7416
1.59216 0.292279 10.5948
1.5563 0.241528 8.49091
1.57548 0.281238 8.43866
1.5099 0.119357 8.76655
1.50474 0.110693 11.2267
1.67129 0.257699 8.8079
1.60181 0.173842 8.37157
1.64188 0.171666 6.44
1.6798 0.260222 6.62887
1.67012 0.032407 9.16228
1.50023 0.102962 10.3192
1.71498 0.219626 8.44286
1.44082 0.222246 5.25078
1.69189 0.097495 8.74642
1.60223 0.127957 9.15083
1.72112 0.275707 9.12892
1.65334 0.215202 10.4804
1.51838 0.016345 8.26844
