1.67711 0.0717029 8.61549
1.69165 0.0554029 10.3442
1.72776 0.228123 9.06534
1.45516 0.137223 9.53376
1.51004 0.206543 15.1883
1.64771 0.100003 11.0157
1.55283 0.303123 5.09709
1.53166 0.0142929 7.90378
1.71799 0.160143 9.416
1.69165 0.0953129 8.10544
1.46476 0.0163129 6.55721
1.5162 0.249873 9.66793
1.66376 0.00533291 8.87594
1.50879 0.121753 6.85756
1.56349 0.272823 9.63783
1.53131 0.0629829 11.1687
1.62122 0.0141929 10.3808
1.68759 0.263113 6.91326
1.65084 0.181113 11.4918
1.62343 0.0896929 7.10412
1.67042 0.189603 11.6749
1.56541 0.229023 11.2591
1.67837 0.168143 9.30411
1.50596 0.0802629 10.2532
1.52817 0.214853 8.771
1.61674 0.131333 9.24811
1.49955 0.0638729 7.5853
1.66387 0.244323 7.30847
1.50485 0.295063 8.21694
1.70001 0.299813 7.4002
1.68011 0.257653 8.71668
1.50102 0.147723 8.97122
1.48096 0.0833529 3.90706
1.63577 0.252523 10.259
1.70643 0.139143 9.76408
1.69168 0.101093 8.84112
1.62562 0.0466229 7.10004
1.56885 0.0845629 4.24544
1.4653 0.201073 5.96993
1.49109 0.254363 10.2192
1.65367 0.0261029 8.50454
1.61932 0.0902329 7.93047
1.51318 0.240133 10.6884
1.45746 0.0255329 11.3689
1.60319 0.0108329 7.98716
1.63208 0.149423 6.72636
1.51147 0.0296129 8.57637
1.4587 0.0561829 6.0558
1.60917 0.133723 6.86705
1.53137 0.0484929 6.70173
1.42235 0.268323 13.6148
1.51756 0.0603429 8.25566
1.56045 0.0729529 9.15744
1.61943 0.217793 8.87619
