1.56114 0.0409512 8.16044
1.6825 0.00972418 7.33602
1.63129 0.0537622 10.6548
1.696 0.246482 9.05463
1.69197 0.230941 7.91415
1.67239 0.217782 7.52539
1.50418 0.239318 6.07551
1.69856 0.123639 11.0816
1.54815 0.00119318 9.47077
1.59538 0.131647 10.6921
1.7175 0.230395 9.34705
1.41658 0.174271 7.66496
1.71468 0.131748 8.46303
1.52096 0.253719 9.46418
1.66045 0.122206 9.74574
1.6762 0.1396 6.18532
1.58682 0.21933 5.06431
1.49423 0.17416 9.94862
1.46822 0.195562 4.412
1.57115 0.245944 10.146
1.67124 0.230302 11.4462
1.48511 0.235546 7.42195
1.6964 0.107238 9.02493
1.5434 0.0254612 11.8979
1.55122 0.186984 10.4973
1.47166 0.0236012 4.65427
1.66083 0.269835 7.6856
1.65843 0.0817682 11.6893
1.65109 0.277205 3.07321
1.5813 0.288835 8.88551
1.50547 0.131812 8.58628
1.70177 0.180004 9.37759
1.69835 0.0151072 6.87443
1.51053 0.190944 8.81906
1.67804 0.125122 8.86918
1.66403 0.15871 7.50655
1.42498 0.0567362 6.82595
1.45112 0.142268 8.42282
1.45868 0.0891642 8.13092
1.5651 0.00936018 9.57012
1.54416 0.0117202 8.10685
1.62911 0.0425552 9.64888
1.65738 0.0746892 8.31516
