1.63767 0.0283999 12.9007
1.68386 0.22141 5.14149
1.69138 0.2875 12.3511
1.68075 0.23022 11.604
1.51892 0.00295992 8.43818
1.6728 0.18636 6.00931
1.66621 0.28093 6.75094
1.66082 0.0391699 10.9523
1.6754 0.24338 5.45867
1.6228 0.25903 5.20913
1.72198 0.29251 4.80601
1.48315 0.0865699 6.36472
1.62891 0.17576 8.44718
1.66999 0.26718 5.85693
1.61896 0.13263 9.67381
1.57814 0.28674 6.7747
1.68829 0.0296899 6.80097
1.61039 0.15273 9.48369
1.45212 0.21049 6.9569
1.66318 0.17489 3.90545
1.71172 0.15859 8.01974
1.51912 0.20364 6.7303
1.69535 0.14264 6.129
1.53927 0.15985 8.2946
1.53892 0.22469 6.46491
1.49192 0.12762 7.96262
1.46629 0.21555 10.949
1.43622 0.25053 7.43924
1.63286 0.22355 7.41112
1.71023 0.19139 8.15878
1.70681 0.23722 7.04513
1.49912 0.13536 7.20086
1.43347 0.29221 9.76872
1.68529 0.0625199 10.8404
1.47937 0.21311 7.91381
1.628 0.0312199 7.60619
1.58776 0.0332999 8.59634
1.66256 0.0987799 10.7464
1.43419 0.0815199 9.7576
1.66626 0.0129899 11.4258
1.43053 0.0954099 12.8796
1.68836 0.22944 9.06027
1.54746 0.29685 7.83311
1.66971 0.0803299 7.08075
1.48593 0.12891 8.98093
1.45703 0.0425099 7.99167
1.49366 0.31013 7.74848
1.54568 0.2956 12.7673
1.44734 0.26057 7.40197
1.61022 0.13107 7.24238
1.53008 0.0247399 9.85696
1.54051 0.2994 10.22
1.47329 0.0955699 8.48669
