1.59195 0.24719 9.3147
1.6889 0.164651 10.6585
1.48176 0.190053 10.8337
1.56463 0.0478634 8.69524
1.48738 0.189275 10.2436
1.45039 0.233043 9.19408
1.45795 0.271804 10.2645
1.64725 0.0583923 10.8198
1.42485 0.296396 9.66968
1.69501 0.198267 10.6207
1.56902 0.225327 7.0328
1.54847 0.213181 9.30814
1.70465 0.193123 9.68243
1.65806 0.0782711 11.239
1.52192 0.145569 8.4097
1.6364 0.176298 10.8649
1.64709 0.136576 10.3085
1.72636 0.104242 8.09061
1.65581 0.202845 5.98885
1.58529 0.0485793 9.71954
1.47953 0.228598 7.50517
1.64015 0.278217 12.1267
1.44561 0.302648 9.10021
1.64158 0.244086 11.3742
1.71463 0.0645195 9.49493
1.71147 0.247654 7.82409
1.62517 0.164122 8.27979
1.57295 0.119013 8.88245
1.62195 0.180941 8.78542
1.41511 0.181929 7.9522
1.56565 0.240426 10.8967
1.51134 0.113193 6.2747
1.69116 0.286942 5.06655
1.66084 0.251131 11.1875
1.51518 0.0573211 7.33434
1.54731 0.142091 8.63492
1.60049 0.202926 7.38027
1.69267 0.165341 4.58492
1.71706 0.235044 7.25309
1.60252 0.134224 7.96045
1.54387 0.166438 9.72575
1.51896 0.157053 9.26669
1.6909 0.306839 9.96688
1.63779 0.138063 9.70191
1.70945 0.239105 7.83162
1.59268 0.1176 6.16864
1.43302 0.0134638 10.2662
1.60224 0.241302 11.3467
1.56432 0.242651 7.66886
1.67422 0.244751 9.35617
1.50242 0.269083 5.50732
1.56979 0.308414 7.00513
1.54348 0.155388 4.61266
1.47142 0.237315 9.16591
