1.58395 0.252134 8.65534
1.56656 0.036774 7.43445
1.51888 0.061624 11.5862
1.72016 0.149894 9.41056
1.48944 0.190334 9.42007
1.63279 0.033454 7.61842
1.50676 0.197264 6.76829
1.69929 0.151344 5.00211
1.47083 0.238104 13.1218
1.72019 0.302394 7.74958
1.72742 0.223684 7.22068
1.53766 0.286104 8.66779
1.69262 0.061134 9.23357
1.54111 0.255484 10.9022
1.43631 0.193164 9.17323
1.69021 0.291834 7.81393
1.42475 0.274194 6.16349
1.60163 0.059364 4.45578
1.44391 0.244504 13.0108
1.65422 0.019004 11.1136
1.42972 0.076384 9.89287
1.61453 0.210724 7.61563
1.59324 0.021214 8.69899
1.50867 0.129874 8.66409
1.53065 0.214514 8.76819
1.69429 0.175924 8.58905
1.70764 0.192884 8.88754
1.59063 0.145354 8.89363
1.63469 0.037804 9.72785
1.59351 0.054664 9.07061
1.63723 0.067794 6.70539
1.72691 0.145794 10.4954
1.63019 0.248884 11.2513
1.67596 0.130534 9.65528
1.5597 0.014894 7.50106
1.64326 0.100544 9.18483
1.60071 0.237284 4.94077
1.4397 0.091694 8.07528
1.70875 0.131114 4.37663
1.47837 0.038834 7.98363
1.5606 0.119674 10.5751
1.47258 0.204634 7.72384
1.49614 0.229704 6.76555
1.4696 0.057414 11.3137
1.72767 0.127774 7.47677
1.60686 0.128524 4.65627
1.51409 0.264034 8.69934
1.59381 0.225144 9.35339
1.67295 0.094354 11.0473
1.63811 0.260494 10.3374
1.67279 0.155654 10.2272
1.53675 0.161754 10.2493
1.66687 0.243504 7.69558
