1.54694 0.140029 9.29285
1.53361 0.0936092 10.0554
1.67047 0.154769 7.53482
1.63537 0.134969 9.54142
1.57466 0.102719 9.69907
1.4217 0.204449 8.34716
1.65526 0.273379 10.4626
1.54735 0.242819 7.74702
1.59617 0.260309 12.5562
1.59474 0.241149 7.09938
1.49057 0.234629 5.33513
1.47964 0.310909 9.53588
1.67769 0.207059 5.35831
1.70105 0.289409 7.62303
1.42927 0.128979 8.50477
1.55165 0.209209 4.71731
1.48599 0.0789992 7.74958
1.55841 0.247949 9.56526
1.67056 0.140679 12.2761
1.68973 0.187319 8.46036
1.55769 0.267029 9.87972
1.49138 0.00542923 11.7928
1.6095 0.0320092 8.52367
1.41466 0.268629 9.26671
1.6943 0.0427192 8.02439
1.662 0.207469 5.72697
1.55715 0.181939 8.34687
1.59718 0.251469 10.1914
1.55845 0.309479 4.894
1.53312 0.200399 10.6178
1.43293 0.184349 10.8261
1.58664 0.0197792 10.2788
1.70436 0.154369 8.16803
1.54438 0.281159 9.71373
1.44678 0.207319 7.1894
1.62638 0.0458292 7.12223
1.65548 0.0629292 4.09362
1.59918 0.121559 8.78196
1.71016 0.0677692 9.95555
1.69972 0.114519 4.96599
1.5389 0.245159 7.60527
1.59193 0.158089 5.56311
