1.58395 0.0636385 8.65534
1.66351 0.260648 8.00244
1.45477 0.293888 10.7659
1.48944 0.00183848 9.42007
1.50676 0.00876848 6.76829
1.59389 0.299588 11.9776
1.61266 0.147468 11.6705
1.58887 0.238588 3.48062
1.47083 0.0496085 13.1218
1.72019 0.113898 7.74958
1.578 0.241738 6.90771
1.45448 0.180208 10.0068
1.64607 0.282728 9.13263
1.62657 0.220698 11.4468
1.72742 0.0351885 7.22068
1.53766 0.0976085 8.66779
1.64352 0.216958 10.9006
1.54111 0.0669885 10.9022
1.49094 0.278958 7.48682
1.6825 0.157018 6.92545
1.71548 0.167408 9.19646
1.54661 0.299248 10.5598
1.43631 0.00466848 9.17323
1.69021 0.103338 7.81393
1.42475 0.0856985 6.16349
1.44391 0.0560085 13.0108
1.48514 0.290488 9.50082
1.61453 0.0222285 7.61563
1.63282 0.301428 12.0535
1.52667 0.296538 8.17615
1.52433 0.164078 7.02184
1.72136 0.270238 5.65537
1.53065 0.0260185 8.76819
1.44071 0.188688 11.5915
1.70764 0.00438848 8.88754
1.53106 0.168038 10.0686
1.60738 0.178578 10.8719
1.63019 0.0603885 11.2513
1.45705 0.251038 6.12076
1.62606 0.170888 9.43641
1.60071 0.0487885 4.94077
1.46951 0.208318 12.1171
1.63688 0.226098 4.47652
1.51649 0.274268 7.79769
1.69594 0.258608 10.0131
1.47258 0.0161385 7.72384
1.49614 0.0412085 6.76555
1.60505 0.280288 11.3608
1.51409 0.0755385 8.69934
1.59381 0.0366485 9.35339
1.59967 0.247008 6.81583
1.50143 0.308958 7.40417
1.62647 0.279828 8.21697
1.72778 0.175378 8.52558
1.43553 0.204268 13.082
1.42525 0.155838 10.0869
1.63811 0.0719985 10.3374
1.44876 0.192508 5.86792
1.58246 0.159068 5.75044
1.45371 0.173048 7.12291
1.66687 0.0550085 7.69558
1.59132 0.301108 10.7624
