1.64218 0.28214 8.32523
1.58209 0.18701 7.33813
1.53953 0.12193 9.45456
1.54991 0.11786 4.25771
1.56456 0.0533699 9.25527
1.65641 0.2977 6.17288
1.53943 0.24897 6.86551
1.46469 0.17011 3.96641
1.52745 0.18028 9.80554
1.53176 0.11842 11.5748
1.70019 0.0439599 6.31186
1.6196 0.0884999 11.8969
1.60863 0.29385 11.3869
1.66045 0.17004 9.37821
1.51668 0.21264 10.3991
1.53556 0.31114 9.15523
1.51433 0.12491 6.11582
1.42018 0.0944599 9.1918
1.51026 0.15567 9.11385
1.6494 0.1156 10.5055
1.5791 0.26484 6.93813
1.59456 0.10648 10.5263
1.49647 0.0372599 11.8404
1.60004 0.0737799 7.59736
1.44109 0.30317 10.0012
1.60425 0.17429 6.21705
1.43851 0.0948999 8.9349
1.43098 0.11805 6.3045
1.44015 0.0745999 6.12297
1.42354 0.0380399 10.9793
1.70076 0.16224 6.6167
1.69321 0.3021 7.8448
1.55987 0.17312 11.3742
1.48657 0.24974 8.80061
1.48534 0.23096 7.12635
1.45206 0.26052 10.0983
1.54807 0.10428 5.3701
1.57743 0.25318 7.08783
1.63963 0.0108699 9.00535
1.49841 0.12872 9.96586
1.6647 0.0555799 7.87978
1.60495 0.21514 8.79281
1.62588 0.25103 10.1227
1.51124 0.15985 9.7708
1.44846 0.0581999 10.0985
1.51397 0.1468 8.35749
1.51013 0.00783993 9.536
1.63746 0.0797899 7.75871
1.44754 0.21938 9.36032
1.6418 0.12126 8.97086
1.70535 0.27503 6.83741
