1.41413 0.167564 6.60285
1.5337 0.25894 9.74021
1.52886 0.180923 8.59348
1.60124 0.248311 12.1488
1.55581 0.246698 11.0043
1.45543 0.165649 5.94683
1.45272 0.285217 10.8971
1.47862 0.17604 7.10851
1.71577 0.0106794 9.56359
1.58001 0.122786 10.0053
1.52703 0.278991 11.0274
1.48812 0.206465 11.5072
1.66559 0.113833 8.49087
1.58088 0.0561204 6.38716
1.52885 0.0155034 6.52623
1.48433 0.128433 11.184
1.67702 0.0289454 8.27446
1.71637 0.0892264 10.1909
1.43563 0.278052 7.80754
1.66293 0.0239544 8.22314
1.68956 0.0069304 7.06719
1.66357 0.264277 9.19203
1.7069 0.0783594 6.67151
1.6076 0.132258 8.37427
1.64373 0.145507 9.96514
1.53717 0.0838504 9.51288
1.5366 0.0057474 7.96849
1.68018 0.238706 3.29005
1.5825 0.264206 7.65113
1.56269 0.277251 8.77532
1.55304 0.0083854 8.86756
1.55694 0.260609 13.2376
1.52316 0.110647 7.0556
1.50266 0.192889 7.69526
1.48565 0.0197244 7.7386
1.41921 0.0772214 7.49605
1.68206 0.121101 4.05262
1.70506 0.0979194 11.362
1.69871 0.236929 7.97242
1.51035 0.155443 6.11333
1.42624 0.111418 10.7616
1.64595 0.124505 7.82857
1.72618 0.0168304 5.67851
1.66829 0.162705 8.44583
1.55821 0.120761 10.7388
1.45275 0.199538 10.7432
1.51079 0.308177 8.50538
1.43652 0.19557 9.80419
1.64314 0.0299434 9.87123
1.57711 0.14456 7.88509
1.51244 0.276503 8.21164
1.57541 0.230223 6.10387
1.52424 0.296221 6.87497
1.60127 0.138593 8.46429
1.70157 0.179525 11.6562
1.54494 0.212006 7.01844
1.72312 0.0072934 12.7666
