1.68829 0.0966411 7.85156
1.55364 0.00171817 4.22399
1.69321 0.0505725 6.03901
1.5875 0.156752 9.19372
1.634 0.182792 6.77666
1.58686 0.00996337 9.33453
1.60492 0.274031 7.71659
1.57188 0.201851 3.79845
1.41759 0.313696 10.8876
1.44736 0.000192473 8.32577
1.64627 0.272196 9.54706
1.69914 0.13308 8.33122
1.49928 0.0332025 7.81265
1.50613 0.129866 7.44033
1.50573 0.0860951 5.75946
1.52487 0.26967 10.7723
1.69913 0.243313 6.48815
1.57664 0.149409 7.89286
1.64391 0.252705 8.53221
1.47182 0.263303 8.68587
1.55939 0.314048 12.9266
1.48342 0.150789 9.2456
1.48791 0.163432 8.49745
1.68567 0.0693571 5.37418
1.5312 0.0520773 6.82425
1.47719 0.30855 10.326
1.51361 0.119672 7.23907
1.49882 0.114276 8.03911
1.68416 0.179255 6.27046
1.4488 0.04618 7.44114
1.45155 0.186764 5.89796
1.58746 0.265211 6.20237
1.71189 0.167959 8.99013
1.47401 0.137532 8.2231
1.43244 0.165528 11.6618
1.42021 0.119099 9.67071
1.59824 0.00265597 7.2382
1.65205 0.128166 12.2158
1.49405 0.21644 11.8
1.52317 0.249806 11.1278
1.51137 0.190289 7.41157
1.61755 0.0359004 5.18237
1.46441 0.273735 7.14641
1.53469 0.234968 9.26694
1.68457 0.249626 6.98219
1.62608 0.0613545 9.907
1.48122 0.0876341 8.61485
1.41846 0.216127 8.27921
1.68548 0.162076 4.82697
1.53644 0.137764 10.7433
