1.64661 0.032895 7.65045
1.70393 0.24295 4.94598
1.69841 0.20479 5.95516
1.44152 0.091399 6.45634
1.50208 0.041409 8.4172
1.55386 0.00783398 8.24877
1.62569 0.133028 7.53759
1.60875 0.2655 7.31676
1.7259 0.18741 13.2607
1.52831 0.22048 5.4877
1.50897 0.18206 5.24442
1.54443 0.22769 8.50486
1.64824 0.086245 6.10543
1.4787 0.22554 6.33825
1.64077 0.26951 9.6453
1.64345 0.021931 3.29357
1.55372 0.27204 4.65845
1.5764 0.19874 10.5272
1.54869 0.2376 11.0721
1.72724 0.16003 10.0676
1.70741 0.07941 9.4477
1.49685 0.116379 9.21608
1.64041 0.28056 8.16243
1.60693 0.28382 10.1151
1.6506 0.20825 6.86078
1.54492 0.016756 9.89226
1.64255 0.27695 8.5467
1.63159 0.000992984 10.2818
1.42394 0.31197 9.41792
1.64982 0.104175 6.96829
1.4765 0.099064 6.3755
1.64229 0.041112 8.66423
1.49293 0.06207 9.20445
1.58605 0.10123 9.58703
1.68068 0.110718 4.74399
1.51261 0.23136 9.10352
1.43743 0.18783 10.7689
1.41913 0.021699 14.3888
1.53117 0.20912 11.3282
1.68726 0.060654 8.98429
1.68533 0.29509 8.19531
1.65647 0.29709 6.37099
1.52268 0.26633 4.60021
1.57526 0.00181598 7.62326
