1.46503 0.00469984 8.61018
1.7222 0.0704448 9.74021
1.5024 0.0406968 3.68469
1.71975 0.207999 8.4751
1.51519 0.104112 8.70569
1.55526 0.0845778 7.71501
1.68948 0.133188 9.51222
1.45135 0.292142 8.79058
1.64121 0.0967218 10.8971
1.45399 0.283722 11.8997
1.71063 0.188783 5.67738
1.56259 0.270602 6.80387
1.71553 0.0904958 11.0274
1.67662 0.0179698 11.5072
1.46687 0.223652 7.48766
1.54737 0.123868 4.11679
1.5281 0.255612 8.10201
1.42968 0.0580608 6.03525
1.60106 0.129971 9.39887
1.57369 0.0294418 11.8948
1.42356 0.200654 8.68644
1.46129 0.170734 7.29319
1.62413 0.0895568 7.80754
1.60953 0.287652 11.4152
1.45457 0.188642 5.1774
1.43083 0.0162888 9.39981
1.63481 0.149835 11.5427
1.50337 0.188685 8.21138
1.48036 0.0218128 6.35108
1.66548 0.134938 4.50924
1.51337 0.216932 8.41577
1.55105 0.0389948 8.6951
1.5548 0.0172448 10.716
1.69115 0.00439384 7.69526
1.4559 0.240492 6.67458
1.56309 0.142509 6.4485
1.67623 0.169708 6.33509
1.59391 0.198534 5.84904
1.68929 0.247872 8.24558
1.66297 0.304762 8.31311
1.64124 0.0110428 10.7432
1.69929 0.119682 8.50538
1.42932 0.233692 12.6941
1.62501 0.00707484 9.80419
1.43617 0.238982 6.12973
1.64497 0.183812 9.05733
1.47362 0.16169 9.27426
1.70094 0.0880078 8.21164
1.44395 0.279382 7.79833
1.71274 0.107726 6.87497
1.50977 0.148569 5.76204
1.43809 0.243702 5.40924
1.49862 0.117088 7.6766
1.59762 0.0267408 10.6496
1.49359 0.256782 10.1798
