1.6206 0.148053 5.49643
1.45949 0.274565 9.80651
1.52185 0.115914 6.40585
1.57573 0.138636 8.70002
1.44457 0.116542 8.01324
1.44955 0.158967 9.52276
1.55029 0.16885 11.5783
1.71047 0.0264925 9.07765
1.43192 0.252522 8.5405
1.49947 0.0421425 4.64396
1.51667 0.271382 8.30911
1.60812 0.0592525 10.1957
1.57358 0.292668 6.65722
1.63221 0.302273 11.3427
1.51927 0.247647 7.98036
1.70702 0.142547 8.61454
1.4961 0.286056 9.45157
1.52671 0.249211 9.81032
1.57207 0.0836025 8.2235
1.71231 0.184841 9.15397
1.6568 0.300063 11.752
1.44879 0.0415225 10.5683
1.47711 0.171381 5.57474
1.49643 0.178054 11.1562
1.65487 0.128725 7.47052
1.43763 0.179335 8.05229
1.58605 0.127385 5.86824
1.48068 0.200567 7.09935
1.54073 0.132112 9.94106
1.57365 0.248316 9.83102
1.44926 0.00655247 6.31391
1.72082 0.276689 7.97113
1.60347 0.238183 8.75275
1.49484 0.26372 8.08209
1.67734 0.286558 6.60827
1.70556 0.247052 9.00137
1.59793 0.0331825 8.86507
1.71629 0.114433 8.29084
1.45541 0.291836 8.68096
1.70589 0.302872 6.05235
1.54877 0.217857 8.00612
1.65706 0.0438125 5.05418
1.64727 0.0583725 11.0336
1.64557 0.097569 10.8973
1.53191 0.214934 7.18593
1.52877 0.229836 6.3285
1.50634 0.16539 6.83678
1.49952 0.313272 10.6162
1.42321 0.131373 7.83896
1.47926 0.301921 8.06564
