1.61647 0.00171817 4.22399
1.65033 0.156752 9.19372
1.69683 0.182792 6.77666
1.4476 0.000201873 11.0708
1.64969 0.00996337 9.33453
1.46014 0.0992731 10.2318
1.66775 0.274031 7.71659
1.63471 0.201851 3.79845
1.48042 0.313696 10.8876
1.43522 0.198076 9.69424
1.51019 0.000192473 8.32577
1.7091 0.272196 9.54706
1.43409 0.0965651 5.60241
1.44689 0.127034 11.2749
1.4318 0.00576277 7.98499
1.56211 0.0332025 7.81265
1.56896 0.129866 7.44033
1.56856 0.0860951 5.75946
1.5877 0.26967 10.7723
1.63947 0.149409 7.89286
1.70674 0.252705 8.53221
1.4364 0.167834 7.26106
1.53465 0.263303 8.68587
1.62222 0.314048 12.9266
1.54625 0.150789 9.2456
1.55074 0.163432 8.49745
1.59403 0.0520773 6.82425
1.54002 0.30855 10.326
1.57644 0.119672 7.23907
1.56165 0.114276 8.03911
1.51163 0.04618 7.44114
1.51438 0.186764 5.89796
1.65029 0.265211 6.20237
1.458 0.042707 9.02669
1.53684 0.137532 8.2231
1.49527 0.165528 11.6618
1.48304 0.119099 9.67071
1.66107 0.00265597 7.2382
1.71488 0.128166 12.2158
1.55688 0.21644 11.8
1.586 0.249806 11.1278
1.5742 0.190289 7.41157
1.68038 0.0359004 5.18237
1.45704 0.262049 7.4756
1.41887 0.209749 5.63124
1.46779 0.0952471 10.2391
1.52724 0.273735 7.14641
1.59752 0.234968 9.26694
1.42301 0.210186 8.44872
1.68891 0.0613545 9.907
1.54405 0.0876341 8.61485
1.48129 0.216127 8.27921
1.59927 0.137764 10.7433
1.4673 0.116145 4.31865
