1.45729 0.250036 10.8104
1.56302 0.140618 6.69524
1.59116 0.227524 8.549
1.48313 0.190092 9.97981
1.45614 0.183414 6.53699
1.47866 0.124867 9.32646
1.60328 0.288144 10.015
1.50266 0.00669497 7.61369
1.51233 0.254209 6.92411
1.57963 0.0139528 9.72766
1.58314 0.23594 6.06647
1.50243 0.159737 10.3303
1.41716 0.156029 5.11528
1.49185 0.0119869 6.13213
1.44129 0.145889 8.1478
1.49647 0.0757271 7.58263
1.52399 0.166219 12.227
1.41884 0.247083 6.26032
1.4439 0.239523 6.71634
1.56893 0.063626 7.19736
1.57645 0.102627 9.97902
1.50761 0.146706 10.1234
1.52165 0.0114816 11.5091
1.5756 0.261886 7.33975
1.60759 0.0407318 7.54217
1.57948 0.144871 13.459
1.60424 0.0579715 8.30328
1.57833 0.22385 6.33711
1.4303 0.0682804 7.5408
