1.71864 0.0250288 7.21136
1.6916 0.289169 8.00685
1.51674 0.220829 7.32341
1.68542 0.0139288 8.27018
1.69613 0.108599 5.18956
1.43465 0.0739088 6.45865
1.51842 0.208819 7.17194
1.72005 0.0147088 4.93978
1.57091 0.0868388 10.3407
1.71306 0.0664388 9.69773
1.57441 0.203789 12.5877
1.54598 0.0430788 6.20019
1.57658 0.186079 8.73111
1.66772 0.0395488 8.76033
1.69896 0.0619788 6.28263
1.55816 0.0884288 6.80289
1.51108 0.100849 7.0433
1.6568 0.208909 7.16549
1.4142 0.146019 11.0715
1.53336 0.112799 6.78599
1.5824 0.164339 8.44774
1.71185 0.186699 8.13112
1.72029 0.276849 9.59547
1.49196 0.170229 11.8953
1.68587 0.165049 8.55428
1.66348 0.00323878 9.75953
1.56569 0.250639 8.08046
1.55345 0.279419 5.77223
1.55591 0.178269 9.98738
1.69818 0.161999 7.27102
1.70875 0.0208488 6.74294
1.57446 0.136849 10.0118
1.52309 0.285809 8.02934
1.56279 0.261609 8.04949
1.62501 0.253669 9.95921
1.49551 0.240659 8.86796
1.48274 0.154639 11.6245
1.59153 0.267149 3.61214
1.69906 0.194829 6.46419
1.46452 0.168269 9.51136
1.55943 0.116139 11.9383
1.44859 0.223549 9.62859
