1.54054 0.0256412 9.91822
1.64578 0.250036 10.8104
1.49883 0.188092 7.16003
1.51028 0.23889 3.10248
1.67162 0.190092 9.97981
1.46712 0.110652 7.31303
1.64463 0.183414 6.53699
1.66715 0.124867 9.32646
1.58737 0.0108437 11.0372
1.57795 0.186453 9.59896
1.48011 0.260456 9.02765
1.69115 0.00669497 7.61369
1.70082 0.254209 6.92411
1.49654 0.0154772 10.4639
1.69092 0.159737 10.3303
1.60565 0.156029 5.11528
1.68034 0.0119869 6.13213
1.46952 0.270854 7.30778
1.62978 0.145889 8.1478
1.68496 0.0757271 7.58263
1.71248 0.166219 12.227
1.60733 0.247083 6.26032
1.52454 0.313845 10.0054
1.45721 0.101011 10.0401
1.63239 0.239523 6.71634
1.48368 0.0597981 8.47506
1.59254 0.212899 8.18261
1.53769 0.313592 10.07
1.6961 0.146706 10.1234
1.51114 0.166653 7.44758
1.71014 0.0114816 11.5091
1.48937 0.0684134 8.28243
1.44912 0.0151195 8.4515
1.50557 0.183941 8.70711
1.47292 0.0843841 9.73077
1.53223 0.10658 10.6887
1.54333 0.188596 8.08595
1.61879 0.0682804 7.5408
