1.51529 0.249747 8.36932
1.57672 0.0204969 9.29896
1.5907 0.228407 7.31052
1.51593 0.115297 5.04288
1.55185 0.0976269 6.94225
1.56226 0.0638769 8.52159
1.58607 0.0140769 10.9958
1.69964 0.288507 8.66572
1.71694 0.0677769 3.68882
1.426 0.251787 6.78092
1.67228 0.126377 7.07998
1.62444 0.0738969 10.3596
1.4701 0.121157 8.4564
1.71008 0.0600369 8.38982
1.61751 0.0690069 8.32829
1.63092 0.110657 10.4278
1.45256 0.0604269 10.6951
1.65747 0.0895869 4.88798
1.55482 0.281337 7.73305
1.41831 0.136667 5.8125
1.60585 0.231817 7.94889
1.47365 0.196487 12.3496
1.42091 0.171677 6.59638
1.65421 0.228787 6.81277
1.66487 0.125357 5.26189
1.44563 0.199607 8.59397
1.62955 0.173277 9.43424
1.72381 0.183207 8.90161
1.45227 0.112547 7.27959
1.69191 0.0441969 7.87489
1.67045 0.290047 3.78607
1.59294 0.175327 11.9304
1.66468 0.307857 8.76774
1.50683 0.273327 10.6671
1.54043 0.0795369 6.66427
1.54289 0.264957 9.12906
1.62912 0.0423569 7.99595
1.41926 0.0847169 6.38031
1.52974 0.289427 13.2816
1.47133 0.0634369 8.29847
1.57442 0.178537 11.0823
1.52272 0.175277 4.59415
1.57118 0.210137 9.75146
1.5306 0.0936969 9.45716
1.50816 0.282407 9.72365
1.70414 0.223117 11.5837
1.4925 0.299287 6.02607
1.53886 0.281097 8.37465
1.68779 0.110457 9.65855
1.52428 0.0776669 11.6888
1.60194 0.265287 12.265
1.71748 0.0180469 8.59273
1.60339 0.157427 11.8043
1.56105 0.269087 7.77804
