1.71721 0.10074 9.94587
1.70943 0.0891303 9.33945
1.55994 0.13706 6.72396
1.69165 0.30673 10.3442
1.4448 0.0158603 6.09766
1.50983 0.11922 5.27823
1.62317 0.0178503 11.9717
1.70998 0.13083 8.79387
1.45493 0.0917403 10.4894
1.47704 0.0174903 6.23661
1.62397 0.12002 9.6762
1.41936 0.13622 4.13474
1.46366 0.14798 5.22365
1.59315 0.10171 7.13137
1.53166 0.26562 7.90378
1.46476 0.26764 6.55721
1.66376 0.25666 8.87594
1.51053 0.0700503 6.50672
1.60699 0.20269 12.1184
1.62122 0.26552 10.3808
1.51665 0.13989 8.24764
1.68392 0.13536 7.68883
1.57108 0.0525803 10.8872
1.57608 0.12872 10.6653
1.5657 0.16381 9.61102
1.51799 0.0572003 9.43673
1.61634 0.22364 12.5263
1.62562 0.29795 7.10004
1.4223 0.19572 8.51738
1.67321 0.0473203 7.30637
1.53139 0.0743603 10.1236
1.55613 0.0241303 6.39138
1.70853 0.0807403 9.86965
1.47465 0.0533403 9.75561
1.65367 0.27743 8.50454
1.59007 0.0937003 4.56581
1.50845 0.21791 11.9712
1.45746 0.27686 11.3689
1.60319 0.26216 7.98716
1.51147 0.28094 8.57637
1.52945 0.22139 9.17104
1.67765 0.24028 9.92666
1.4587 0.30751 6.0558
1.53137 0.29982 6.70173
1.63672 0.15432 10.0105
1.49821 0.0204203 11.2805
1.51756 0.31167 8.25566
1.56161 0.16597 8.72012
