1.53434 0.0945255 9.63738
1.59826 0.0723655 8.54072
1.70277 0.149316 8.06706
1.52197 0.158616 7.2678
1.63426 0.0112655 9.87516
1.69874 0.282406 6.50129
1.71092 0.239256 12.188
1.50251 0.144916 9.35944
1.71275 0.293206 6.52277
1.50992 0.198676 7.19595
1.49285 0.0395355 6.22949
1.43532 0.286086 7.59174
1.52128 0.263266 11.1253
1.57799 0.0587755 9.93177
1.6 0.157836 7.17738
1.71201 0.146556 6.56557
1.5001 0.182826 7.06889
1.44428 0.279236 8.29164
1.47226 0.222516 11.918
1.41564 0.285486 7.71003
1.4414 0.200256 7.90894
1.56719 0.136956 7.50217
1.69162 0.0570755 9.80995
1.43684 0.304036 6.36522
1.68207 0.182526 7.78481
1.479 0.149616 7.77575
1.6706 0.0575555 11.5795
1.58186 0.0661755 10.5716
1.45949 0.0661155 8.65282
1.70607 0.00145551 13.6137
1.43411 0.102056 7.11667
1.69332 0.208576 9.5887
