1.65202 0.179469 5.49643
1.49834 0.0011984 11.6802
1.49091 0.305981 9.80651
1.55327 0.14733 6.40585
1.60715 0.170052 8.70002
1.47599 0.147958 8.01324
1.48097 0.190383 9.52276
1.58171 0.200266 11.5783
1.49813 0.0132584 11.0479
1.46334 0.283938 8.5405
1.53089 0.0735584 4.64396
1.54809 0.302798 8.30911
1.63954 0.0906684 10.1957
1.55069 0.279063 7.98036
1.55813 0.280627 9.81032
1.60349 0.115018 8.2235
1.48021 0.0729384 10.5683
1.50853 0.202797 5.57474
1.52785 0.20947 11.1562
1.68629 0.160141 7.47052
1.46905 0.210751 8.05229
1.61747 0.158801 5.86824
1.5121 0.231983 7.09935
1.57215 0.163528 9.94106
1.42057 0.121848 8.56175
1.60507 0.279732 9.83102
1.48068 0.0379684 6.31391
1.63489 0.269599 8.75275
1.52626 0.295136 8.08209
1.62935 0.0645984 8.86507
1.58019 0.249273 8.00612
1.44432 0.0589884 5.52379
1.44161 0.204643 5.00395
1.68848 0.0752284 5.05418
1.67869 0.0897884 11.0336
1.67699 0.128985 10.8973
1.64969 0.0295584 3.32247
1.56333 0.24635 7.18593
1.56019 0.261252 6.3285
1.53776 0.196806 6.83678
1.4294 0.272159 10.8996
1.45463 0.162789 7.83896
