1.72776 0.0710433 9.06534
1.47328 0.191223 10.1084
1.62588 0.176123 8.1211
1.51004 0.0494633 15.1883
1.5448 0.162653 9.49845
1.55283 0.146043 5.09709
1.71799 0.00306327 9.416
1.48679 0.228353 4.27435
1.61669 0.204893 10.3339
1.50294 0.212603 7.16247
1.5162 0.0927933 9.66793
1.56349 0.115743 9.63783
1.69919 0.246753 7.18801
1.66534 0.260103 8.76754
1.68759 0.106033 6.91326
1.65084 0.0240333 11.4918
1.67042 0.0325233 11.6749
1.43528 0.170383 8.25445
1.41536 0.266643 8.84758
1.56541 0.0719433 11.2591
1.65269 0.280503 9.95899
1.67837 0.0110633 9.30411
1.52817 0.0577733 8.771
1.62063 0.264483 8.53412
1.50802 0.206063 10.137
1.69873 0.172943 7.96187
1.52055 0.279243 7.91449
1.66387 0.0872433 7.30847
1.50485 0.137983 8.21694
1.70001 0.142733 7.4002
1.70448 0.199433 8.42226
1.68011 0.100573 8.71668
1.63577 0.0954433 10.259
1.4653 0.0439933 5.96993
1.63963 0.293613 9.00535
1.49109 0.0972833 10.2192
1.71058 0.206313 7.20982
1.51318 0.0830533 10.6884
1.54944 0.257223 7.73879
1.58124 0.249803 7.69206
1.51013 0.290583 9.536
1.52134 0.261193 7.31927
1.51636 0.230643 7.62911
1.42235 0.111243 13.6148
1.61013 0.196013 11.3826
1.61943 0.0607133 8.87619
