1.50955 0.0475102 11.7069
1.57228 0.121829 5.43861
1.52576 0.160885 8.82864
1.45997 0.202373 7.27351
1.47405 0.260571 7.37362
1.68733 0.188092 7.16003
1.69878 0.23889 3.10248
1.59301 0.172816 7.66617
1.65562 0.110652 7.31303
1.46655 0.173771 5.89162
1.51098 0.0850641 11.5511
1.58849 0.304487 9.44996
1.4164 0.13308 8.33122
1.44661 0.151812 7.82167
1.5996 0.0723661 8.10894
1.66861 0.260456 9.02765
1.57227 0.195454 8.66641
1.68504 0.0154772 10.4639
1.41639 0.243313 6.48815
1.50582 0.152495 10.5804
1.56144 0.0560573 5.34029
1.48745 0.193831 10.4999
1.65802 0.270854 7.30778
1.46526 0.135721 6.70345
1.56095 0.00267587 7.59604
1.58644 0.274776 6.01725
1.42915 0.167959 8.99013
1.59035 0.11188 8.79579
1.71304 0.313845 10.0054
1.64571 0.101011 10.0401
1.53787 0.130415 7.94392
1.67218 0.0597981 8.47506
1.58228 0.27533 5.07974
1.48617 0.0348577 9.38335
1.72619 0.313592 10.07
1.69964 0.166653 7.44758
1.55116 0.277611 7.84712
1.4934 0.00410197 7.17876
1.67787 0.0684134 8.28243
1.63762 0.0151195 8.4515
1.69407 0.183941 8.70711
1.66142 0.0843841 9.73077
1.72073 0.10658 10.6887
