1.63767 0.311143 12.9007
1.52949 0.0791933 6.072
1.49339 0.218683 7.07608
1.51892 0.285703 8.43818
1.44805 0.0665233 3.67236
1.4813 0.211673 8.06815
1.58253 0.0966933 12.1639
1.65145 0.129823 9.38835
1.63229 0.0121033 10.0809
1.69387 0.0726433 10.1286
1.69677 0.239243 6.82176
1.54891 0.179003 9.36993
1.64516 0.191823 8.20915
1.71195 0.0540233 6.68752
1.61302 0.280263 11.5138
1.50285 0.113593 7.4106
1.48744 0.188963 9.83948
1.67133 0.239463 13.332
1.63664 0.138173 11.8505
1.72385 0.259693 7.36905
1.5841 0.205373 7.95426
1.48958 0.177813 6.42953
1.68829 0.312433 6.80097
1.69966 0.0719833 10.2238
1.63161 0.151353 10.4394
1.45246 0.239213 9.65443
1.44749 0.235733 10.5456
1.67164 0.150523 10.712
1.6785 0.0510133 9.24032
1.6303 0.174693 8.16109
1.67251 0.0936433 9.47274
1.4749 0.227553 7.27614
1.60416 0.237983 7.55241
1.64707 0.149763 12.3515
1.62915 0.181073 9.85846
1.70052 0.264423 6.80336
1.628 0.313963 7.60619
1.72031 0.0168233 9.43212
1.46188 0.161443 10.9494
1.66951 0.241613 9.1558
1.66626 0.295733 11.4258
1.48126 0.250373 8.03268
1.47831 0.147173 8.29231
1.69101 0.278543 7.69981
1.58329 0.165733 9.10911
1.42334 0.181593 6.28386
1.63927 0.0255033 7.04525
1.43599 0.273453 9.77302
1.53008 0.307483 9.85696
1.68781 0.196463 8.65907
1.6128 0.0292533 11.2829
