1.42613 0.256102 6.78229
1.42344 0.169613 6.92687
1.50218 0.209573 9.31254
1.54598 0.235682 9.11615
1.44555 0.152176 5.39129
1.45044 0.279812 8.26653
1.58341 0.245372 10.8639
1.54618 0.109751 7.50582
1.59008 0.153555 7.48232
1.5771 0.0189268 11.8908
1.50527 0.00259484 8.54073
1.60598 0.200218 11.5151
1.44341 0.301462 8.04031
1.43213 0.184733 11.1181
1.50061 0.175354 7.21444
1.44843 0.0320928 8.74155
1.49618 0.159441 13.428
1.5771 0.209425 6.38367
1.61958 0.0257338 8.43476
1.66734 0.262672 7.30485
1.47776 0.149969 9.32969
1.56074 0.123234 8.5048
1.58116 0.236102 7.73833
1.70832 0.238992 4.29354
1.45678 0.121879 10.2721
1.56033 0.252592 11.2829
1.42872 0.243322 8.31813
1.72491 0.230252 11.9343
1.45733 0.0265028 12.1342
1.54788 0.0960778 6.93929
1.56997 0.127996 5.20782
1.45685 0.165773 6.49248
1.56592 0.220412 5.7832
1.69968 0.0673998 4.59331
1.43534 0.122482 9.51711
1.63657 0.0308498 9.55532
1.45241 0.154304 6.76673
1.52704 0.182434 9.08775
1.52534 0.205416 7.74042
1.58205 0.187294 9.64277
1.58386 0.00211784 9.34593
1.64496 0.245402 9.98924
1.57283 0.270542 8.65419
1.54117 0.16508 11.4544
1.55012 0.206214 9.9652
1.71642 0.0143508 8.04152
1.59223 0.133806 9.76255
1.45246 0.0777628 9.04497
1.68989 0.203301 8.68961
1.46782 0.181482 12.6311
1.55976 0.129634 8.90856
1.63288 0.281662 8.54178
1.46964 0.0835248 13.0714
1.49202 0.200085 9.00553
1.68467 0.215692 11.2738
