1.47328 0.00272771 10.1084
1.58209 0.281258 7.33813
1.53953 0.216178 9.45456
1.54991 0.212108 4.25771
1.56456 0.147618 9.25527
1.46469 0.264358 3.96641
1.48679 0.0398577 4.27435
1.61669 0.0163977 10.3339
1.50294 0.0241077 7.16247
1.52745 0.274528 9.80554
1.53176 0.212668 11.5748
1.70019 0.138208 6.31186
1.6196 0.182748 11.8969
1.69919 0.0582577 7.18801
1.66534 0.0716077 8.76754
1.66045 0.264288 9.37821
1.51668 0.306888 10.3991
1.41536 0.0781477 8.84758
1.65269 0.0920077 9.95899
1.51433 0.219158 6.11582
1.42018 0.188708 9.1918
1.51026 0.249918 9.11385
1.62063 0.0759877 8.53412
1.50802 0.0175677 10.137
1.6494 0.209848 10.5055
1.52055 0.0907477 7.91449
1.59456 0.200728 10.5263
1.49647 0.131508 11.8404
1.60004 0.168028 7.59736
1.70448 0.0109377 8.42226
1.60425 0.268538 6.21705
1.43851 0.189148 8.9349
1.43098 0.212298 6.3045
1.44015 0.168848 6.12297
1.42354 0.132288 10.9793
1.70076 0.256488 6.6167
1.55987 0.267368 11.3742
1.54807 0.198528 5.3701
1.63963 0.105118 9.00535
1.49841 0.222968 9.96586
1.6647 0.149828 7.87978
1.60495 0.309388 8.79281
1.71058 0.0178177 7.20982
1.54944 0.0687277 7.73879
1.51124 0.254098 9.7708
1.44846 0.152448 10.0985
1.58124 0.0613077 7.69206
1.51397 0.241048 8.35749
1.51013 0.102088 9.536
1.52134 0.0726977 7.31927
1.51636 0.0421477 7.62911
1.63746 0.174038 7.75871
1.44754 0.313628 9.36032
1.6418 0.215508 8.97086
1.61013 0.00751771 11.3826
