1.64365 0.044038 7.18776
1.48985 0.048868 6.57907
1.52344 0.125058 5.39164
1.65218 0.043118 9.33824
1.69398 0.120068 8.04004
1.46964 0.054608 10.8164
1.46012 0.105428 10.0605
1.48132 0.00114803 9.38908
1.58353 0.078148 8.8288
1.58481 0.214988 9.07765
1.48246 0.247748 10.1957
1.59249 0.121398 9.83798
1.4541 0.126758 11.9089
1.60666 0.074508 4.65153
1.44641 0.272098 8.2235
1.56008 0.091988 10.6401
1.70908 0.232988 9.48351
1.4268 0.063588 7.48278
1.63531 0.088978 11.3125
1.47317 0.037258 9.88451
1.7228 0.230378 5.64483
1.52067 0.146578 9.50062
1.71585 0.059218 10.1045
1.67896 0.196328 5.5814
1.70958 0.075248 10.4344
1.47227 0.221678 8.86507
1.59063 0.302929 8.29084
1.4544 0.000948032 10.8479
1.65906 0.267728 9.66419
1.59362 0.128508 1.79944
1.67068 0.00621803 7.31184
1.49846 0.00871803 9.96904
1.62826 0.302898 6.58664
1.681 0.217448 6.18782
1.64491 0.109098 6.68269
1.46863 0.131768 7.73531
1.4166 0.119438 10.2291
1.5314 0.232308 5.05418
1.52161 0.246868 11.0336
1.51991 0.286065 10.8973
1.59941 0.168218 5.76839
1.49261 0.186638 3.32247
1.64802 0.152118 10.4545
1.56737 0.136848 9.17467
1.61347 0.017338 12.2061
1.47571 0.150538 7.30187
