1.58395 0.0950544 8.65534
1.66351 0.292064 8.00244
1.48944 0.0332544 9.42007
1.50676 0.0401844 6.76829
1.61266 0.178884 11.6705
1.58887 0.270004 3.48062
1.47083 0.0810244 13.1218
1.72019 0.145314 7.74958
1.578 0.273154 6.90771
1.45448 0.211624 10.0068
1.64607 0.314144 9.13263
1.62657 0.252114 11.4468
1.72742 0.0666044 7.22068
1.53766 0.129024 8.66779
1.64352 0.248374 10.9006
1.54111 0.0984044 10.9022
1.49094 0.310374 7.48682
1.6825 0.188434 6.92545
1.71548 0.198824 9.19646
1.43631 0.0360844 9.17323
1.69021 0.134754 7.81393
1.42475 0.117114 6.16349
1.44391 0.0874244 13.0108
1.61453 0.0536444 7.61563
1.52433 0.195494 7.02184
1.72136 0.301654 5.65537
1.53065 0.0574344 8.76819
1.44071 0.220104 11.5915
1.69429 0.0188444 8.58905
1.70764 0.0358044 8.88754
1.53106 0.199454 10.0686
1.60738 0.209994 10.8719
1.63019 0.0918044 11.2513
1.45705 0.282454 6.12076
1.62606 0.202304 9.43641
1.60071 0.0802044 4.94077
1.46951 0.239734 12.1171
1.63688 0.257514 4.47652
1.51649 0.305684 7.79769
1.69594 0.290024 10.0131
1.47258 0.0475544 7.72384
1.49614 0.0726244 6.76555
1.60505 0.311704 11.3608
1.51409 0.106954 8.69934
1.59381 0.0680644 9.35339
1.59967 0.278424 6.81583
1.62647 0.311244 8.21697
1.72778 0.206794 8.52558
1.43553 0.235684 13.082
1.42525 0.187254 10.0869
1.63811 0.103414 10.3374
1.44876 0.223924 5.86792
1.58246 0.190484 5.75044
1.45371 0.204464 7.12291
1.53675 0.00467441 10.2493
1.66687 0.0864244 7.69558
