1.71653 0.301607 8.00123
1.68105 0.176507 8.55357
1.42856 0.278262 10.0414
1.50527 0.305205 10.0648
1.60965 0.163932 6.84356
1.70843 0.133097 6.82155
1.67164 0.298795 10.1435
1.57944 0.213819 6.70846
1.46524 0.179203 8.71616
1.71196 0.292772 9.3455
1.72631 0.21311 9.77939
1.54288 0.297726 10.6992
1.53857 0.272061 10.4172
1.65636 0.259198 8.78189
1.71784 0.246838 7.51291
1.60846 0.249114 8.20439
1.50628 0.31377 8.57003
1.45384 0.0828862 8.30911
1.52135 0.151216 9.14711
1.51075 0.104172 6.65722
1.56938 0.113777 11.3427
1.72346 0.123637 7.19434
1.45644 0.0591512 7.98036
1.55366 0.278458 5.5296
1.70631 0.0286142 8.03949
1.43327 0.0975602 9.45157
1.42047 0.206274 10.3583
1.46388 0.0607152 9.81032
1.59397 0.111567 11.752
1.44759 0.18498 10.4743
1.67383 0.0243752 9.11878
1.41785 0.0120712 7.09935
1.48102 0.158359 9.16685
1.51082 0.0598202 9.83102
1.49894 0.297242 11.1769
1.65799 0.0881932 7.97113
1.54064 0.0496872 8.75275
1.43201 0.0752242 8.08209
1.61451 0.0980622 6.60827
1.64273 0.0585562 9.00137
1.43223 0.148876 8.11637
1.64306 0.114376 6.05235
1.48594 0.0293612 8.00612
1.69086 0.218634 10.0896
1.68254 0.301665 7.92157
1.60804 0.313933 9.9007
1.46908 0.0264382 7.18593
1.46594 0.0413402 6.3285
1.59784 0.14627 6.05723
1.43669 0.124776 10.6162
1.59792 0.260232 8.52994
1.56853 0.230782 8.21493
1.48562 0.169893 10.9814
1.70828 0.252053 12.5121
1.41643 0.113425 8.06564
