1.72776 0.00821142 9.06534
1.47328 0.128391 10.1084
1.62588 0.113291 8.1211
1.56456 0.273281 9.25527
1.5448 0.0998214 9.49845
1.55283 0.0832114 5.09709
1.48679 0.165521 4.27435
1.61669 0.142061 10.3339
1.50294 0.149771 7.16247
1.5162 0.0299614 9.66793
1.56349 0.0529114 9.63783
1.70019 0.263871 6.31186
1.6196 0.308411 11.8969
1.69919 0.183921 7.18801
1.66534 0.197271 8.76754
1.68759 0.0432014 6.91326
1.43528 0.107551 8.25445
1.41536 0.203811 8.84758
1.56541 0.00911142 11.2591
1.65269 0.217671 9.95899
1.62063 0.201651 8.53412
1.50802 0.143231 10.137
1.69873 0.110111 7.96187
1.52055 0.216411 7.91449
1.49647 0.257171 11.8404
1.60004 0.293691 7.59736
1.66387 0.0244114 7.30847
1.50485 0.0751514 8.21694
1.70001 0.0799014 7.4002
1.70448 0.136601 8.42226
1.68011 0.0377414 8.71668
1.44015 0.294511 6.12297
1.63577 0.0326114 10.259
1.42354 0.257951 10.9793
1.63963 0.230781 9.00535
1.49109 0.0344514 10.2192
1.6647 0.275491 7.87978
1.71058 0.143481 7.20982
1.51318 0.0202214 10.6884
1.54944 0.194391 7.73879
1.44846 0.278111 10.0985
1.58124 0.186971 7.69206
1.51013 0.227751 9.536
1.52134 0.198361 7.31927
1.51636 0.167811 7.62911
1.63746 0.299701 7.75871
1.42235 0.0484114 13.6148
1.61013 0.133181 11.3826
