1.69671 0.271453 6.46996
1.64262 0.247722 8.83928
1.47896 0.10791 7.66071
1.46882 0.0570428 6.95822
1.48683 0.21177 7.32524
1.67983 0.233364 8.93407
1.61386 0.124178 5.34668
1.66718 0.308869 8.48544
1.44754 0.160092 7.57731
1.43425 0.0491036 6.3975
1.44503 0.125856 12.4017
1.68068 0.0965491 8.42148
1.57677 0.0904151 7.01489
1.61306 0.247784 8.66863
1.63621 0.287522 8.28586
1.48721 0.054268 6.7349
1.49012 0.207896 9.70333
1.41652 0.0781671 6.84874
1.52072 0.258176 10.0472
1.46717 0.194593 7.43086
1.44859 0.159744 8.91859
1.45719 0.118997 10.6775
1.4696 0.0707531 10.8669
1.62751 0.0806561 8.14832
1.65993 0.113797 5.41982
1.6983 0.0888751 9.13922
1.65169 0.217713 7.0509
1.54565 0.155656 6.09333
1.45315 0.149088 7.9142
1.51416 0.232034 11.9187
1.52571 0.117831 10.9659
1.58069 0.0827051 8.56235
1.4828 0.166713 9.15475
1.66531 0.0581341 10.4431
1.54788 0.267668 8.63455
1.51197 0.212252 5.34266
1.43506 0.163662 6.34768
1.65744 0.0480012 4.47965
1.64648 0.171606 10.0271
1.41772 0.237585 6.71785
1.59525 0.128386 6.98959
1.67534 0.130755 7.18347
1.46127 0.129953 13.3051
1.68727 0.160576 8.19066
1.61237 0.311043 7.95765
1.55929 0.0195445 9.8235
1.43436 0.275424 4.94909
1.68966 0.0232328 9.92685
1.62432 0.251791 8.43738
1.515 0.00156097 12.0575
1.55106 0.258583 9.78015
1.59128 0.238636 5.15963
