1.43487 0.24719 9.3147
1.53182 0.164651 10.6585
1.66137 0.313835 9.91446
1.68637 0.0376094 10.0271
1.69731 0.170624 7.7224
1.49017 0.0583923 10.8198
1.69935 0.0609824 8.38956
1.59694 0.127922 9.45944
1.53793 0.198267 10.6207
1.54758 0.193123 9.68243
1.50098 0.0782711 11.239
1.47932 0.176298 10.8649
1.49001 0.136576 10.3085
1.56928 0.104242 8.09061
1.49874 0.202845 5.98885
1.42821 0.0485793 9.71954
1.65323 0.123394 9.76983
1.69626 0.189277 6.53064
1.48307 0.278217 12.1267
1.64399 0.163951 6.1007
1.4845 0.244086 11.3742
1.55755 0.0645195 9.49493
1.5544 0.247654 7.82409
1.4681 0.164122 8.27979
1.41587 0.119013 8.88245
1.46487 0.180941 8.78542
1.59049 0.0124478 8.84515
1.65467 0.270212 11.5623
1.59949 0.159906 10.1521
1.62925 0.0684716 7.91159
1.53408 0.286942 5.06655
1.62242 0.171166 5.86461
1.50376 0.251131 11.1875
1.69146 0.10945 10.9555
1.44342 0.202926 7.38027
1.53559 0.165341 4.58492
1.55998 0.235044 7.25309
1.44544 0.134224 7.96045
1.70317 0.201542 11.0565
1.67122 0.166941 6.95472
1.58673 0.299691 6.94262
1.53382 0.306839 9.96688
1.48071 0.138063 9.70191
1.55237 0.239105 7.83162
1.4356 0.1176 6.16864
1.62007 0.234172 9.28159
1.44517 0.241302 11.3467
1.69153 0.272305 13.6646
1.68132 0.108603 8.80892
1.51714 0.244751 9.35617
