1.49372 0.290019 6.49695
1.41451 0.178554 5.90633
1.60468 0.000201873 11.0708
1.53462 0.170462 9.61012
1.61722 0.0992731 10.2318
1.52142 0.287834 8.41675
1.49316 0.217262 6.90515
1.6375 0.313696 10.8876
1.44722 0.0642042 8.49369
1.5923 0.198076 9.69424
1.66727 0.000192473 8.32577
1.51291 0.133169 9.06173
1.51662 0.0100649 7.11368
1.56231 0.0640894 9.29282
1.59117 0.0965651 5.60241
1.54284 0.288115 10.2661
1.60397 0.127034 11.2749
1.58888 0.00576277 7.98499
1.51877 0.162115 5.83037
1.71919 0.0332025 7.81265
1.72604 0.129866 7.44033
1.43548 0.3132 5.69481
1.43347 0.214535 10.396
1.45401 0.271484 7.28628
1.72564 0.0860951 5.75946
1.56731 0.300064 5.64266
1.48754 0.178878 8.12724
1.59348 0.167834 7.26106
1.49796 0.013836 7.31209
1.69173 0.263303 8.68587
1.52454 0.0188464 5.01094
1.70333 0.150789 9.2456
1.70782 0.163432 8.49745
1.6971 0.30855 10.326
1.71873 0.114276 8.03911
1.42512 0.152209 7.76821
1.47797 0.241615 9.83317
1.66871 0.04618 7.44114
1.43927 0.213918 8.33951
1.44711 0.11923 9.71732
1.67146 0.186764 5.89796
1.45803 0.220601 11.7136
1.55296 0.207721 8.9822
1.61508 0.042707 9.02669
1.69392 0.137532 8.2231
1.65235 0.165528 11.6618
1.64012 0.119099 9.67071
1.44092 0.302666 8.62852
1.46085 0.0827721 6.55918
1.71396 0.21644 11.8
1.61412 0.262049 7.4756
1.48189 0.0178875 11.2805
1.57595 0.209749 5.63124
1.62487 0.0952471 10.2391
1.68432 0.273735 7.14641
1.58009 0.210186 8.44872
1.44855 0.0764391 8.9243
1.47335 0.0112872 9.38194
1.70113 0.0876341 8.61485
1.5188 0.223234 10.2095
1.63837 0.216127 8.27921
1.53177 0.240656 7.37415
1.62438 0.116145 4.31865
