1.71936 0.238579 8.93418
1.45246 0.312579 8.36932
1.51389 0.0833288 9.29896
1.52787 0.291239 7.31052
1.4531 0.178129 5.04288
1.70142 0.0139988 6.88272
1.48902 0.160459 6.94225
1.49943 0.126709 8.52159
1.69068 0.158509 7.14683
1.54489 0.0444088 9.46477
1.52324 0.0769088 10.9958
1.43154 0.0203688 7.69405
1.51662 0.0318888 8.75582
1.65411 0.130609 3.68882
1.68366 0.0840988 6.7045
1.5334 0.00968878 6.11688
1.60945 0.189209 7.07998
1.66542 0.151149 6.60508
1.56161 0.136729 10.3596
1.64725 0.122869 8.38982
1.55468 0.131839 8.32829
1.56809 0.173489 10.4278
1.59464 0.152419 4.88798
1.54302 0.294649 7.94889
1.72572 0.236119 5.91586
1.59138 0.291619 6.81277
1.60204 0.188189 5.26189
1.56672 0.236109 9.43424
1.66098 0.246039 8.90161
1.62971 0.0274288 8.90521
1.62908 0.107029 7.87489
1.71135 0.129509 6.74872
1.53011 0.238159 11.9304
1.4776 0.142369 6.66427
1.56629 0.105189 7.99595
1.72229 0.112129 10.0903
1.63832 0.0490688 10.6764
1.51159 0.241369 11.0823
1.45989 0.238109 4.59415
1.50835 0.272969 9.75146
1.48076 0.0303588 3.72321
1.46777 0.156529 9.45716
1.64131 0.285949 11.5837
1.66876 0.0803788 9.12284
1.62496 0.173289 9.65855
1.62158 0.0289188 4.50492
1.46145 0.140499 11.6888
1.65465 0.0808788 8.59273
1.54056 0.220259 11.8043
