1.65177 0.00504102 6.74505
1.58098 0.154011 6.68909
1.62943 0.076031 6.69335
1.6814 0.095091 4.39337
1.60702 0.017491 8.669
1.58463 0.076421 11.269
1.59561 0.068331 8.17922
1.72271 0.038071 7.35816
1.72402 0.265421 4.5771
1.66343 0.086761 12.5087
1.46269 0.273311 7.43832
1.59469 0.110211 10.3853
1.55583 0.193881 7.63839
1.59077 0.138611 6.2028
1.60761 0.110551 9.20965
1.58474 0.252911 7.74886
1.6118 0.052301 6.63035
1.47489 0.170121 6.21667
1.42045 0.217131 8.68026
1.49198 0.018391 8.12928
1.70086 0.066781 5.11324
1.66988 0.279321 6.77641
1.53067 0.313651 9.36544
1.50371 0.102721 6.26898
1.42196 0.192191 7.20036
1.59057 0.250041 7.29128
1.48698 0.050071 5.48079
1.70153 0.277931 9.47941
1.42633 0.103161 10.923
1.72047 0.032091 5.77505
1.72767 0.191921 6.64262
1.55346 0.307281 10.1096
1.58739 0.050521 9.5536
1.52297 0.176181 9.99444
1.53184 0.101241 10.7663
1.69302 0.135161 9.37493
1.44173 0.239061 9.68054
1.64809 0.077361 9.08538
1.64684 0.144271 6.16653
1.49369 0.115311 9.52475
1.60462 0.061251 10.8743
1.44844 0.095911 8.9797
1.4501 0.296451 9.6493
1.61566 0.173001 7.63042
