1.50194 0.0246092 10.0431
1.56367 0.110379 7.37957
1.55745 0.248089 7.76581
1.57434 0.0140192 8.10203
1.43369 0.0114392 6.23586
1.42205 0.125079 7.70957
1.4689 0.112599 9.96927
1.47167 0.130659 7.00455
1.46904 0.290349 8.92088
1.45869 0.110019 7.77138
1.57368 0.189499 7.40729
1.59953 0.183779 7.94205
1.51378 0.208449 8.7638
1.46341 0.0862392 7.35904
1.4782 0.246069 8.50117
1.42909 0.0790892 11.2999
1.49731 0.116009 7.48364
1.50445 0.276379 8.94582
1.57556 0.0912592 7.4057
1.47069 0.224219 6.7562
1.42271 0.181359 9.90616
1.45911 0.0526392 8.1909
1.5762 0.194639 9.35956
1.57443 0.0154492 6.54529
1.45191 0.180439 5.36318
1.50214 0.123329 10.2056
1.55454 0.312049 8.36279
1.49053 0.0494692 11.655
1.47248 0.199629 10.5662
1.56746 0.215529 5.72753
1.46915 0.182579 7.08098
1.58865 0.00510917 8.50259
1.5092 0.131069 8.39817
