1.47052 0.0560251 10.0431
1.53225 0.141795 7.37957
1.52603 0.279505 7.76581
1.54292 0.0454351 8.10203
1.43748 0.144015 9.96927
1.44025 0.162075 7.00455
1.42727 0.141435 7.77138
1.54226 0.220915 7.40729
1.56811 0.215195 7.94205
1.48236 0.239865 8.7638
1.43199 0.117655 7.35904
1.44678 0.277485 8.50117
1.46589 0.147425 7.48364
1.47303 0.307795 8.94582
1.54414 0.122675 7.4057
1.43927 0.255635 6.7562
1.42769 0.0840551 8.1909
1.45293 0.00994509 6.92326
1.54478 0.226055 9.35956
1.54301 0.0468651 6.54529
1.42049 0.211855 5.36318
1.47072 0.154745 10.2056
1.45911 0.0808851 11.655
1.44106 0.231045 10.5662
1.53604 0.246945 5.72753
1.43773 0.213995 7.08098
1.55723 0.0365251 8.50259
1.47778 0.162485 8.39817
