1.42518 0.234631 8.7076
1.49692 0.0326814 5.82244
1.65792 0.0161314 7.37957
1.63977 0.258031 10.1603
1.45606 0.171071 7.7152
1.6517 0.153841 7.76581
1.62687 0.311141 8.58305
1.49 0.0331614 9.15563
1.66412 0.276481 8.36664
1.5163 0.0308314 7.70957
1.42854 0.0356414 6.82345
1.66365 0.286421 7.45023
1.56315 0.0183514 9.96927
1.56592 0.0364114 7.00455
1.50553 0.150511 6.1877
1.56329 0.196101 8.92088
1.55294 0.0157714 7.77138
1.49695 0.218381 6.8205
1.66793 0.0952514 7.40729
1.44933 0.276771 6.03563
1.69378 0.0895314 7.94205
1.45833 0.0822014 8.19487
1.60803 0.114201 8.7638
1.43406 0.255521 8.7325
1.57828 0.290201 6.735
1.57245 0.151821 8.50117
1.59156 0.0217614 7.48364
1.5987 0.182131 8.94582
1.56494 0.129971 6.7562
1.51696 0.0871114 9.90616
1.57625 0.283361 6.4562
1.45674 0.112731 9.03351
1.67045 0.100391 9.35956
1.54616 0.0861914 5.36318
1.59639 0.0290814 10.2056
1.46689 0.125971 10.0186
1.43982 0.0872514 7.77073
1.64879 0.217801 8.36279
1.4986 0.152041 10.3829
1.65093 0.279201 8.80256
1.62669 0.268541 6.74408
1.56673 0.105381 10.5662
1.66171 0.121281 5.72753
1.5634 0.0883314 7.08098
1.60345 0.0368214 8.39817
