1.43409 0.0955132 5.82244
1.59509 0.0789632 7.37957
1.58887 0.216673 7.76581
1.42717 0.0959932 9.15563
1.45347 0.0936632 7.70957
1.50032 0.0811832 9.96927
1.50309 0.0992432 7.00455
1.4427 0.213343 6.1877
1.50046 0.258933 8.92088
1.49011 0.0786032 7.77138
1.43412 0.281213 6.8205
1.6051 0.158083 7.40729
1.63095 0.152363 7.94205
1.5452 0.177033 8.7638
1.49483 0.0548232 7.35904
1.50962 0.214653 8.50117
1.46051 0.0476732 11.2999
1.52873 0.0845932 7.48364
1.53587 0.244963 8.94582
1.60698 0.0598432 7.4057
1.50211 0.192803 6.7562
1.45413 0.149943 9.90616
1.49053 0.0212232 8.1909
1.60762 0.163223 9.35956
1.48333 0.149023 5.36318
1.53356 0.0919132 10.2056
1.58596 0.280633 8.36279
1.52195 0.0180532 11.655
1.43577 0.214873 10.3829
1.5039 0.168213 10.5662
1.59888 0.184113 5.72753
1.50057 0.151163 7.08098
1.54062 0.0996532 8.39817
