1.70393 0.148702 4.94598
1.70754 0.256672 8.89574
1.69841 0.110542 5.95516
1.62569 0.0387802 7.53759
1.60875 0.171252 7.31676
1.7259 0.0931622 13.2607
1.64172 0.244642 7.62888
1.45445 0.240552 5.07656
1.52831 0.126232 5.4877
1.50897 0.0878122 5.24442
1.54443 0.133442 8.50486
1.4787 0.131292 6.33825
1.52434 0.260872 9.32617
1.64077 0.175262 9.6453
1.55372 0.177792 4.65845
1.5764 0.104492 10.5272
1.54869 0.143352 11.0721
1.72724 0.0657822 10.0676
1.46391 0.241382 8.9722
1.56692 0.285932 11.4035
1.44904 0.224822 9.01068
1.71355 0.253302 10.9021
1.49685 0.0221312 9.21608
1.64041 0.186312 8.16243
1.72402 0.263682 8.62706
1.60693 0.189572 10.1151
1.6506 0.114002 6.86078
1.64255 0.182702 8.5467
1.42394 0.217722 9.41792
1.64982 0.0099272 6.96829
1.4765 0.0048162 6.3755
1.58605 0.0069822 9.58703
1.68068 0.0164702 4.74399
1.51261 0.137112 9.10352
1.43743 0.0935822 10.7689
1.53117 0.114872 11.3282
1.57608 0.241942 6.16464
1.51982 0.291542 4.79989
1.68533 0.200842 8.19531
1.65647 0.202842 6.37099
1.52268 0.172082 4.60021
1.55083 0.241842 9.68396
