1.72279 0.310466 8.13136
1.51576 0.0224958 10.1853
1.5959 0.280676 8.69853
1.45777 0.0807958 9.83595
1.66694 0.285196 7.92899
1.6385 0.211806 9.39184
1.58972 0.150486 6.00485
1.58366 0.0666458 8.80242
1.58981 0.0230158 9.6439
1.6621 0.215676 9.35374
1.47765 0.0116258 6.16769
1.53953 0.0734558 7.40473
1.56946 0.0428358 6.64655
1.55851 0.274916 10.1846
1.54911 0.168616 10.6279
1.67093 0.261086 11.9338
1.57453 0.130026 5.92509
1.54589 0.257986 11.9504
1.62275 0.126916 9.6978
1.48206 0.136936 6.98397
1.5914 0.216646 12.7744
1.60814 0.124826 9.42632
1.64311 0.112336 7.91843
1.5637 0.150246 9.52918
1.52447 0.0153258 7.55029
1.63971 0.283046 8.95233
1.57008 0.185656 4.57745
1.65118 0.0530758 10.4128
1.54615 0.134756 7.50102
1.61102 0.188506 9.03485
1.5055 0.238756 9.22838
1.54351 0.201236 6.2887
1.54082 0.160466 10.3397
1.72081 0.300806 7.56544
1.58178 0.213376 9.15752
1.52931 0.301576 8.99324
1.69407 0.289426 9.73365
1.50756 0.109386 11.6866
1.68159 0.271986 5.02904
1.69851 0.182036 7.92413
1.64726 0.166086 8.68781
1.60954 0.227276 8.16371
1.51276 0.257956 8.43044
1.517 0.154366 9.07249
1.47849 0.0526658 8.42762
1.50513 0.198656 9.93495
1.52908 0.270896 8.03211
1.42058 0.0884758 6.43828
1.60398 0.293976 6.16866
1.42789 0.0450258 5.13396
