1.50837 0.0733166 6.60285
1.62795 0.164693 9.74021
1.62551 0.302247 8.4751
1.6231 0.0866756 8.59348
1.69548 0.154064 12.1488
1.65006 0.152451 11.0043
1.42094 0.19836 8.70569
1.54968 0.0714016 5.94683
1.46102 0.178826 7.71501
1.59524 0.227436 9.51222
1.54696 0.19097 10.8971
1.57287 0.0817926 7.10851
1.67425 0.0285386 10.0053
1.61638 0.283031 5.67738
1.47634 0.0570996 9.98307
1.41572 0.00334062 8.22592
1.68743 0.297562 8.16567
1.62128 0.184744 11.0274
1.58237 0.112218 11.5072
1.45312 0.218116 4.11679
1.72181 0.29734 10.1696
1.57858 0.0341856 11.184
1.45749 0.0893576 9.11294
1.50681 0.224219 9.39887
1.47944 0.12369 11.8948
1.69232 0.29924 10.6298
1.52988 0.183805 7.80754
1.71026 0.252436 8.52539
1.70184 0.0380106 8.37427
1.54056 0.244083 11.5427
1.57123 0.229186 4.50924
1.41912 0.31118 8.41577
1.67674 0.169959 7.65113
1.4568 0.133243 8.6951
1.65694 0.183004 8.77532
1.65119 0.166362 13.2376
1.61741 0.0163996 7.0556
1.4387 0.0316446 7.58426
1.46055 0.111493 10.716
1.59691 0.0986416 7.69526
1.46884 0.236757 6.4485
1.58198 0.263956 6.33509
1.49966 0.292782 5.84904
1.6046 0.0611956 6.11333
1.52049 0.0171706 10.7616
1.65879 0.247365 10.8441
1.65245 0.0265136 10.7388
1.547 0.105291 10.7432
1.60504 0.21393 8.50538
1.53077 0.101323 9.80419
1.55073 0.27806 9.05733
1.67135 0.0503126 7.88509
1.60669 0.182256 8.21164
1.66965 0.135976 6.10387
1.61849 0.201974 6.87497
1.41552 0.242817 5.76204
1.69551 0.0443456 8.46429
1.63919 0.117759 7.01844
1.50338 0.120989 10.6496
