1.522 0.0514335 11.2358
1.63587 0.0955731 12.4557
1.69897 0.0279206 7.22159
1.66591 0.28678 3.7005
1.70569 0.262461 10.805
1.52397 0.239339 8.55357
1.6096 0.244666 3.37254
1.45257 0.226764 6.84356
1.55135 0.195929 6.82155
1.42236 0.276651 6.70846
1.56923 0.275942 9.77939
1.67447 0.296807 6.6897
1.6791 0.117505 7.62246
1.69754 0.238013 7.85156
1.59695 0.291799 7.96221
1.56076 0.30967 7.51291
1.45138 0.311946 8.20439
1.56638 0.186469 7.19434
1.54923 0.0914461 8.03949
1.48711 0.0168835 8.61454
1.67623 0.0325385 8.51265
1.68259 0.158225 8.59134
1.4924 0.0591771 9.15397
1.65601 0.147425 9.38365
1.43689 0.174399 11.752
1.67128 0.308537 10.4416
1.43496 0.00306087 7.47052
1.63599 0.278465 5.01792
1.57497 0.0977421 7.31087
1.51675 0.0872071 9.11878
1.57609 0.241112 4.99717
1.60481 0.203639 8.4487
1.50091 0.151025 7.97113
1.45743 0.160894 6.60827
1.48565 0.121388 9.00137
1.72102 0.13261 8.71202
1.70153 0.16804 6.44466
1.48598 0.177208 6.05235
1.64549 0.0124027 1.21813
1.53378 0.281466 10.0896
1.6082 0.114324 6.308
1.67325 0.00595757 8.54926
1.7034 0.0885611 6.88925
1.44076 0.209102 6.05723
1.62377 0.229614 10.2666
1.57788 0.00164187 5.63548
