1.63767 0.279727 12.9007
1.52949 0.0477773 6.072
1.49339 0.187267 7.07608
1.51892 0.254287 8.43818
1.44805 0.0351073 3.67236
1.4813 0.180257 8.06815
1.58253 0.0652773 12.1639
1.65145 0.0984073 9.38835
1.69387 0.0412273 10.1286
1.69677 0.207827 6.82176
1.66082 0.290497 10.9523
1.54891 0.147587 9.36993
1.64516 0.160407 8.20915
1.71195 0.0226073 6.68752
1.61302 0.248847 11.5138
1.50285 0.0821773 7.4106
1.48744 0.157547 9.83948
1.67133 0.208047 13.332
1.63664 0.106757 11.8505
1.72385 0.228277 7.36905
1.5841 0.173957 7.95426
1.48958 0.146397 6.42953
1.68829 0.281017 6.80097
1.69966 0.0405673 10.2238
1.63161 0.119937 10.4394
1.45246 0.207797 9.65443
1.44749 0.204317 10.5456
1.67164 0.119107 10.712
1.6785 0.0195973 9.24032
1.6303 0.143277 8.16109
1.67251 0.0622273 9.47274
1.4749 0.196137 7.27614
1.60416 0.206567 7.55241
1.64707 0.118347 12.3515
1.68529 0.313847 10.8404
1.62915 0.149657 9.85846
1.70052 0.233007 6.80336
1.628 0.282547 7.60619
1.58776 0.284627 8.59634
1.46188 0.130027 10.9494
1.66951 0.210197 9.1558
1.66626 0.264317 11.4258
1.48126 0.218957 8.03268
1.47831 0.115757 8.29231
1.69101 0.247127 7.69981
1.58329 0.134317 9.10911
1.45703 0.293837 7.99167
1.42334 0.150177 6.28386
1.43599 0.242037 9.77302
1.53008 0.276067 9.85696
1.68781 0.165047 8.65907
