1.49211 0.0807572 5.96716
1.71621 0.279137 9.08504
1.43461 0.275171 8.59348
1.66641 0.0144122 7.51314
1.5368 0.0544522 5.63591
1.6582 0.0701312 12.1524
1.62152 0.104927 9.56359
1.71347 0.0164452 5.86907
1.48576 0.217034 10.0053
1.44206 0.0177872 7.80436
1.67706 0.128467 6.35847
1.57134 0.208081 8.49087
1.65852 0.286366 6.55031
1.50505 0.00487018 11.0761
1.48663 0.150368 6.38716
1.43461 0.109751 6.52623
1.58277 0.123193 8.27446
1.62212 0.183474 10.1909
1.56868 0.118202 8.22314
1.59531 0.101178 7.06719
1.61265 0.172607 6.67151
1.51335 0.226506 8.37427
1.65512 0.0465822 10.6204
1.66859 0.0422932 9.2454
1.70962 0.252757 8.64718
1.54948 0.239755 9.96514
1.66204 0.0674542 11.3499
1.44293 0.178098 9.51288
1.44235 0.0999952 7.96849
1.45879 0.102633 8.86756
1.42891 0.204895 7.0556
1.67619 0.192439 8.52198
1.66785 0.234289 6.57866
1.58781 0.215349 4.05262
1.61081 0.192167 11.362
1.41611 0.249691 6.11333
1.5517 0.218753 7.82857
1.63193 0.111078 5.67851
1.57404 0.256953 8.44583
1.46396 0.215009 10.7388
1.5066 0.0303482 10.6453
1.60464 0.0125362 8.94963
1.54889 0.124191 9.87123
1.48286 0.238808 7.88509
1.59307 0.0922532 8.97001
1.56643 0.0397712 8.2677
1.50702 0.232841 8.46429
1.68969 0.277933 7.57015
1.60732 0.273773 11.6562
1.45069 0.306254 7.01844
1.66302 0.0175262 11.3216
1.50687 0.0793882 10.0447
1.62887 0.101541 12.7666
1.70043 0.0870992 10.4779
