1.53434 0.0316937 9.63738
1.52023 0.273854 11.3908
1.59826 0.00953366 8.54072
1.4448 0.298604 6.09766
1.70277 0.0864837 8.06706
1.62317 0.300594 11.9717
1.47704 0.300234 6.23661
1.52197 0.0957837 7.2678
1.69874 0.219574 6.50129
1.71092 0.176424 12.188
1.50251 0.0820837 9.35944
1.71275 0.230374 6.52277
1.50992 0.135844 7.19595
1.5063 0.271794 10.7885
1.43532 0.223254 7.59174
1.52128 0.200434 11.1253
1.6 0.0950037 7.17738
1.71201 0.0837237 6.56557
1.5001 0.119994 7.06889
1.44428 0.216404 8.29164
1.66042 0.266774 8.0249
1.47226 0.159684 11.918
1.41564 0.222654 7.71003
1.4414 0.137424 7.90894
1.56719 0.0741237 7.50217
1.55613 0.306874 6.39138
1.64062 0.256694 5.39801
1.43684 0.241204 6.36522
1.68207 0.119694 7.78481
1.479 0.0867837 7.77575
1.61106 0.260614 9.87982
1.58186 0.00334366 10.5716
1.45949 0.00328366 8.65282
1.49821 0.303164 11.2805
1.43411 0.0392237 7.11667
1.69332 0.145744 9.5887
1.57729 0.262064 8.56187
