1.42928 0.175005 5.96716
1.69314 0.068587 7.68211
1.52555 0.061539 6.13504
1.60358 0.10866 7.51314
1.47397 0.1487 5.63591
1.59537 0.164379 12.1524
1.67811 0.23917 7.37264
1.5278 0.084391 7.11464
1.55869 0.199175 9.56359
1.65064 0.110693 5.86907
1.42293 0.311282 10.0053
1.71945 0.054447 6.66171
1.61423 0.222715 6.35847
1.50851 0.302329 8.49087
1.44222 0.099118 11.0761
1.4238 0.244616 6.38716
1.51994 0.217441 8.27446
1.41387 0.018827 8.43891
1.55929 0.277722 10.1909
1.70029 0.07978 10.044
1.50585 0.21245 8.22314
1.53248 0.195426 7.06719
1.54982 0.266855 6.67151
1.53052 0.00824896 7.87133
1.59229 0.14083 10.6204
1.60576 0.136541 9.2454
1.70266 0.00777396 6.7508
1.69608 0.125222 5.13603
1.59921 0.161702 11.3499
1.61336 0.286687 8.52198
1.66649 0.052571 6.67983
1.57248 0.059899 8.07134
1.52498 0.309597 4.05262
1.54798 0.286415 11.362
1.63032 0.063642 7.15817
1.48887 0.313001 7.82857
1.5691 0.205326 5.67851
1.46866 0.017433 8.32273
1.44377 0.124596 10.6453
1.54181 0.106784 8.94963
1.48606 0.218439 9.87123
1.53024 0.186501 8.97001
1.5036 0.134019 8.2677
1.45085 0.064225 11.0923
1.60019 0.111774 11.3216
1.44404 0.173636 10.0447
1.56604 0.195789 12.7666
1.6376 0.181347 10.4779
