1.49211 0.112173 5.96716
1.71621 0.310553 9.08504
1.43461 0.306587 8.59348
1.66641 0.0458281 7.51314
1.5368 0.0858681 5.63591
1.6582 0.101547 12.1524
1.59063 0.0215591 7.11464
1.62152 0.136343 9.56359
1.71347 0.0478611 5.86907
1.48576 0.24845 10.0053
1.44206 0.0492031 7.80436
1.67706 0.159883 6.35847
1.57134 0.239497 8.49087
1.50505 0.0362861 11.0761
1.48663 0.181784 6.38716
1.43461 0.141167 6.52623
1.58277 0.154609 8.27446
1.62212 0.21489 10.1909
1.56868 0.149618 8.22314
1.59531 0.132594 7.06719
1.61265 0.204023 6.67151
1.51335 0.257922 8.37427
1.43436 0.0134251 7.17437
1.65512 0.0779981 10.6204
1.66859 0.0737091 9.2454
1.70962 0.284173 8.64718
1.54948 0.271171 9.96514
1.66204 0.0988701 11.3499
1.44293 0.209514 9.51288
1.44235 0.131411 7.96849
1.45879 0.134049 8.86756
1.42891 0.236311 7.0556
1.67619 0.223855 8.52198
1.66785 0.265705 6.57866
1.58781 0.246765 4.05262
1.61081 0.223583 11.362
1.69315 0.000810102 7.15817
1.41611 0.281107 6.11333
1.5517 0.250169 7.82857
1.63193 0.142494 5.67851
1.57404 0.288369 8.44583
1.46396 0.246425 10.7388
1.5066 0.0617641 10.6453
1.60464 0.0439521 8.94963
1.54889 0.155607 9.87123
1.48286 0.270224 7.88509
1.59307 0.123669 8.97001
1.56643 0.0711871 8.2677
1.51368 0.0013931 11.0923
1.50702 0.264257 8.46429
1.68969 0.309349 7.57015
1.60732 0.305189 11.6562
1.66302 0.0489421 11.3216
1.50687 0.110804 10.0447
1.62887 0.132957 12.7666
1.70043 0.118515 10.4779
