1.52281 0.21543 10.0414
1.59952 0.242373 10.0648
1.7039 0.1011 6.84356
1.48896 0.163472 8.38548
1.67369 0.150987 6.70846
1.55949 0.116371 8.71616
1.58451 0.309683 7.61425
1.49091 0.0232374 9.80651
1.42934 0.0724914 9.00129
1.46812 0.305774 6.66171
1.63713 0.234894 10.6992
1.51413 0.268876 7.70877
1.63282 0.209229 10.4172
1.70271 0.186282 8.20439
1.46334 0.00119437 8.5405
1.60053 0.250938 8.57003
1.54809 0.0200544 8.30911
1.6156 0.0883844 9.14711
1.605 0.0413404 6.65722
1.66363 0.0509454 11.3427
1.64791 0.215626 5.5296
1.52752 0.0347284 9.45157
1.51472 0.143442 10.3583
1.49142 0.271386 8.87674
1.68822 0.0487354 11.752
1.54184 0.122148 10.4743
1.45133 0.259101 6.7508
1.57527 0.0955274 9.16685
1.59319 0.23441 11.1769
1.52626 0.0123924 8.08209
1.70876 0.0352304 6.60827
1.41516 0.303898 6.67983
1.52648 0.0860444 8.11637
1.48683 0.0405084 8.68096
1.6487 0.287893 11.2138
1.42519 0.201978 9.89085
1.54852 0.303303 6.65493
1.70229 0.251101 9.9007
1.46929 0.148136 8.58803
1.69209 0.0834384 6.05723
1.53094 0.0619444 10.6162
1.69217 0.1974 8.52994
1.66278 0.16795 8.21493
1.42619 0.159642 8.48262
1.57987 0.107061 10.9814
1.43842 0.232665 9.67049
1.51068 0.0505934 8.06564
