1.46069 0.143589 5.96716
1.72455 0.037171 7.68211
1.55696 0.030123 6.13504
1.63499 0.077244 7.51314
1.50538 0.117284 5.63591
1.62678 0.132963 12.1524
1.70952 0.207754 7.37264
1.55921 0.052975 7.11464
1.5901 0.167759 9.56359
1.68205 0.079277 5.86907
1.45434 0.279866 10.0053
1.64564 0.191299 6.35847
1.53992 0.270913 8.49087
1.47363 0.067702 11.0761
1.45521 0.2132 6.38716
1.55135 0.186025 8.27446
1.5907 0.246306 10.1909
1.53726 0.181034 8.22314
1.56389 0.16401 7.06719
1.58123 0.235439 6.67151
1.48193 0.289338 8.37427
1.6237 0.109414 10.6204
1.63717 0.105125 9.2454
1.51806 0.302587 9.96514
1.72749 0.093806 5.13603
1.63062 0.130286 11.3499
1.42737 0.165465 8.86756
1.64477 0.255271 8.52198
1.6979 0.021155 6.67983
1.60389 0.028483 8.07134
1.63643 0.297121 6.57866
1.55639 0.278181 4.05262
1.57939 0.254999 11.362
1.66173 0.032226 7.15817
1.52028 0.281585 7.82857
1.60051 0.17391 5.67851
1.43254 0.277841 10.7388
1.47518 0.09318 10.6453
1.57322 0.075368 8.94963
1.51747 0.187023 9.87123
1.45144 0.30164 7.88509
1.56165 0.155085 8.97001
1.53501 0.102603 8.2677
1.48226 0.032809 11.0923
1.4756 0.295673 8.46429
1.6316 0.080358 11.3216
1.47545 0.14222 10.0447
1.59745 0.164373 12.7666
1.66901 0.149931 10.4779
