1.51943 0.14963 6.72821
1.52282 0.12258 8.13381
1.53089 0.120574 12.6617
1.5096 0.22087 5.12914
1.61948 0.305167 10.8045
1.55106 0.272309 9.07927
1.53663 0.0817441 5.18387
1.64658 0.0940871 7.83037
1.63488 0.0076561 11.8718
1.5023 0.221966 8.96064
1.65022 0.296368 8.42116
1.69678 0.0460341 7.3861
1.52991 0.160082 11.3029
1.69507 0.245151 9.03151
1.57373 0.0135661 10.3001
1.69237 0.112769 7.5472
1.46047 0.0060281 8.16017
1.41453 0.2278 7.03882
1.66 0.282185 7.12507
1.59828 0.296559 10.939
1.65181 0.306789 8.16821
1.62039 0.1165 4.58945
1.55338 0.256055 12.9904
1.54973 0.275458 4.46063
1.65471 0.254977 11.887
1.68928 0.245682 10.5758
1.48882 0.162533 10.632
1.674 0.19296 7.4196
1.43989 0.259896 7.65244
1.69152 0.133926 7.41457
1.72377 0.198871 9.31113
1.68368 0.217848 9.21846
1.49791 0.229447 10.5948
1.46205 0.178696 8.49091
1.48123 0.218406 8.43866
1.45055 0.267447 11.4644
1.41565 0.0565251 8.76655
1.57704 0.194867 8.8079
1.50756 0.11101 8.37157
1.54763 0.108834 6.44
1.58555 0.19739 6.62887
1.67745 0.157185 4.61245
1.4756 0.258793 12.7336
1.62073 0.156794 8.44286
1.59764 0.0346631 8.74642
1.50798 0.0651251 9.15083
1.62687 0.212875 9.12892
1.55909 0.15237 10.4804
