1.67651 0.30671 6.72821
1.6799 0.27966 8.13381
1.68797 0.277654 12.6617
1.446 0.00403673 3.7005
1.69371 0.238824 5.18387
1.49853 0.305694 6.6666
1.65048 0.0221087 8.98611
1.45456 0.0140637 6.6897
1.68034 0.0718517 8.83252
1.64045 0.0176457 12.443
1.56535 0.250794 7.37958
1.49701 0.218106 9.07308
1.68801 0.0928677 10.0325
1.55186 0.0209957 6.39708
1.65921 0.0919737 7.99525
1.61755 0.163108 8.16017
1.44356 0.231931 9.93685
1.55088 0.208179 7.97329
1.45137 0.0257937 10.4416
1.46825 0.254996 5.52521
1.56975 0.0924057 10.6514
1.51523 0.176112 7.33414
1.48829 0.313293 6.70653
1.53842 0.0285597 7.06655
1.59383 0.140938 10.2289
1.52008 0.00441373 6.95009
1.57257 0.118527 10.7062
1.57273 0.213605 8.76655
1.45067 0.228603 7.60424
1.56757 0.204941 11.2267
1.66464 0.26809 8.37157
1.62169 0.0890697 4.94002
1.70471 0.265914 6.44
1.56306 0.19721 10.3192
1.66506 0.222205 9.15083
1.71617 0.30945 10.4804
1.58121 0.110593 8.26844
