1.63587 0.0327412 12.4557
1.66591 0.223948 3.7005
1.55945 0.301607 8.00123
1.70569 0.199629 10.805
1.52397 0.176507 8.55357
1.6096 0.181834 3.37254
1.45257 0.163932 6.84356
1.55135 0.133097 6.82155
1.51456 0.298795 10.1435
1.42236 0.213819 6.70846
1.55488 0.292772 9.3455
1.56923 0.21311 9.77939
1.67447 0.233975 6.6897
1.6791 0.0546732 7.62246
1.69754 0.175181 7.85156
1.49928 0.259198 8.78189
1.59695 0.228967 7.96221
1.56076 0.246838 7.51291
1.45138 0.249114 8.20439
1.56638 0.123637 7.19434
1.54923 0.0286142 8.03949
1.68259 0.0953932 8.59134
1.65601 0.0845932 9.38365
1.43689 0.111567 11.752
1.67128 0.245705 10.4416
1.63599 0.215633 5.01792
1.57497 0.0349102 7.31087
1.51675 0.0243752 9.11878
1.57609 0.17828 4.99717
1.60481 0.140807 8.4487
1.61588 0.309439 9.09785
1.50091 0.0881932 7.97113
1.45743 0.0980622 6.60827
1.48565 0.0585562 9.00137
1.72102 0.0697782 8.71202
1.70153 0.105208 6.44466
1.48598 0.114376 6.05235
1.53378 0.218634 10.0896
1.6082 0.0514922 6.308
1.52546 0.301665 7.92157
1.45096 0.313933 9.9007
1.7034 0.0257292 6.88925
1.44076 0.14627 6.05723
1.44084 0.260232 8.52994
1.62377 0.166782 10.2666
1.5512 0.252053 12.5121
