1.46259 0.292468 7.33602
1.54025 0.0982845 3.7005
1.43379 0.175944 8.00123
1.58003 0.0739655 10.805
1.68042 0.0881325 9.43611
1.48394 0.0561705 3.37254
1.70265 0.0213575 9.34267
1.42569 0.00743351 6.82155
1.42922 0.167109 9.3455
1.44357 0.0874465 9.77939
1.54881 0.108312 6.6897
1.45914 0.18983 6.03781
1.57188 0.0495175 7.85156
1.59126 0.312354 9.07308
1.69144 0.0438895 7.91891
1.47129 0.103304 7.96221
1.4351 0.121175 7.51291
1.49334 0.22019 6.69026
1.64611 0.115244 6.39708
1.42598 0.263901 10.5675
1.42399 0.210375 9.01217
1.50475 0.214887 8.8942
1.49063 0.200296 8.34187
1.7118 0.257356 8.16017
1.64513 0.302427 7.97329
1.54562 0.120042 10.4416
1.51033 0.0899695 5.01792
1.664 0.186654 10.6514
1.60948 0.27036 7.33414
1.45043 0.0526165 4.99717
1.65426 0.000335514 4.09234
1.47915 0.0151435 8.4487
1.49022 0.183776 9.09785
1.63267 0.122808 7.06655
1.68808 0.235186 10.2289
1.61433 0.0986615 6.95009
1.66682 0.212775 10.7062
1.47844 0.297851 6.87443
1.66698 0.307853 8.76655
1.66182 0.299189 11.2267
1.71594 0.183318 4.94002
1.49811 0.0411185 10.2666
1.49269 0.212983 12.9843
1.65731 0.291458 10.3192
1.42554 0.12639 12.5121
1.67546 0.204841 8.26844
