1.44593 0.20997 5.90633
1.6361 0.0316178 11.0708
1.56604 0.201878 9.61012
1.64864 0.130689 10.2318
1.52458 0.248678 6.90515
1.47864 0.0956201 8.49369
1.62372 0.229492 9.69424
1.69869 0.0316084 8.32577
1.54433 0.164585 9.06173
1.54804 0.0414808 7.11368
1.59373 0.0955053 9.29282
1.62259 0.127981 5.60241
1.63539 0.15845 11.2749
1.6203 0.0371787 7.98499
1.55019 0.193531 5.83037
1.41831 0.134451 7.92844
1.46489 0.245951 10.396
1.48543 0.3029 7.28628
1.51896 0.210294 8.12724
1.6249 0.19925 7.26106
1.52938 0.0452519 7.31209
1.72315 0.294719 8.68587
1.55596 0.0502623 5.01094
1.45654 0.183625 7.76821
1.50939 0.273031 9.83317
1.70013 0.0775959 7.44114
1.47069 0.245334 8.33951
1.47853 0.150646 9.71732
1.70288 0.21818 5.89796
1.48945 0.252017 11.7136
1.58438 0.239137 8.9822
1.6465 0.0741229 9.02669
1.72534 0.168948 8.2231
1.68377 0.196944 11.6618
1.67154 0.150515 9.67071
1.41691 0.095876 9.63843
1.49227 0.114188 6.55918
1.64554 0.293465 7.4756
1.51331 0.0493034 11.2805
1.60737 0.241165 5.63124
1.65629 0.126663 10.2391
1.71574 0.305151 7.14641
1.61151 0.241602 8.44872
1.47997 0.107855 8.9243
1.50477 0.0427031 9.38194
1.55022 0.25465 10.2095
1.66979 0.247543 8.27921
1.56319 0.272072 7.37415
1.6558 0.147561 4.31865
