1.61688 0.0834777 11.2358
1.49557 0.0544338 5.49643
1.61885 0.271383 8.55357
1.70448 0.27671 3.37254
1.54745 0.258808 6.84356
1.64623 0.227973 6.82155
1.51724 0.308695 6.70846
1.66411 0.307986 9.77939
1.4507 0.0450161 8.70002
1.42526 0.075231 11.5783
1.45915 0.246092 9.14711
1.44855 0.199048 6.65722
1.50718 0.208653 11.3427
1.66126 0.218513 7.19434
1.64411 0.12349 8.03949
1.58199 0.0489277 8.61454
1.58728 0.0912213 9.15397
1.53177 0.206443 11.752
1.52984 0.0351051 7.47052
1.66985 0.129786 7.31087
1.46102 0.0337651 5.86824
1.61163 0.119251 9.11878
1.41882 0.253235 9.16685
1.67097 0.273156 4.99717
1.4157 0.0384924 9.94106
1.69969 0.235683 8.4487
1.44862 0.154696 9.83102
1.59579 0.183069 7.97113
1.47844 0.144563 8.75275
1.55231 0.192938 6.60827
1.58053 0.153432 9.00137
1.59126 0.0208137 8.29084
1.62889 0.0207827 6.58664
1.58086 0.209252 6.05235
1.42374 0.124237 8.00612
1.62866 0.31351 10.0896
1.70308 0.146368 6.308
1.52054 0.00394958 10.8973
1.53564 0.241146 6.05723
1.71865 0.261658 10.2666
1.67276 0.0336861 5.63548
1.42342 0.264769 10.9814
