1.61876 0.0853627 11.2358
1.49745 0.0563188 5.49643
1.62073 0.273268 8.55357
1.70636 0.278595 3.37254
1.54933 0.260693 6.84356
1.64811 0.229858 6.82155
1.51912 0.31058 6.70846
1.66599 0.309871 9.77939
1.45258 0.0469011 8.70002
1.42714 0.077116 11.5783
1.46103 0.247977 9.14711
1.45043 0.200933 6.65722
1.50906 0.210538 11.3427
1.66314 0.220398 7.19434
1.64599 0.125375 8.03949
1.58387 0.0508127 8.61454
1.58916 0.0931063 9.15397
1.53365 0.208328 11.752
1.53172 0.0369901 7.47052
1.67173 0.131671 7.31087
1.4629 0.0356501 5.86824
1.61351 0.121136 9.11878
1.4207 0.25512 9.16685
1.67285 0.275041 4.99717
1.41758 0.0403774 9.94106
1.70157 0.237568 8.4487
1.4505 0.156581 9.83102
1.59767 0.184954 7.97113
1.48032 0.146448 8.75275
1.55419 0.194823 6.60827
1.58241 0.155317 9.00137
1.59314 0.0226987 8.29084
1.63077 0.0226677 6.58664
1.58274 0.211137 6.05235
1.42562 0.126122 8.00612
1.70496 0.148253 6.308
1.52242 0.00583453 10.8973
1.53752 0.243031 6.05723
1.72053 0.263543 10.2666
1.67464 0.0355711 5.63548
1.4253 0.266654 10.9814
