1.61892 0.0855198 11.2358
1.49761 0.0564759 5.49643
1.62089 0.273425 8.55357
1.70652 0.278752 3.37254
1.54949 0.26085 6.84356
1.64827 0.230015 6.82155
1.51928 0.310737 6.70846
1.66615 0.310028 9.77939
1.45274 0.0470582 8.70002
1.4273 0.0772731 11.5783
1.46119 0.248134 9.14711
1.45059 0.20109 6.65722
1.50922 0.210695 11.3427
1.6633 0.220555 7.19434
1.64615 0.125532 8.03949
1.58403 0.0509698 8.61454
1.58932 0.0932634 9.15397
1.53381 0.208485 11.752
1.53188 0.0371472 7.47052
1.67189 0.131828 7.31087
1.46306 0.0358072 5.86824
1.61367 0.121293 9.11878
1.42086 0.255277 9.16685
1.67301 0.275198 4.99717
1.41774 0.0405345 9.94106
1.70173 0.237725 8.4487
1.45066 0.156738 9.83102
1.59783 0.185111 7.97113
1.48048 0.146605 8.75275
1.55435 0.19498 6.60827
1.58257 0.155474 9.00137
1.5933 0.0228558 8.29084
1.63093 0.0228248 6.58664
1.5829 0.211294 6.05235
1.42578 0.126279 8.00612
1.70512 0.14841 6.308
1.52258 0.00599161 10.8973
1.53768 0.243188 6.05723
1.72069 0.2637 10.2666
1.6748 0.0357282 5.63548
1.42546 0.266811 10.9814
