1.61719 0.0837919 11.2358
1.49588 0.054748 5.49643
1.61916 0.271697 8.55357
1.70479 0.277024 3.37254
1.54776 0.259122 6.84356
1.64654 0.228287 6.82155
1.51755 0.309009 6.70846
1.66442 0.3083 9.77939
1.45101 0.0453303 8.70002
1.42557 0.0755452 11.5783
1.45946 0.246406 9.14711
1.44886 0.199362 6.65722
1.50749 0.208967 11.3427
1.66157 0.218827 7.19434
1.64442 0.123804 8.03949
1.5823 0.0492419 8.61454
1.58759 0.0915355 9.15397
1.53208 0.206757 11.752
1.53015 0.0354193 7.47052
1.67016 0.1301 7.31087
1.46133 0.0340793 5.86824
1.61194 0.119565 9.11878
1.41913 0.253549 9.16685
1.67128 0.27347 4.99717
1.41601 0.0388066 9.94106
1.7 0.235997 8.4487
1.44893 0.15501 9.83102
1.5961 0.183383 7.97113
1.47875 0.144877 8.75275
1.55262 0.193252 6.60827
1.58084 0.153746 9.00137
1.59157 0.0211279 8.29084
1.6292 0.0210969 6.58664
1.58117 0.209566 6.05235
1.42405 0.124551 8.00612
1.62897 0.313824 10.0896
1.70339 0.146682 6.308
1.52085 0.00426374 10.8973
1.53595 0.24146 6.05723
1.71896 0.261972 10.2666
1.67307 0.0340003 5.63548
1.42373 0.265083 10.9814
