1.61861 0.0852056 11.2358
1.4973 0.0561617 5.49643
1.62058 0.273111 8.55357
1.70621 0.278438 3.37254
1.54918 0.260536 6.84356
1.64796 0.229701 6.82155
1.51897 0.310423 6.70846
1.66584 0.309714 9.77939
1.45243 0.046744 8.70002
1.42699 0.0769589 11.5783
1.46088 0.24782 9.14711
1.45028 0.200776 6.65722
1.50891 0.210381 11.3427
1.66299 0.220241 7.19434
1.64584 0.125218 8.03949
1.58372 0.0506556 8.61454
1.58901 0.0929492 9.15397
1.5335 0.208171 11.752
1.53157 0.036833 7.47052
1.67158 0.131514 7.31087
1.46275 0.035493 5.86824
1.61336 0.120979 9.11878
1.42055 0.254963 9.16685
1.6727 0.274884 4.99717
1.41743 0.0402203 9.94106
1.70142 0.237411 8.4487
1.45035 0.156424 9.83102
1.59752 0.184797 7.97113
1.48017 0.146291 8.75275
1.55404 0.194666 6.60827
1.58226 0.15516 9.00137
1.59299 0.0225416 8.29084
1.63062 0.0225106 6.58664
1.58259 0.21098 6.05235
1.42547 0.125965 8.00612
1.70481 0.148096 6.308
1.52227 0.00567745 10.8973
1.53737 0.242874 6.05723
1.72038 0.263386 10.2666
1.67449 0.035414 5.63548
1.42515 0.266497 10.9814
