1.61656 0.0831636 11.2358
1.49525 0.0541197 5.49643
1.61853 0.271069 8.55357
1.70416 0.276396 3.37254
1.54713 0.258494 6.84356
1.64591 0.227659 6.82155
1.51692 0.308381 6.70846
1.66379 0.307672 9.77939
1.45038 0.044702 8.70002
1.42494 0.0749169 11.5783
1.45883 0.245778 9.14711
1.44823 0.198734 6.65722
1.50686 0.208339 11.3427
1.66094 0.218199 7.19434
1.64379 0.123176 8.03949
1.58167 0.0486136 8.61454
1.58696 0.0909072 9.15397
1.53145 0.206129 11.752
1.52952 0.034791 7.47052
1.66953 0.129472 7.31087
1.4607 0.033451 5.86824
1.61131 0.118937 9.11878
1.4185 0.252921 9.16685
1.67065 0.272842 4.99717
1.41538 0.0381783 9.94106
1.69937 0.235369 8.4487
1.4483 0.154382 9.83102
1.59547 0.182755 7.97113
1.47812 0.144249 8.75275
1.55199 0.192624 6.60827
1.58021 0.153118 9.00137
1.59094 0.0204996 8.29084
1.62857 0.0204686 6.58664
1.58054 0.208938 6.05235
1.42342 0.123923 8.00612
1.62834 0.313196 10.0896
1.70276 0.146054 6.308
1.52022 0.00363542 10.8973
1.53532 0.240832 6.05723
1.71833 0.261344 10.2666
1.67244 0.033372 5.63548
1.4231 0.264455 10.9814
