1.67905 0.409741 6.03781
1.71054 0.420207 8.34187
1.6439 0.430286 9.01217
1.7126 0.432894 12.9843
1.72466 0.434798 8.8942
1.5737 0.436941 9.84093
1.71325 0.440101 6.69026
1.49162 0.444973 11.2138
1.42743 0.466763 7.61425
1.49892 0.478878 7.23294
1.64589 0.483812 10.5675
1.56369 0.494292 6.92129
1.54815 0.503848 9.47077
1.5651 0.512015 9.57012
1.6825 0.512379 7.33602
1.54416 0.514375 8.10685
1.69835 0.517762 6.87443
1.47166 0.526256 4.65427
1.5434 0.528116 11.8979
1.56114 0.543606 8.16044
1.62911 0.54521 9.64888
1.63129 0.556417 10.6548
1.42498 0.559391 6.82595
1.65738 0.577344 8.31516
1.65843 0.584423 11.6893
1.45868 0.591819 8.13092
1.6964 0.609893 9.02493
1.66045 0.624861 9.74574
1.69856 0.626294 11.0816
1.67804 0.627777 8.86918
1.59538 0.634302 10.6921
1.71468 0.634403 8.46303
1.50547 0.634467 8.58628
1.6762 0.642255 6.18532
1.45112 0.644923 8.42282
1.66403 0.661365 7.50655
1.49423 0.676815 9.94862
1.41658 0.676926 7.66496
1.70177 0.682659 9.37759
1.55122 0.689639 10.4973
1.51053 0.693599 8.81906
1.46822 0.698217 4.412
1.67239 0.720437 7.52539
1.58682 0.721985 5.06431
