1.51991 0.254649 10.8973
1.62826 0.271482 6.58664
1.59063 0.271513 8.29084
1.67213 0.284385 5.63548
1.46039 0.284464 5.86824
1.52921 0.285804 7.47052
1.41507 0.289192 9.94106
1.45007 0.295715 8.70002
1.58136 0.299627 8.61454
1.49494 0.305133 5.49643
1.47317 0.00584211 9.88451
1.65218 0.0117021 9.33824
1.64365 0.0126221 7.18776
1.48985 0.0174521 6.57907
1.46964 0.0231921 10.8164
1.71585 0.0278021 10.1045
1.4268 0.0321721 7.48278
1.60666 0.0430921 4.65153
1.70958 0.0438321 10.4344
1.58353 0.0467321 8.8288
1.63531 0.0575621 11.3125
1.56008 0.0605721 10.6401
1.46012 0.0740121 10.0605
1.64491 0.0776821 6.68269
1.4166 0.0880221 10.2291
1.69398 0.0886521 8.04004
1.59249 0.0899821 9.83798
1.52344 0.0936421 5.39164
1.4541 0.0953421 11.9089
1.59362 0.0970921 1.79944
1.46863 0.100352 7.73531
1.56737 0.105432 9.17467
1.52067 0.115162 9.50062
1.47571 0.119122 7.30187
1.64802 0.120702 10.4545
1.59941 0.136802 5.76839
1.49261 0.155222 3.32247
1.67896 0.164912 5.5814
1.58481 0.183572 9.07765
1.681 0.186032 6.18782
1.47227 0.190262 8.86507
1.7228 0.198962 5.64483
1.5314 0.200892 5.05418
1.70908 0.201572 9.48351
1.52161 0.215452 11.0336
1.48246 0.216332 10.1957
1.65906 0.236312 9.66419
1.44641 0.240682 8.2235
