1.61625 0.0837919 11.2358
1.49494 0.054748 5.49643
1.61822 0.271697 8.55357
1.70385 0.277024 3.37254
1.54682 0.259122 6.84356
1.6456 0.228287 6.82155
1.51661 0.309009 6.70846
1.66348 0.3083 9.77939
1.45007 0.0453303 8.70002
1.42463 0.0755452 11.5783
1.45852 0.246406 9.14711
1.44792 0.199362 6.65722
1.50655 0.208967 11.3427
1.66063 0.218827 7.19434
1.64348 0.123804 8.03949
1.58136 0.0492419 8.61454
1.58665 0.0915355 9.15397
1.53114 0.206757 11.752
1.52921 0.0354193 7.47052
1.66922 0.1301 7.31087
1.46039 0.0340793 5.86824
1.611 0.119565 9.11878
1.41819 0.253549 9.16685
1.67034 0.27347 4.99717
1.41507 0.0388066 9.94106
1.69906 0.235997 8.4487
1.44799 0.15501 9.83102
1.59516 0.183383 7.97113
1.47781 0.144877 8.75275
1.55168 0.193252 6.60827
1.5799 0.153746 9.00137
1.59063 0.0211279 8.29084
1.62826 0.0210969 6.58664
1.58023 0.209566 6.05235
1.42311 0.124551 8.00612
1.62803 0.313824 10.0896
1.70245 0.146682 6.308
1.51991 0.00426374 10.8973
1.53501 0.24146 6.05723
1.71802 0.261972 10.2666
1.67213 0.0340003 5.63548
1.42279 0.265083 10.9814
