1.61625 0.0855198 11.2358
1.49494 0.0564759 5.49643
1.61822 0.273425 8.55357
1.70385 0.278752 3.37254
1.54682 0.26085 6.84356
1.6456 0.230015 6.82155
1.51661 0.310737 6.70846
1.66348 0.310028 9.77939
1.45007 0.0470582 8.70002
1.42463 0.0772731 11.5783
1.45852 0.248134 9.14711
1.44792 0.20109 6.65722
1.50655 0.210695 11.3427
1.66063 0.220555 7.19434
1.64348 0.125532 8.03949
1.58136 0.0509698 8.61454
1.58665 0.0932634 9.15397
1.53114 0.208485 11.752
1.52921 0.0371472 7.47052
1.66922 0.131828 7.31087
1.46039 0.0358072 5.86824
1.611 0.121293 9.11878
1.41819 0.255277 9.16685
1.67034 0.275198 4.99717
1.41507 0.0405345 9.94106
1.69906 0.237725 8.4487
1.44799 0.156738 9.83102
1.59516 0.185111 7.97113
1.47781 0.146605 8.75275
1.55168 0.19498 6.60827
1.5799 0.155474 9.00137
1.59063 0.0228558 8.29084
1.62826 0.0228248 6.58664
1.58023 0.211294 6.05235
1.42311 0.126279 8.00612
1.70245 0.14841 6.308
1.51991 0.00599161 10.8973
1.53501 0.243188 6.05723
1.71802 0.2637 10.2666
1.67213 0.0357282 5.63548
1.42279 0.266811 10.9814
