1.61625 0.0858339 11.2358
1.49494 0.05679 5.49643
1.61822 0.27374 8.55357
1.70385 0.279067 3.37254
1.54682 0.261165 6.84356
1.6456 0.23033 6.82155
1.51661 0.311052 6.70846
1.66348 0.310343 9.77939
1.45007 0.0473723 8.70002
1.42463 0.0775872 11.5783
1.45852 0.248449 9.14711
1.44792 0.201405 6.65722
1.50655 0.21101 11.3427
1.66063 0.22087 7.19434
1.64348 0.125847 8.03949
1.58136 0.0512839 8.61454
1.58665 0.0935775 9.15397
1.53114 0.2088 11.752
1.52921 0.0374613 7.47052
1.66922 0.132143 7.31087
1.46039 0.0361213 5.86824
1.611 0.121608 9.11878
1.41819 0.255592 9.16685
1.67034 0.275513 4.99717
1.41507 0.0408486 9.94106
1.69906 0.23804 8.4487
1.44799 0.157053 9.83102
1.59516 0.185426 7.97113
1.47781 0.14692 8.75275
1.55168 0.195295 6.60827
1.5799 0.155789 9.00137
1.59063 0.0231699 8.29084
1.62826 0.0231389 6.58664
1.58023 0.211609 6.05235
1.42311 0.126594 8.00612
1.70245 0.148725 6.308
1.51991 0.00630577 10.8973
1.53501 0.243503 6.05723
1.71802 0.264015 10.2666
1.67213 0.0360423 5.63548
1.42279 0.267126 10.9814
