1.47329 0.0700777 12.4219
1.57294 0.0193777 10.688
1.5816 0.000737664 12.6755
1.52621 0.154958 9.48466
1.64551 0.112858 9.29722
1.54289 0.213438 12.9834
1.48142 0.204298 7.66076
1.71451 0.307808 7.78813
1.41915 0.218438 10.6935
1.51937 0.208008 7.41922
1.66839 0.206318 7.10169
1.4603 0.310588 6.77883
1.56633 0.0612677 9.24279
1.46844 0.291958 5.60769
1.68933 0.289328 7.47602
1.48101 0.179828 8.51646
1.48213 0.0515877 6.7317
1.55904 0.127298 9.29786
1.70348 0.286728 10.8662
1.60477 0.307508 9.47463
1.42961 0.0203077 12.1533
1.52728 0.0471677 5.15501
1.56733 0.197618 6.12774
1.64715 0.0454077 8.64374
1.66703 0.0393677 8.86872
1.58633 0.231208 8.52589
1.71456 0.0702177 6.99146
1.72514 0.189548 5.76889
1.65334 0.144238 10.942
1.62103 0.173818 8.514
1.42842 0.0906477 12.2323
1.41434 0.0231877 9.58632
1.64271 0.266088 12.039
1.60032 0.208548 10.7157
1.62748 0.224598 5.9801
1.57106 0.277558 6.78974
1.69093 0.120048 5.50392
1.5099 0.0686077 5.42188
1.5749 0.0644377 10.5463
1.47049 0.154228 8.42748
1.59414 0.0405277 7.07483
1.62683 0.180398 10.1348
1.68163 0.312968 7.58876
1.42223 0.310648 10.2291
1.71534 0.263718 8.29944
