1.47428 0.0484795 8.93174
1.51011 0.0822095 10.688
1.51877 0.0635695 12.6755
1.46338 0.21779 9.48466
1.58268 0.17569 9.29722
1.50786 0.00497952 9.69856
1.48006 0.27627 12.9834
1.41859 0.26713 7.66076
1.45654 0.27084 7.41922
1.60556 0.26915 7.10169
1.5035 0.1241 9.24279
1.58859 0.0361695 11.3913
1.41818 0.24266 8.51646
1.4193 0.11442 6.7317
1.49621 0.19013 9.29786
1.70875 0.000459517 6.78092
1.68098 0.0397295 10.5453
1.50243 0.0112395 7.4216
1.46445 0.11 5.15501
1.58489 0.0460195 11.6885
1.51216 0.0265995 9.14341
1.5045 0.26045 6.12774
1.7024 0.15767 3.98645
1.58432 0.10824 8.64374
1.45449 0.0283495 9.08056
1.6042 0.1022 8.86872
1.5235 0.29404 8.52589
1.70275 0.31344 9.65577
1.65173 0.13305 6.99146
1.66231 0.25238 5.76889
1.59051 0.20707 10.942
1.46537 0.0141695 8.08381
1.5582 0.23665 8.514
1.53749 0.27138 10.7157
1.56465 0.28743 5.9801
1.65035 0.0579095 9.58302
1.69805 0.21014 8.38291
1.44255 0.000869517 10.0514
1.6281 0.18288 5.50392
1.44707 0.13144 5.42188
1.51207 0.12727 10.5463
1.68715 0.1033 9.6422
1.53131 0.10336 7.07483
1.564 0.24323 10.1348
1.52093 0.0393895 6.22646
