1.5884 0.140536 10.7018
1.57331 0.279248 7.22159
1.52194 0.0326662 6.45322
1.53324 0.160966 9.15002
1.59659 0.126066 8.22464
1.72154 0.277093 7.17247
1.68021 0.0906762 6.77883
1.47407 0.0572362 8.04004
1.68835 0.0720462 5.60769
1.67686 0.199616 7.3186
1.53013 0.0807062 8.64288
1.54263 0.100846 5.68548
1.61802 0.257408 8.18255
1.61215 0.297432 11.863
1.56786 0.230136 9.05761
1.52061 0.0636062 6.71246
1.67464 0.251876 10.7027
1.55057 0.283866 8.51265
1.52068 0.22804 13.1034
1.48917 0.170156 9.48351
1.70455 0.238521 9.91636
1.52221 0.0730962 9.00444
1.4154 0.0261462 11.3125
1.70929 0.160156 7.61783
1.50289 0.167546 5.64483
1.68027 0.131646 10.7552
1.6344 0.288084 8.99951
1.68863 0.30548 7.5743
1.45905 0.133496 5.5814
1.62678 0.255147 6.83958
1.48967 0.0124162 10.4344
1.72509 0.306235 9.51422
1.69765 0.105926 8.48306
1.5836 0.199686 5.65884
1.43915 0.204896 9.66419
1.46109 0.154616 6.18782
1.51983 0.26373 1.21813
1.425 0.0462662 6.68269
1.54759 0.257285 8.54926
1.54426 0.144906 9.3879
1.42811 0.0892862 10.4545
1.66892 0.290112 5.37212
1.45222 0.252969 5.63548
1.64971 0.310542 10.2745
1.64214 0.0907362 10.2291
