1.43132 0.297616 10.7018
1.53612 0.00724581 12.4219
1.58904 0.0921258 9.48466
1.70834 0.0500258 9.29722
1.60572 0.150606 12.9834
1.43951 0.283146 8.22464
1.54425 0.141466 7.66076
1.48198 0.155606 10.6935
1.5822 0.145176 7.41922
1.52313 0.247756 6.77883
1.53127 0.229126 5.60769
1.72771 0.280956 6.36533
1.54384 0.116996 8.51646
1.62187 0.0644658 9.29786
1.6676 0.244676 9.47463
1.45927 0.121246 9.09258
1.63016 0.134786 6.12774
1.52319 0.288726 10.7552
1.64916 0.168376 8.52589
1.4292 0.0811958 7.98219
1.47066 0.00955581 9.24046
1.71617 0.0814058 10.942
1.54057 0.263006 8.48306
1.68386 0.110986 8.514
1.49125 0.0278158 12.2323
1.70554 0.203256 12.039
1.66315 0.145716 10.7157
1.57283 0.283296 8.93778
1.69031 0.161766 5.9801
1.63389 0.214726 6.78974
1.60713 0.281916 9.5123
1.57273 0.00577581 5.42188
1.63773 0.00160581 10.5463
1.53332 0.0913958 8.42748
1.68966 0.117566 10.1348
1.48506 0.247816 10.2291
