1.49152 0.302869 6.46996
1.43743 0.279138 8.83928
1.47464 0.26478 8.93407
1.68498 0.221469 10.8337
1.69061 0.220691 10.2436
1.65361 0.264459 9.19408
1.56915 0.0682039 6.67889
1.66117 0.30322 10.2645
1.53494 0.282158 10.0032
1.4755 0.127965 8.42148
1.60163 0.0476313 5.7925
1.5985 0.269676 8.54955
1.59385 0.0297588 6.06698
1.72515 0.176985 8.4097
1.55748 0.211151 7.64434
1.599 0.292224 12.4866
1.68275 0.260014 7.50517
1.43764 0.016621 9.35156
1.42233 0.112072 8.14832
1.45474 0.145213 5.41982
1.49312 0.120291 9.13922
1.44651 0.249129 7.0509
1.61834 0.213345 7.9522
1.62054 0.00769783 9.27622
1.71456 0.144609 6.2747
1.52491 0.0845496 9.46124
1.54594 0.163311 7.97243
1.56212 0.275028 6.57374
1.46013 0.08955 10.4431
1.56414 0.187437 9.09919
1.7184 0.088737 7.33434
1.448 0.0242026 4.98748
1.59985 0.139784 7.74467
1.45226 0.0794171 4.47965
1.56049 0.234589 8.646
1.52095 0.0278106 9.49373
1.4413 0.203022 10.0271
1.72218 0.188469 9.26669
1.47016 0.162171 7.18347
1.48209 0.191992 8.19066
1.63624 0.0448797 10.2662
1.48448 0.0546487 9.92685
1.41913 0.283207 8.43738
1.5971 0.10797 9.29415
1.70564 0.300499 5.50732
1.57418 0.113136 8.95477
1.67464 0.268731 9.16591
