1.41933 0.23228 8.41595
1.4176 0.186178 5.46932
1.56543 0.240254 8.75379
1.48568 0.216391 5.66596
1.47816 0.224531 8.51605
1.67008 0.180317 9.80651
1.45611 0.237222 6.0172
1.5452 0.297122 11.9416
1.60851 0.229571 9.00129
1.53125 0.154387 8.91052
1.65516 0.0222943 8.01324
1.66014 0.0647192 9.52276
1.49691 0.171042 11.7172
1.41442 0.261575 8.92527
1.56913 0.25083 8.02839
1.64251 0.158274 8.5405
1.72726 0.177134 8.30911
1.70669 0.191808 9.45157
1.69389 0.300522 10.3583
1.58145 0.188767 10.2495
1.72101 0.279228 10.4743
1.6877 0.0771335 5.57474
1.70702 0.0838059 11.1562
1.64822 0.085087 8.05229
1.69127 0.106319 7.09935
1.50814 0.201775 7.91541
1.52775 0.0981131 7.44028
1.58933 0.112558 6.63795
1.4785 0.124749 10.6742
1.49102 0.238057 10.852
1.70543 0.169472 8.08209
1.70565 0.243124 8.11637
1.51033 0.0451549 6.36016
1.666 0.197588 8.68096
1.48328 0.00366046 7.05601
1.53353 0.0475594 5.53996
1.62078 0.0789796 5.00395
1.4895 0.24986 10.1353
1.45551 0.245536 9.85108
1.64846 0.305216 8.58803
1.71693 0.0711422 6.83678
1.53184 0.0237399 11.5136
1.71011 0.219024 10.6162
1.60857 0.146495 10.8996
1.6338 0.0371256 7.83896
1.52728 0.0395527 5.81244
1.55154 0.258714 7.65717
1.68985 0.207673 8.06564
