1.49787 0.23228 8.41595
1.49614 0.186178 5.46932
1.64397 0.240254 8.75379
1.56422 0.216391 5.66596
1.5567 0.224531 8.51605
1.53465 0.237222 6.0172
1.62374 0.297122 11.9416
1.68705 0.229571 9.00129
1.44234 0.226971 6.60668
1.60979 0.154387 8.91052
1.57545 0.171042 11.7172
1.49296 0.261575 8.92527
1.64767 0.25083 8.02839
1.72105 0.158274 8.5405
1.41496 0.00491092 8.88741
1.65999 0.188767 10.2495
1.41511 0.283769 5.88788
1.72676 0.085087 8.05229
1.58668 0.201775 7.91541
1.60629 0.0981131 7.44028
1.44687 0.157544 7.91538
1.66787 0.112558 6.63795
1.46034 0.138792 10.1557
1.55704 0.124749 10.6742
1.56956 0.238057 10.852
1.45582 0.234288 4.77087
1.44556 0.000377117 8.77191
1.42501 0.176884 7.03755
1.41551 0.0581106 8.53172
1.58887 0.0451549 6.36016
1.56182 0.00366046 7.05601
1.43235 0.0898336 10.1037
1.61207 0.0475594 5.53996
1.69932 0.0789796 5.00395
1.56804 0.24986 10.1353
1.53405 0.245536 9.85108
1.727 0.305216 8.58803
1.61038 0.0237399 11.5136
1.68711 0.146495 10.8996
1.71234 0.0371256 7.83896
1.47168 0.288195 10.6078
1.4633 0.10972 7.13814
1.60582 0.0395527 5.81244
1.63008 0.258714 7.65717
