1.68542 0.302869 6.46996
1.63133 0.279138 8.83928
1.46767 0.139326 7.66071
1.45753 0.0884587 6.95822
1.48736 0.0119994 7.66662
1.47554 0.243186 7.32524
1.66854 0.26478 8.93407
1.60257 0.155594 5.34668
1.55644 0.0144912 8.26421
1.43625 0.191508 7.57731
1.42296 0.0805195 6.3975
1.43374 0.157272 12.4017
1.66939 0.127965 8.42148
1.56548 0.121831 7.01489
1.60177 0.2792 8.66863
1.47592 0.0856839 6.7349
1.47883 0.239312 9.70333
1.50943 0.289592 10.0472
1.45588 0.226009 7.43086
1.4373 0.19116 8.91859
1.4459 0.150413 10.6775
1.45831 0.102169 10.8669
1.63154 0.016621 9.35156
1.43366 0.0227567 7.32073
1.61622 0.112072 8.14832
1.64864 0.145213 5.41982
1.68701 0.120291 9.13922
1.6404 0.249129 7.0509
1.53436 0.187072 6.09333
1.44186 0.180504 7.9142
1.50287 0.26345 11.9187
1.51442 0.149247 10.9659
1.5694 0.114121 8.56235
1.47151 0.198129 9.15475
1.71881 0.0845496 9.46124
1.65402 0.08955 10.4431
1.56124 0.0134104 10.3474
1.53659 0.299084 8.63455
1.64189 0.0242026 4.98748
1.50068 0.243668 5.34266
1.42377 0.195078 6.34768
1.64615 0.0794171 4.47965
1.71485 0.0278106 9.49373
1.63519 0.203022 10.0271
1.58396 0.159802 6.98959
1.66405 0.162171 7.18347
1.44998 0.161369 13.3051
1.67598 0.191992 8.19066
1.548 0.0509604 9.8235
1.42307 0.30684 4.94909
1.67837 0.0546487 9.92685
1.61303 0.283207 8.43738
1.50371 0.0329769 12.0575
1.53977 0.289999 9.78015
1.57999 0.270052 5.15963
