1.4478 0.0690253 10.0271
1.45875 0.20204 7.7224
1.5985 0.23228 8.41595
1.59677 0.186178 5.46932
1.4939 0.0680965 7.169
1.66485 0.216391 5.66596
1.65733 0.224531 8.51605
1.63528 0.237222 6.0172
1.72437 0.297122 11.9416
1.46078 0.0923983 8.38956
1.54297 0.226971 6.60668
1.71042 0.154387 8.91052
1.49575 0.0685322 4.68381
1.67608 0.171042 11.7172
1.59359 0.261575 8.92527
1.41467 0.15481 9.76983
1.45769 0.220693 6.53064
1.51559 0.00491092 8.88741
1.51574 0.283769 5.88788
1.41611 0.301628 11.5623
1.68731 0.201775 7.91541
1.50006 0.161284 8.48622
1.42712 0.0204782 8.9575
1.70692 0.0981131 7.44028
1.5475 0.157544 7.91538
1.56097 0.138792 10.1557
1.65767 0.124749 10.6742
1.67019 0.238057 10.852
1.55645 0.234288 4.77087
1.50783 0.268833 3.41782
1.54619 0.000377117 8.77191
1.45289 0.140866 10.9555
1.52564 0.176884 7.03755
1.51614 0.0581106 8.53172
1.6895 0.0451549 6.36016
1.46461 0.232958 11.0565
1.66245 0.00366046 7.05601
1.43266 0.198357 6.95472
1.50076 0.158158 10.5369
1.53298 0.0898336 10.1037
1.7127 0.0475594 5.53996
1.66867 0.24986 10.1353
1.63468 0.245536 9.85108
1.71101 0.0237399 11.5136
1.57231 0.288195 10.6078
1.45297 0.303721 13.6646
1.44276 0.140019 8.80892
1.56393 0.10972 7.13814
1.70645 0.0395527 5.81244
