1.67806 0.302869 6.46996
1.62396 0.279138 8.83928
1.4603 0.139326 7.66071
1.45017 0.0884587 6.95822
1.48 0.0119994 7.66662
1.46817 0.243186 7.32524
1.66117 0.26478 8.93407
1.5952 0.155594 5.34668
1.54908 0.0144912 8.26421
1.42889 0.191508 7.57731
1.4156 0.0805195 6.3975
1.72148 0.282158 10.0032
1.42638 0.157272 12.4017
1.66203 0.127965 8.42148
1.55812 0.121831 7.01489
1.5944 0.2792 8.66863
1.46856 0.0856839 6.7349
1.47147 0.239312 9.70333
1.50207 0.289592 10.0472
1.44852 0.226009 7.43086
1.42994 0.19116 8.91859
1.43853 0.150413 10.6775
1.45095 0.102169 10.8669
1.62418 0.016621 9.35156
1.42629 0.0227567 7.32073
1.60886 0.112072 8.14832
1.64127 0.145213 5.41982
1.67965 0.120291 9.13922
1.63304 0.249129 7.0509
1.527 0.187072 6.09333
1.4345 0.180504 7.9142
1.4955 0.26345 11.9187
1.50706 0.149247 10.9659
1.56204 0.114121 8.56235
1.46414 0.198129 9.15475
1.71145 0.0845496 9.46124
1.64666 0.08955 10.4431
1.55387 0.0134104 10.3474
1.52923 0.299084 8.63455
1.63453 0.0242026 4.98748
1.49332 0.243668 5.34266
1.41641 0.195078 6.34768
1.63879 0.0794171 4.47965
1.70748 0.0278106 9.49373
1.62783 0.203022 10.0271
1.5766 0.159802 6.98959
1.65669 0.162171 7.18347
1.44262 0.161369 13.3051
1.66862 0.191992 8.19066
1.54064 0.0509604 9.8235
1.41571 0.30684 4.94909
1.67101 0.0546487 9.92685
1.60566 0.283207 8.43738
1.49635 0.0329769 12.0575
1.53241 0.289999 9.78015
1.57262 0.270052 5.15963
