1.6486 0.302869 6.46996
1.59451 0.279138 8.83928
1.43085 0.139326 7.66071
1.42071 0.0884587 6.95822
1.45054 0.0119994 7.66662
1.43872 0.243186 7.32524
1.63172 0.26478 8.93407
1.56575 0.155594 5.34668
1.51963 0.0144912 8.26421
1.72623 0.0682039 6.67889
1.69202 0.282158 10.0032
1.63258 0.127965 8.42148
1.52866 0.121831 7.01489
1.56495 0.2792 8.66863
1.43911 0.0856839 6.7349
1.71456 0.211151 7.64434
1.44201 0.239312 9.70333
1.47262 0.289592 10.0472
1.41906 0.226009 7.43086
1.4215 0.102169 10.8669
1.59472 0.016621 9.35156
1.57941 0.112072 8.14832
1.61182 0.145213 5.41982
1.6502 0.120291 9.13922
1.60359 0.249129 7.0509
1.49755 0.187072 6.09333
1.46605 0.26345 11.9187
1.47761 0.149247 10.9659
1.53259 0.114121 8.56235
1.43469 0.198129 9.15475
1.68199 0.0845496 9.46124
1.70302 0.163311 7.97243
1.7192 0.275028 6.57374
1.61721 0.08955 10.4431
1.72122 0.187437 9.09919
1.52442 0.0134104 10.3474
1.49977 0.299084 8.63455
1.60508 0.0242026 4.98748
1.46386 0.243668 5.34266
1.60934 0.0794171 4.47965
1.71757 0.234589 8.646
1.67803 0.0278106 9.49373
1.59838 0.203022 10.0271
1.54714 0.159802 6.98959
1.62724 0.162171 7.18347
1.63917 0.191992 8.19066
1.51119 0.0509604 9.8235
1.64156 0.0546487 9.92685
1.57621 0.283207 8.43738
1.4669 0.0329769 12.0575
1.50296 0.289999 9.78015
1.54317 0.270052 5.15963
