1.48198 0.240254 8.75379
1.65521 0.273451 8.71616
1.58663 0.180317 9.80651
1.64899 0.0216667 6.40585
1.46175 0.297122 11.9416
1.52506 0.229571 9.00129
1.70287 0.0443878 8.70002
1.4478 0.154387 8.91052
1.57171 0.0222943 8.01324
1.57669 0.0647192 9.52276
1.67743 0.0746027 11.5783
1.48568 0.25083 8.02839
1.55906 0.158274 8.5405
1.64381 0.177134 8.30911
1.71132 0.245464 9.14711
1.70072 0.19842 6.65722
1.64641 0.153399 7.98036
1.62324 0.191808 9.45157
1.61044 0.300522 10.3583
1.65385 0.154963 9.81032
1.498 0.188767 10.2495
1.63756 0.279228 10.4743
1.60425 0.0771335 5.57474
1.62357 0.0838059 11.1562
1.56477 0.085087 8.05229
1.71319 0.0331368 5.86824
1.60782 0.106319 7.09935
1.67099 0.252607 9.16685
1.42469 0.201775 7.91541
1.66787 0.0378641 9.94106
1.4443 0.0981131 7.44028
1.70079 0.154068 9.83102
1.50588 0.112558 6.63795
1.62198 0.169472 8.08209
1.6222 0.243124 8.11637
1.42688 0.0451549 6.36016
1.58255 0.197588 8.68096
1.67591 0.123609 8.00612
1.45008 0.0475594 5.53996
1.53733 0.0789796 5.00395
1.56501 0.305216 8.58803
1.65905 0.120686 7.18593
1.65591 0.135588 6.3285
1.63348 0.0711422 6.83678
1.44839 0.0237399 11.5136
1.62666 0.219024 10.6162
1.52512 0.146495 10.8996
1.55035 0.0371256 7.83896
1.67559 0.264141 10.9814
1.44383 0.0395527 5.81244
1.46809 0.258714 7.65717
1.6064 0.207673 8.06564
