1.70171 0.257683 11.1077
1.63446 0.127498 8.89402
1.61211 0.178548 9.90181
1.644 0.00153084 4.56912
1.70824 0.0198287 11.4839
1.7224 0.0805195 6.3975
1.63137 0.212379 10.1913
1.70466 0.109583 6.84874
1.68349 0.118548 7.43575
1.62279 0.0216594 8.89465
1.6228 0.0968042 7.05576
1.68441 0.0404908 8.94386
1.63384 0.00585325 9.11905
1.67204 0.261865 9.78142
1.63304 0.173435 10.2976
1.66133 0.287277 6.71736
1.7232 0.195078 6.34768
1.70587 0.269001 6.71785
1.63198 0.157674 6.3596
1.7225 0.30684 4.94909
1.65722 0.0394237 8.75876
1.69375 0.25317 11.4032
1.68787 0.0559571 7.24927
