1.71197 0.0828494 11.2358
1.59066 0.0538055 5.49643
1.71394 0.270755 8.55357
1.64254 0.25818 6.84356
1.61233 0.308067 6.70846
1.49813 0.273451 8.71616
1.42955 0.180317 9.80651
1.49191 0.0216667 6.40585
1.54579 0.0443878 8.70002
1.41463 0.0222943 8.01324
1.41961 0.0647192 9.52276
1.52035 0.0746027 11.5783
1.48673 0.177134 8.30911
1.55424 0.245464 9.14711
1.54364 0.19842 6.65722
1.60227 0.208025 11.3427
1.48933 0.153399 7.98036
1.67708 0.0482994 8.61454
1.46616 0.191808 9.45157
1.45336 0.300522 10.3583
1.49677 0.154963 9.81032
1.68237 0.090593 9.15397
1.62686 0.205815 11.752
1.48048 0.279228 10.4743
1.44717 0.0771335 5.57474
1.46649 0.0838059 11.1562
1.62493 0.0344768 7.47052
1.55611 0.0331368 5.86824
1.70672 0.118623 9.11878
1.45074 0.106319 7.09935
1.51391 0.252607 9.16685
1.51079 0.0378641 9.94106
1.54371 0.154068 9.83102
1.69088 0.182441 7.97113
1.57353 0.143935 8.75275
1.4649 0.169472 8.08209
1.6474 0.19231 6.60827
1.67562 0.152804 9.00137
1.68635 0.0201854 8.29084
1.46512 0.243124 8.11637
1.72398 0.0201544 6.58664
1.42547 0.197588 8.68096
1.67595 0.208624 6.05235
1.51883 0.123609 8.00612
1.72375 0.312882 10.0896
1.61563 0.00332126 10.8973
1.50197 0.120686 7.18593
1.49883 0.135588 6.3285
1.4764 0.0711422 6.83678
1.63073 0.240518 6.05723
1.46958 0.219024 10.6162
1.51851 0.264141 10.9814
1.44932 0.207673 8.06564
