1.65597 0.302869 6.46996
1.60187 0.279138 8.83928
1.43821 0.139326 7.66071
1.42808 0.0884587 6.95822
1.45791 0.0119994 7.66662
1.44609 0.243186 7.32524
1.63908 0.26478 8.93407
1.57311 0.155594 5.34668
1.52699 0.0144912 8.26421
1.69939 0.282158 10.0032
1.63994 0.127965 8.42148
1.53603 0.121831 7.01489
1.57232 0.2792 8.66863
1.44647 0.0856839 6.7349
1.72192 0.211151 7.64434
1.44938 0.239312 9.70333
1.47998 0.289592 10.0472
1.42643 0.226009 7.43086
1.41645 0.150413 10.6775
1.42886 0.102169 10.8669
1.60209 0.016621 9.35156
1.58677 0.112072 8.14832
1.61918 0.145213 5.41982
1.65756 0.120291 9.13922
1.61095 0.249129 7.0509
1.50491 0.187072 6.09333
1.47342 0.26345 11.9187
1.48497 0.149247 10.9659
1.53995 0.114121 8.56235
1.44205 0.198129 9.15475
1.68936 0.0845496 9.46124
1.71038 0.163311 7.97243
1.72656 0.275028 6.57374
1.62457 0.08955 10.4431
1.53178 0.0134104 10.3474
1.50714 0.299084 8.63455
1.61244 0.0242026 4.98748
1.47123 0.243668 5.34266
1.6167 0.0794171 4.47965
1.72493 0.234589 8.646
1.68539 0.0278106 9.49373
1.60574 0.203022 10.0271
1.55451 0.159802 6.98959
1.6346 0.162171 7.18347
1.42053 0.161369 13.3051
1.64653 0.191992 8.19066
1.51855 0.0509604 9.8235
1.64892 0.0546487 9.92685
1.58357 0.283207 8.43738
1.47426 0.0329769 12.0575
1.51032 0.289999 9.78015
1.55054 0.270052 5.15963
