1.69455 0.278606 9.3147
1.58435 0.221469 10.8337
1.66722 0.0792793 8.69524
1.58998 0.220691 10.2436
1.55298 0.264459 9.19408
1.46852 0.0682039 6.67889
1.56054 0.30322 10.2645
1.43432 0.282158 10.0032
1.501 0.0476313 5.7925
1.67161 0.256743 7.0328
1.49787 0.269676 8.54955
1.65107 0.244597 9.30814
1.49322 0.0297588 6.06698
1.62452 0.176985 8.4097
1.45685 0.211151 7.64434
1.49837 0.292224 12.4866
1.68789 0.0799952 9.71954
1.58212 0.260014 7.50517
1.72777 0.195538 8.27979
1.67555 0.150429 8.88245
1.72454 0.212357 8.78542
1.51771 0.213345 7.9522
1.51991 0.00769783 9.27622
1.66825 0.271842 10.8967
1.61393 0.144609 6.2747
1.42429 0.0845496 9.46124
1.44531 0.163311 7.97243
1.46149 0.275028 6.57374
1.46351 0.187437 9.09919
1.61777 0.088737 7.33434
1.6499 0.173507 8.63492
1.70309 0.234342 7.38027
1.49922 0.139784 7.74467
1.70511 0.16564 7.96045
1.45986 0.234589 8.646
1.42032 0.0278106 9.49373
1.64646 0.197854 9.72575
1.62155 0.188469 9.26669
1.69528 0.149016 6.16864
1.53561 0.0448797 10.2662
1.70484 0.272718 11.3467
1.66691 0.274067 7.66886
1.49647 0.10797 9.29415
1.60501 0.300499 5.50732
1.47355 0.113136 8.95477
1.64608 0.186804 4.61266
1.57401 0.268731 9.16591
