1.64325 0.0828494 11.2358
1.52194 0.0538055 5.49643
1.64522 0.270755 8.55357
1.57382 0.25818 6.84356
1.6726 0.227345 6.82155
1.54361 0.308067 6.70846
1.42941 0.273451 8.71616
1.69048 0.307358 9.77939
1.42319 0.0216667 6.40585
1.47707 0.0443878 8.70002
1.45163 0.0746027 11.5783
1.41801 0.177134 8.30911
1.48552 0.245464 9.14711
1.47492 0.19842 6.65722
1.53355 0.208025 11.3427
1.68763 0.217885 7.19434
1.42061 0.153399 7.98036
1.67048 0.122862 8.03949
1.60836 0.0482994 8.61454
1.42805 0.154963 9.81032
1.61365 0.090593 9.15397
1.55814 0.205815 11.752
1.55621 0.0344768 7.47052
1.69622 0.129158 7.31087
1.48739 0.0331368 5.86824
1.638 0.118623 9.11878
1.44519 0.252607 9.16685
1.69734 0.272528 4.99717
1.44207 0.0378641 9.94106
1.72606 0.235055 8.4487
1.47499 0.154068 9.83102
1.62216 0.182441 7.97113
1.50481 0.143935 8.75275
1.57868 0.19231 6.60827
1.6069 0.152804 9.00137
1.61763 0.0201854 8.29084
1.65526 0.0201544 6.58664
1.60723 0.208624 6.05235
1.45011 0.123609 8.00612
1.65503 0.312882 10.0896
1.54691 0.00332126 10.8973
1.43325 0.120686 7.18593
1.43011 0.135588 6.3285
1.56201 0.240518 6.05723
1.69913 0.0330578 5.63548
1.44979 0.264141 10.9814
