1.49671 0.240254 8.75379
1.41696 0.216391 5.66596
1.66994 0.273451 8.71616
1.60136 0.180317 9.80651
1.66372 0.0216667 6.40585
1.47648 0.297122 11.9416
1.53979 0.229571 9.00129
1.7176 0.0443878 8.70002
1.46253 0.154387 8.91052
1.58644 0.0222943 8.01324
1.59142 0.0647192 9.52276
1.69216 0.0746027 11.5783
1.42819 0.171042 11.7172
1.50041 0.25083 8.02839
1.57379 0.158274 8.5405
1.65854 0.177134 8.30911
1.72605 0.245464 9.14711
1.71545 0.19842 6.65722
1.66114 0.153399 7.98036
1.63797 0.191808 9.45157
1.62517 0.300522 10.3583
1.66858 0.154963 9.81032
1.51273 0.188767 10.2495
1.65229 0.279228 10.4743
1.61898 0.0771335 5.57474
1.6383 0.0838059 11.1562
1.5795 0.085087 8.05229
1.62255 0.106319 7.09935
1.68572 0.252607 9.16685
1.43942 0.201775 7.91541
1.6826 0.0378641 9.94106
1.45903 0.0981131 7.44028
1.71552 0.154068 9.83102
1.52061 0.112558 6.63795
1.4223 0.238057 10.852
1.63671 0.169472 8.08209
1.63693 0.243124 8.11637
1.44161 0.0451549 6.36016
1.59728 0.197588 8.68096
1.41456 0.00366046 7.05601
1.69064 0.123609 8.00612
1.46481 0.0475594 5.53996
1.55206 0.0789796 5.00395
1.42078 0.24986 10.1353
1.57974 0.305216 8.58803
1.67378 0.120686 7.18593
1.67064 0.135588 6.3285
1.64821 0.0711422 6.83678
1.46312 0.0237399 11.5136
1.64139 0.219024 10.6162
1.53985 0.146495 10.8996
1.56508 0.0371256 7.83896
1.69032 0.264141 10.9814
1.45856 0.0395527 5.81244
1.48282 0.258714 7.65717
1.62113 0.207673 8.06564
