1.6962 0.0538055 5.49643
1.43044 0.240254 8.75379
1.71787 0.308067 6.70846
1.60367 0.273451 8.71616
1.53509 0.180317 9.80651
1.59745 0.0216667 6.40585
1.47352 0.229571 9.00129
1.65133 0.0443878 8.70002
1.52017 0.0222943 8.01324
1.52515 0.0647192 9.52276
1.62589 0.0746027 11.5783
1.43414 0.25083 8.02839
1.50752 0.158274 8.5405
1.59227 0.177134 8.30911
1.65978 0.245464 9.14711
1.64918 0.19842 6.65722
1.70781 0.208025 11.3427
1.59487 0.153399 7.98036
1.5717 0.191808 9.45157
1.5589 0.300522 10.3583
1.60231 0.154963 9.81032
1.44646 0.188767 10.2495
1.58602 0.279228 10.4743
1.55271 0.0771335 5.57474
1.57203 0.0838059 11.1562
1.51323 0.085087 8.05229
1.66165 0.0331368 5.86824
1.55628 0.106319 7.09935
1.61945 0.252607 9.16685
1.61633 0.0378641 9.94106
1.64925 0.154068 9.83102
1.45434 0.112558 6.63795
1.67907 0.143935 8.75275
1.57044 0.169472 8.08209
1.57066 0.243124 8.11637
1.53101 0.197588 8.68096
1.62437 0.123609 8.00612
1.48579 0.0789796 5.00395
1.72117 0.00332126 10.8973
1.51347 0.305216 8.58803
1.60751 0.120686 7.18593
1.60437 0.135588 6.3285
1.58194 0.0711422 6.83678
1.57512 0.219024 10.6162
1.47358 0.146495 10.8996
1.49881 0.0371256 7.83896
1.62405 0.264141 10.9814
1.41655 0.258714 7.65717
1.55486 0.207673 8.06564
