1.48661 0.302869 6.46996
1.43252 0.279138 8.83928
1.46973 0.26478 8.93407
1.68007 0.221469 10.8337
1.6857 0.220691 10.2436
1.6487 0.264459 9.19408
1.56424 0.0682039 6.67889
1.65626 0.30322 10.2645
1.53004 0.282158 10.0032
1.47059 0.127965 8.42148
1.59672 0.0476313 5.7925
1.59359 0.269676 8.54955
1.58894 0.0297588 6.06698
1.72024 0.176985 8.4097
1.55257 0.211151 7.64434
1.59409 0.292224 12.4866
1.67784 0.260014 7.50517
1.43273 0.016621 9.35156
1.41742 0.112072 8.14832
1.44983 0.145213 5.41982
1.48821 0.120291 9.13922
1.4416 0.249129 7.0509
1.61343 0.213345 7.9522
1.61563 0.00769783 9.27622
1.70965 0.144609 6.2747
1.52001 0.0845496 9.46124
1.54103 0.163311 7.97243
1.55721 0.275028 6.57374
1.45522 0.08955 10.4431
1.55923 0.187437 9.09919
1.71349 0.088737 7.33434
1.44309 0.0242026 4.98748
1.59494 0.139784 7.74467
1.44735 0.0794171 4.47965
1.55558 0.234589 8.646
1.51604 0.0278106 9.49373
1.43639 0.203022 10.0271
1.71727 0.188469 9.26669
1.46525 0.162171 7.18347
1.47718 0.191992 8.19066
1.63133 0.0448797 10.2662
1.47957 0.0546487 9.92685
1.41422 0.283207 8.43738
1.59219 0.10797 9.29415
1.70073 0.300499 5.50732
1.56927 0.113136 8.95477
1.66973 0.268731 9.16591
