1.71338 0.0538055 5.49643
1.44762 0.240254 8.75379
1.62085 0.273451 8.71616
1.55227 0.180317 9.80651
1.61463 0.0216667 6.40585
1.42739 0.297122 11.9416
1.4907 0.229571 9.00129
1.66851 0.0443878 8.70002
1.53735 0.0222943 8.01324
1.54233 0.0647192 9.52276
1.64307 0.0746027 11.5783
1.45132 0.25083 8.02839
1.5247 0.158274 8.5405
1.60945 0.177134 8.30911
1.67696 0.245464 9.14711
1.66636 0.19842 6.65722
1.72499 0.208025 11.3427
1.61205 0.153399 7.98036
1.58888 0.191808 9.45157
1.57608 0.300522 10.3583
1.61949 0.154963 9.81032
1.46364 0.188767 10.2495
1.6032 0.279228 10.4743
1.56989 0.0771335 5.57474
1.58921 0.0838059 11.1562
1.53041 0.085087 8.05229
1.67883 0.0331368 5.86824
1.57346 0.106319 7.09935
1.63663 0.252607 9.16685
1.63351 0.0378641 9.94106
1.66643 0.154068 9.83102
1.47152 0.112558 6.63795
1.69625 0.143935 8.75275
1.58762 0.169472 8.08209
1.58784 0.243124 8.11637
1.54819 0.197588 8.68096
1.64155 0.123609 8.00612
1.41572 0.0475594 5.53996
1.50297 0.0789796 5.00395
1.53065 0.305216 8.58803
1.62469 0.120686 7.18593
1.62155 0.135588 6.3285
1.59912 0.0711422 6.83678
1.41403 0.0237399 11.5136
1.5923 0.219024 10.6162
1.49076 0.146495 10.8996
1.51599 0.0371256 7.83896
1.64123 0.264141 10.9814
1.43373 0.258714 7.65717
1.57204 0.207673 8.06564
