1.47434 0.302869 6.46996
1.42025 0.279138 8.83928
1.45746 0.26478 8.93407
1.6678 0.221469 10.8337
1.67343 0.220691 10.2436
1.63643 0.264459 9.19408
1.55197 0.0682039 6.67889
1.64399 0.30322 10.2645
1.51776 0.282158 10.0032
1.45832 0.127965 8.42148
1.58445 0.0476313 5.7925
1.58132 0.269676 8.54955
1.57667 0.0297588 6.06698
1.70797 0.176985 8.4097
1.5403 0.211151 7.64434
1.58182 0.292224 12.4866
1.66557 0.260014 7.50517
1.42046 0.016621 9.35156
1.43756 0.145213 5.41982
1.47594 0.120291 9.13922
1.42933 0.249129 7.0509
1.60116 0.213345 7.9522
1.60336 0.00769783 9.27622
1.69738 0.144609 6.2747
1.50773 0.0845496 9.46124
1.52876 0.163311 7.97243
1.54494 0.275028 6.57374
1.44295 0.08955 10.4431
1.54696 0.187437 9.09919
1.70122 0.088737 7.33434
1.43082 0.0242026 4.98748
1.58267 0.139784 7.74467
1.43508 0.0794171 4.47965
1.54331 0.234589 8.646
1.50377 0.0278106 9.49373
1.42412 0.203022 10.0271
1.705 0.188469 9.26669
1.45298 0.162171 7.18347
1.46491 0.191992 8.19066
1.61906 0.0448797 10.2662
1.4673 0.0546487 9.92685
1.57992 0.10797 9.29415
1.68846 0.300499 5.50732
1.557 0.113136 8.95477
1.65746 0.268731 9.16591
