1.71733 0.302869 6.46996
1.66323 0.279138 8.83928
1.49957 0.139326 7.66071
1.43418 0.257683 11.1077
1.48944 0.0884587 6.95822
1.51927 0.0119994 7.66662
1.50744 0.243186 7.32524
1.70044 0.26478 8.93407
1.63447 0.155594 5.34668
1.58835 0.0144912 8.26421
1.46816 0.191508 7.57731
1.44071 0.0198287 11.4839
1.45487 0.0805195 6.3975
1.46565 0.157272 12.4017
1.7013 0.127965 8.42148
1.59739 0.121831 7.01489
1.63367 0.2792 8.66863
1.50783 0.0856839 6.7349
1.51074 0.239312 9.70333
1.43714 0.109583 6.84874
1.54134 0.289592 10.0472
1.48779 0.226009 7.43086
1.41597 0.118548 7.43575
1.46921 0.19116 8.91859
1.4778 0.150413 10.6775
1.49022 0.102169 10.8669
1.66345 0.016621 9.35156
1.46556 0.0227567 7.32073
1.64813 0.112072 8.14832
1.68054 0.145213 5.41982
1.71892 0.120291 9.13922
1.67231 0.249129 7.0509
1.56627 0.187072 6.09333
1.47377 0.180504 7.9142
1.53477 0.26345 11.9187
1.54633 0.149247 10.9659
1.60131 0.114121 8.56235
1.41689 0.0404908 8.94386
1.50341 0.198129 9.15475
1.68593 0.08955 10.4431
1.59314 0.0134104 10.3474
1.5685 0.299084 8.63455
1.6738 0.0242026 4.98748
1.53259 0.243668 5.34266
1.45568 0.195078 6.34768
1.67806 0.0794171 4.47965
1.6671 0.203022 10.0271
1.43834 0.269001 6.71785
1.61587 0.159802 6.98959
1.69596 0.162171 7.18347
1.48189 0.161369 13.3051
1.70789 0.191992 8.19066
1.57991 0.0509604 9.8235
1.45498 0.30684 4.94909
1.71028 0.0546487 9.92685
1.42623 0.25317 11.4032
1.64493 0.283207 8.43738
1.42035 0.0559571 7.24927
1.53562 0.0329769 12.0575
1.57168 0.289999 9.78015
1.61189 0.270052 5.15963
