1.67737 0.278606 9.3147
1.56717 0.221469 10.8337
1.65004 0.0792793 8.69524
1.5728 0.220691 10.2436
1.5358 0.264459 9.19408
1.45134 0.0682039 6.67889
1.54336 0.30322 10.2645
1.41713 0.282158 10.0032
1.48382 0.0476313 5.7925
1.65443 0.256743 7.0328
1.48069 0.269676 8.54955
1.63388 0.244597 9.30814
1.47604 0.0297588 6.06698
1.60734 0.176985 8.4097
1.72181 0.207714 10.8649
1.43967 0.211151 7.64434
1.48119 0.292224 12.4866
1.67071 0.0799952 9.71954
1.56494 0.260014 7.50517
1.72556 0.309633 12.1267
1.72699 0.275502 11.3742
1.71059 0.195538 8.27979
1.65836 0.150429 8.88245
1.70736 0.212357 8.78542
1.50053 0.213345 7.9522
1.50273 0.00769783 9.27622
1.65106 0.271842 10.8967
1.59675 0.144609 6.2747
1.42813 0.163311 7.97243
1.44431 0.275028 6.57374
1.44633 0.187437 9.09919
1.60059 0.088737 7.33434
1.63272 0.173507 8.63492
1.68591 0.234342 7.38027
1.48204 0.139784 7.74467
1.68793 0.16564 7.96045
1.44268 0.234589 8.646
1.62928 0.197854 9.72575
1.60437 0.188469 9.26669
1.7232 0.169479 9.70191
1.67809 0.149016 6.16864
1.51843 0.0448797 10.2662
1.68766 0.272718 11.3467
1.64973 0.274067 7.66886
1.47929 0.10797 9.29415
1.58783 0.300499 5.50732
1.45637 0.113136 8.95477
1.62889 0.186804 4.61266
1.55683 0.268731 9.16591
