1.47823 0.23228 8.41595
1.4765 0.186178 5.46932
1.62433 0.240254 8.75379
1.54458 0.216391 5.66596
1.53706 0.224531 8.51605
1.51501 0.237222 6.0172
1.6041 0.297122 11.9416
1.66741 0.229571 9.00129
1.4227 0.226971 6.60668
1.59015 0.154387 8.91052
1.71406 0.0222943 8.01324
1.71904 0.0647192 9.52276
1.55581 0.171042 11.7172
1.47332 0.261575 8.92527
1.62803 0.25083 8.02839
1.70141 0.158274 8.5405
1.64035 0.188767 10.2495
1.70712 0.085087 8.05229
1.56704 0.201775 7.91541
1.58665 0.0981131 7.44028
1.42723 0.157544 7.91538
1.64823 0.112558 6.63795
1.4407 0.138792 10.1557
1.5374 0.124749 10.6742
1.54992 0.238057 10.852
1.43618 0.234288 4.77087
1.42592 0.000377117 8.77191
1.56923 0.0451549 6.36016
1.7249 0.197588 8.68096
1.54218 0.00366046 7.05601
1.59243 0.0475594 5.53996
1.67968 0.0789796 5.00395
1.5484 0.24986 10.1353
1.51441 0.245536 9.85108
1.70736 0.305216 8.58803
1.59074 0.0237399 11.5136
1.66747 0.146495 10.8996
1.6927 0.0371256 7.83896
1.45204 0.288195 10.6078
1.44366 0.10972 7.13814
1.58618 0.0395527 5.81244
1.61044 0.258714 7.65717
