1.55334 0.0690253 10.0271
1.56428 0.20204 7.7224
1.70404 0.23228 8.41595
1.70231 0.186178 5.46932
1.59944 0.0680965 7.169
1.56632 0.0923983 8.38956
1.46391 0.159338 9.45944
1.64851 0.226971 6.60668
1.60129 0.0685322 4.68381
1.41455 0.224539 9.68243
1.43625 0.135658 8.09061
1.69913 0.261575 8.92527
1.52021 0.15481 9.76983
1.56323 0.220693 6.53064
1.62113 0.00491092 8.88741
1.51097 0.195367 6.1007
1.42452 0.0959354 9.49493
1.42137 0.27907 7.82409
1.62128 0.283769 5.88788
1.45746 0.0438637 8.84515
1.52164 0.301628 11.5623
1.46646 0.191322 10.1521
1.49622 0.0998875 7.91159
1.60559 0.161284 8.48622
1.53265 0.0204782 8.9575
1.65304 0.157544 7.91538
1.4894 0.202582 5.86461
1.66651 0.138792 10.1557
1.66199 0.234288 4.77087
1.61337 0.268833 3.41782
1.65173 0.000377117 8.77191
1.55843 0.140866 10.9555
1.63118 0.176884 7.03755
1.62168 0.0581106 8.53172
1.42696 0.26646 7.25309
1.57015 0.232958 11.0565
1.53819 0.198357 6.95472
1.60629 0.158158 10.5369
1.63852 0.0898336 10.1037
1.41934 0.270521 7.83162
1.48704 0.265588 9.28159
1.67785 0.288195 10.6078
1.5585 0.303721 13.6646
1.5483 0.140019 8.80892
1.66947 0.10972 7.13814
