1.61915 0.302869 6.46996
1.56506 0.279138 8.83928
1.42109 0.0119994 7.66662
1.60227 0.26478 8.93407
1.5363 0.155594 5.34668
1.49017 0.0144912 8.26421
1.69678 0.0682039 6.67889
1.66257 0.282158 10.0032
1.60312 0.127965 8.42148
1.49921 0.121831 7.01489
1.5355 0.2792 8.66863
1.72612 0.269676 8.54955
1.72148 0.0297588 6.06698
1.68511 0.211151 7.64434
1.72663 0.292224 12.4866
1.44316 0.289592 10.0472
1.56527 0.016621 9.35156
1.54995 0.112072 8.14832
1.58237 0.145213 5.41982
1.62075 0.120291 9.13922
1.57413 0.249129 7.0509
1.4681 0.187072 6.09333
1.4366 0.26345 11.9187
1.44815 0.149247 10.9659
1.50313 0.114121 8.56235
1.65254 0.0845496 9.46124
1.67357 0.163311 7.97243
1.68974 0.275028 6.57374
1.58775 0.08955 10.4431
1.69177 0.187437 9.09919
1.49497 0.0134104 10.3474
1.47032 0.299084 8.63455
1.57562 0.0242026 4.98748
1.43441 0.243668 5.34266
1.72747 0.139784 7.74467
1.57988 0.0794171 4.47965
1.68812 0.234589 8.646
1.64858 0.0278106 9.49373
1.56892 0.203022 10.0271
1.51769 0.159802 6.98959
1.59779 0.162171 7.18347
1.60971 0.191992 8.19066
1.48174 0.0509604 9.8235
1.6121 0.0546487 9.92685
1.54676 0.283207 8.43738
1.72473 0.10797 9.29415
1.70181 0.113136 8.95477
1.43745 0.0329769 12.0575
1.47351 0.289999 9.78015
1.51372 0.270052 5.15963
