1.69189 0.257683 11.1077
1.62464 0.127498 8.89402
1.6023 0.178548 9.90181
1.72586 0.191508 7.57731
1.63418 0.00153084 4.56912
1.69842 0.0198287 11.4839
1.71258 0.0805195 6.3975
1.72336 0.157272 12.4017
1.62155 0.212379 10.1913
1.69484 0.109583 6.84874
1.67368 0.118548 7.43575
1.72692 0.19116 8.91859
1.61297 0.0216594 8.89465
1.61299 0.0968042 7.05576
1.72327 0.0227567 7.32073
1.67459 0.0404908 8.94386
1.62402 0.00585325 9.11905
1.66223 0.261865 9.78142
1.62322 0.173435 10.2976
1.65151 0.287277 6.71736
1.71339 0.195078 6.34768
1.69605 0.269001 6.71785
1.62217 0.157674 6.3596
1.71269 0.30684 4.94909
1.6474 0.0394237 8.75876
1.68394 0.25317 11.4032
1.67806 0.0559571 7.24927
