1.69209 0.278606 9.3147
1.5819 0.221469 10.8337
1.66477 0.0792793 8.69524
1.58752 0.220691 10.2436
1.55053 0.264459 9.19408
1.46607 0.0682039 6.67889
1.55809 0.30322 10.2645
1.43186 0.282158 10.0032
1.49855 0.0476313 5.7925
1.66916 0.256743 7.0328
1.49541 0.269676 8.54955
1.64861 0.244597 9.30814
1.49077 0.0297588 6.06698
1.62206 0.176985 8.4097
1.4544 0.211151 7.64434
1.49592 0.292224 12.4866
1.68543 0.0799952 9.71954
1.57967 0.260014 7.50517
1.72531 0.195538 8.27979
1.67309 0.150429 8.88245
1.72209 0.212357 8.78542
1.51525 0.213345 7.9522
1.51745 0.00769783 9.27622
1.66579 0.271842 10.8967
1.61148 0.144609 6.2747
1.42183 0.0845496 9.46124
1.44286 0.163311 7.97243
1.45903 0.275028 6.57374
1.46106 0.187437 9.09919
1.61531 0.088737 7.33434
1.64745 0.173507 8.63492
1.70063 0.234342 7.38027
1.49676 0.139784 7.74467
1.70266 0.16564 7.96045
1.45741 0.234589 8.646
1.41787 0.0278106 9.49373
1.64401 0.197854 9.72575
1.6191 0.188469 9.26669
1.69282 0.149016 6.16864
1.53316 0.0448797 10.2662
1.70238 0.272718 11.3467
1.66446 0.274067 7.66886
1.49402 0.10797 9.29415
1.60256 0.300499 5.50732
1.4711 0.113136 8.95477
1.64362 0.186804 4.61266
1.57156 0.268731 9.16591
