1.67471 0.257683 11.1077
1.60746 0.127498 8.89402
1.58511 0.178548 9.90181
1.70868 0.191508 7.57731
1.617 0.00153084 4.56912
1.68124 0.0198287 11.4839
1.6954 0.0805195 6.3975
1.70618 0.157272 12.4017
1.60437 0.212379 10.1913
1.67766 0.109583 6.84874
1.6565 0.118548 7.43575
1.70973 0.19116 8.91859
1.71833 0.150413 10.6775
1.59579 0.0216594 8.89465
1.59581 0.0968042 7.05576
1.70609 0.0227567 7.32073
1.7143 0.180504 7.9142
1.65741 0.0404908 8.94386
1.60684 0.00585325 9.11905
1.64505 0.261865 9.78142
1.60604 0.173435 10.2976
1.63433 0.287277 6.71736
1.69621 0.195078 6.34768
1.67887 0.269001 6.71785
1.72241 0.161369 13.3051
1.60499 0.157674 6.3596
1.69551 0.30684 4.94909
1.63022 0.0394237 8.75876
1.66675 0.25317 11.4032
1.66088 0.0559571 7.24927
