1.6542 0.139326 7.66071
1.58881 0.257683 11.1077
1.64406 0.0884587 6.95822
1.67389 0.0119994 7.66662
1.66207 0.243186 7.32524
1.52156 0.127498 8.89402
1.49921 0.178548 9.90181
1.62278 0.191508 7.57731
1.5311 0.00153084 4.56912
1.59534 0.0198287 11.4839
1.6095 0.0805195 6.3975
1.62028 0.157272 12.4017
1.51847 0.212379 10.1913
1.66245 0.0856839 6.7349
1.66536 0.239312 9.70333
1.59176 0.109583 6.84874
1.69596 0.289592 10.0472
1.64241 0.226009 7.43086
1.57059 0.118548 7.43575
1.62383 0.19116 8.91859
1.63243 0.150413 10.6775
1.64485 0.102169 10.8669
1.50989 0.0216594 8.89465
1.5099 0.0968042 7.05576
1.62019 0.0227567 7.32073
1.7209 0.187072 6.09333
1.62839 0.180504 7.9142
1.6894 0.26345 11.9187
1.70095 0.149247 10.9659
1.57151 0.0404908 8.94386
1.65804 0.198129 9.15475
1.52094 0.00585325 9.11905
1.72312 0.299084 8.63455
1.55914 0.261865 9.78142
1.52014 0.173435 10.2976
1.54843 0.287277 6.71736
1.68721 0.243668 5.34266
1.6103 0.195078 6.34768
1.59297 0.269001 6.71785
1.63651 0.161369 13.3051
1.51908 0.157674 6.3596
1.6096 0.30684 4.94909
1.54432 0.0394237 8.75876
1.58085 0.25317 11.4032
1.57497 0.0559571 7.24927
1.69025 0.0329769 12.0575
1.72631 0.289999 9.78015
