1.62116 0.0828494 11.2358
1.49985 0.0538055 5.49643
1.62313 0.270755 8.55357
1.70876 0.276082 3.37254
1.55173 0.25818 6.84356
1.65051 0.227345 6.82155
1.52152 0.308067 6.70846
1.66839 0.307358 9.77939
1.45498 0.0443878 8.70002
1.42954 0.0746027 11.5783
1.46343 0.245464 9.14711
1.45283 0.19842 6.65722
1.51146 0.208025 11.3427
1.66554 0.217885 7.19434
1.64839 0.122862 8.03949
1.58627 0.0482994 8.61454
1.59156 0.090593 9.15397
1.53605 0.205815 11.752
1.53412 0.0344768 7.47052
1.67413 0.129158 7.31087
1.4653 0.0331368 5.86824
1.61591 0.118623 9.11878
1.4231 0.252607 9.16685
1.67525 0.272528 4.99717
1.41998 0.0378641 9.94106
1.70397 0.235055 8.4487
1.4529 0.154068 9.83102
1.60007 0.182441 7.97113
1.48272 0.143935 8.75275
1.55659 0.19231 6.60827
1.58481 0.152804 9.00137
1.59554 0.0201854 8.29084
1.63317 0.0201544 6.58664
1.58514 0.208624 6.05235
1.42802 0.123609 8.00612
1.63294 0.312882 10.0896
1.70736 0.14574 6.308
1.52482 0.00332126 10.8973
1.53992 0.240518 6.05723
1.72293 0.26103 10.2666
1.67704 0.0330578 5.63548
1.4277 0.264141 10.9814
