1.4712 0.278606 9.3147
1.56814 0.196067 10.6585
1.72269 0.0690253 10.0271
1.44387 0.0792793 8.69524
1.52649 0.0898082 10.8198
1.63326 0.159338 9.45944
1.57425 0.229683 10.6207
1.44826 0.256743 7.0328
1.42772 0.244597 9.30814
1.5839 0.224539 9.68243
1.53731 0.109687 11.239
1.51565 0.207714 10.8649
1.52633 0.167992 10.3085
1.60561 0.135658 8.09061
1.53506 0.234261 5.98885
1.46454 0.0799952 9.71954
1.68956 0.15481 9.76983
1.51939 0.309633 12.1267
1.68032 0.195367 6.1007
1.52083 0.275502 11.3742
1.59387 0.0959354 9.49493
1.59072 0.27907 7.82409
1.50442 0.195538 8.27979
1.4522 0.150429 8.88245
1.50119 0.212357 8.78542
1.62681 0.0438637 8.84515
1.54184 0.00299831 10.7378
1.4449 0.271842 10.8967
1.69099 0.301628 11.5623
1.63581 0.191322 10.1521
1.66557 0.0998875 7.91159
1.70201 0.0204782 8.9575
1.65875 0.202582 5.86461
1.54009 0.282547 11.1875
1.42656 0.173507 8.63492
1.72778 0.140866 10.9555
1.47974 0.234342 7.38027
1.57191 0.196757 4.58492
1.59631 0.26646 7.25309
1.48177 0.16564 7.96045
1.70755 0.198357 6.95472
1.42312 0.197854 9.72575
1.51704 0.169479 9.70191
1.58869 0.270521 7.83162
1.47193 0.149016 6.16864
1.65639 0.265588 9.28159
1.48149 0.272718 11.3467
1.72786 0.303721 13.6646
1.71765 0.140019 8.80892
1.44356 0.274067 7.66886
1.55347 0.276167 9.35617
1.42273 0.186804 4.61266
