1.52389 0.0690253 10.0271
1.53483 0.20204 7.7224
1.67458 0.23228 8.41595
1.67285 0.186178 5.46932
1.56998 0.0680965 7.169
1.71136 0.237222 6.0172
1.53687 0.0923983 8.38956
1.43446 0.159338 9.45944
1.61905 0.226971 6.60668
1.57184 0.0685322 4.68381
1.66967 0.261575 8.92527
1.49075 0.15481 9.76983
1.53378 0.220693 6.53064
1.59167 0.00491092 8.88741
1.48151 0.195367 6.1007
1.59182 0.283769 5.88788
1.42801 0.0438637 8.84515
1.49219 0.301628 11.5623
1.43701 0.191322 10.1521
1.46677 0.0998875 7.91159
1.57614 0.161284 8.48622
1.5032 0.0204782 8.9575
1.62358 0.157544 7.91538
1.45994 0.202582 5.86461
1.63705 0.138792 10.1557
1.63253 0.234288 4.77087
1.58391 0.268833 3.41782
1.62227 0.000377117 8.77191
1.52898 0.140866 10.9555
1.60172 0.176884 7.03755
1.59222 0.0581106 8.53172
1.54069 0.232958 11.0565
1.50874 0.198357 6.95472
1.57684 0.158158 10.5369
1.60906 0.0898336 10.1037
1.71076 0.245536 9.85108
1.45759 0.265588 9.28159
1.64839 0.288195 10.6078
1.52905 0.303721 13.6646
1.51884 0.140019 8.80892
1.64001 0.10972 7.13814
