1.71065 0.139326 7.66071
1.64526 0.257683 11.1077
1.70051 0.0884587 6.95822
1.71852 0.243186 7.32524
1.57801 0.127498 8.89402
1.55566 0.178548 9.90181
1.67923 0.191508 7.57731
1.58755 0.00153084 4.56912
1.65179 0.0198287 11.4839
1.66595 0.0805195 6.3975
1.67673 0.157272 12.4017
1.57492 0.212379 10.1913
1.71891 0.0856839 6.7349
1.72181 0.239312 9.70333
1.64821 0.109583 6.84874
1.69886 0.226009 7.43086
1.62704 0.118548 7.43575
1.68028 0.19116 8.91859
1.68888 0.150413 10.6775
1.7013 0.102169 10.8669
1.56634 0.0216594 8.89465
1.56635 0.0968042 7.05576
1.67664 0.0227567 7.32073
1.68484 0.180504 7.9142
1.62796 0.0404908 8.94386
1.71449 0.198129 9.15475
1.57739 0.00585325 9.11905
1.61559 0.261865 9.78142
1.57659 0.173435 10.2976
1.60488 0.287277 6.71736
1.66675 0.195078 6.34768
1.64942 0.269001 6.71785
1.69296 0.161369 13.3051
1.57553 0.157674 6.3596
1.66605 0.30684 4.94909
1.60077 0.0394237 8.75876
1.6373 0.25317 11.4032
1.63142 0.0559571 7.24927
