1.58793 0.139326 7.66071
1.52254 0.257683 11.1077
1.57779 0.0884587 6.95822
1.60762 0.0119994 7.66662
1.5958 0.243186 7.32524
1.72283 0.155594 5.34668
1.45529 0.127498 8.89402
1.6767 0.0144912 8.26421
1.43294 0.178548 9.90181
1.55651 0.191508 7.57731
1.46483 0.00153084 4.56912
1.52907 0.0198287 11.4839
1.54323 0.0805195 6.3975
1.55401 0.157272 12.4017
1.4522 0.212379 10.1913
1.68574 0.121831 7.01489
1.72203 0.2792 8.66863
1.59619 0.0856839 6.7349
1.59909 0.239312 9.70333
1.52549 0.109583 6.84874
1.62969 0.289592 10.0472
1.57614 0.226009 7.43086
1.50432 0.118548 7.43575
1.55756 0.19116 8.91859
1.56616 0.150413 10.6775
1.57858 0.102169 10.8669
1.44362 0.0216594 8.89465
1.44363 0.0968042 7.05576
1.55392 0.0227567 7.32073
1.65463 0.187072 6.09333
1.56213 0.180504 7.9142
1.62313 0.26345 11.9187
1.63468 0.149247 10.9659
1.68967 0.114121 8.56235
1.50524 0.0404908 8.94386
1.59177 0.198129 9.15475
1.45467 0.00585325 9.11905
1.6815 0.0134104 10.3474
1.65685 0.299084 8.63455
1.49287 0.261865 9.78142
1.45387 0.173435 10.2976
1.48216 0.287277 6.71736
1.62094 0.243668 5.34266
1.54403 0.195078 6.34768
1.5267 0.269001 6.71785
1.70422 0.159802 6.98959
1.57024 0.161369 13.3051
1.45282 0.157674 6.3596
1.66827 0.0509604 9.8235
1.54333 0.30684 4.94909
1.47805 0.0394237 8.75876
1.51458 0.25317 11.4032
1.50871 0.0559571 7.24927
1.62398 0.0329769 12.0575
1.66004 0.289999 9.78015
1.70025 0.270052 5.15963
