1.62852 0.0828494 11.2358
1.50721 0.0538055 5.49643
1.63049 0.270755 8.55357
1.71612 0.276082 3.37254
1.55909 0.25818 6.84356
1.65787 0.227345 6.82155
1.52888 0.308067 6.70846
1.41468 0.273451 8.71616
1.67575 0.307358 9.77939
1.46234 0.0443878 8.70002
1.4369 0.0746027 11.5783
1.47079 0.245464 9.14711
1.46019 0.19842 6.65722
1.51882 0.208025 11.3427
1.6729 0.217885 7.19434
1.65575 0.122862 8.03949
1.59363 0.0482994 8.61454
1.59892 0.090593 9.15397
1.54341 0.205815 11.752
1.54148 0.0344768 7.47052
1.68149 0.129158 7.31087
1.47266 0.0331368 5.86824
1.62327 0.118623 9.11878
1.43046 0.252607 9.16685
1.68261 0.272528 4.99717
1.42734 0.0378641 9.94106
1.71133 0.235055 8.4487
1.46026 0.154068 9.83102
1.60743 0.182441 7.97113
1.49008 0.143935 8.75275
1.56395 0.19231 6.60827
1.59217 0.152804 9.00137
1.6029 0.0201854 8.29084
1.64053 0.0201544 6.58664
1.5925 0.208624 6.05235
1.43538 0.123609 8.00612
1.6403 0.312882 10.0896
1.71472 0.14574 6.308
1.53218 0.00332126 10.8973
1.41852 0.120686 7.18593
1.41538 0.135588 6.3285
1.54728 0.240518 6.05723
1.6844 0.0330578 5.63548
1.43506 0.264141 10.9814
