1.53325 0.302869 6.46996
1.47915 0.279138 8.83928
1.51636 0.26478 8.93407
1.45039 0.155594 5.34668
1.72671 0.221469 10.8337
1.69534 0.264459 9.19408
1.61087 0.0682039 6.67889
1.70289 0.30322 10.2645
1.57667 0.282158 10.0032
1.51722 0.127965 8.42148
1.64336 0.0476313 5.7925
1.4496 0.2792 8.66863
1.64022 0.269676 8.54955
1.63558 0.0297588 6.06698
1.5992 0.211151 7.64434
1.64072 0.292224 12.4866
1.72447 0.260014 7.50517
1.47937 0.016621 9.35156
1.46405 0.112072 8.14832
1.49647 0.145213 5.41982
1.53484 0.120291 9.13922
1.48823 0.249129 7.0509
1.66006 0.213345 7.9522
1.41723 0.114121 8.56235
1.66226 0.00769783 9.27622
1.56664 0.0845496 9.46124
1.58767 0.163311 7.97243
1.60384 0.275028 6.57374
1.50185 0.08955 10.4431
1.60586 0.187437 9.09919
1.48972 0.0242026 4.98748
1.64157 0.139784 7.74467
1.49398 0.0794171 4.47965
1.60222 0.234589 8.646
1.56268 0.0278106 9.49373
1.48302 0.203022 10.0271
1.43179 0.159802 6.98959
1.51188 0.162171 7.18347
1.52381 0.191992 8.19066
1.67796 0.0448797 10.2662
1.5262 0.0546487 9.92685
1.46086 0.283207 8.43738
1.63882 0.10797 9.29415
1.61591 0.113136 8.95477
1.42782 0.270052 5.15963
1.71636 0.268731 9.16591
