1.58901 0.278606 9.3147
1.68595 0.196067 10.6585
1.47882 0.221469 10.8337
1.56168 0.0792793 8.69524
1.48444 0.220691 10.2436
1.44745 0.264459 9.19408
1.455 0.30322 10.2645
1.6443 0.0898082 10.8198
1.69206 0.229683 10.6207
1.56607 0.256743 7.0328
1.54553 0.244597 9.30814
1.70171 0.224539 9.68243
1.65512 0.109687 11.239
1.51898 0.176985 8.4097
1.63346 0.207714 10.8649
1.64414 0.167992 10.3085
1.72342 0.135658 8.09061
1.65287 0.234261 5.98885
1.58235 0.0799952 9.71954
1.47658 0.260014 7.50517
1.6372 0.309633 12.1267
1.63864 0.275502 11.3742
1.71168 0.0959354 9.49493
1.70853 0.27907 7.82409
1.62223 0.195538 8.27979
1.57001 0.150429 8.88245
1.619 0.212357 8.78542
1.65965 0.00299831 10.7378
1.41437 0.00769783 9.27622
1.56271 0.271842 10.8967
1.50839 0.144609 6.2747
1.6579 0.282547 11.1875
1.51223 0.088737 7.33434
1.54437 0.173507 8.63492
1.59755 0.234342 7.38027
1.68972 0.196757 4.58492
1.71412 0.26646 7.25309
1.59958 0.16564 7.96045
1.54093 0.197854 9.72575
1.51601 0.188469 9.26669
1.63485 0.169479 9.70191
1.7065 0.270521 7.83162
1.58974 0.149016 6.16864
1.43007 0.0448797 10.2662
1.5993 0.272718 11.3467
1.56137 0.274067 7.66886
1.67128 0.276167 9.35617
1.49947 0.300499 5.50732
1.54054 0.186804 4.61266
1.46847 0.268731 9.16591
