1.51634 0.240254 8.75379
1.43659 0.216391 5.66596
1.68957 0.273451 8.71616
1.42907 0.224531 8.51605
1.62099 0.180317 9.80651
1.68335 0.0216667 6.40585
1.49611 0.297122 11.9416
1.55942 0.229571 9.00129
1.48216 0.154387 8.91052
1.60607 0.0222943 8.01324
1.61105 0.0647192 9.52276
1.71179 0.0746027 11.5783
1.44782 0.171042 11.7172
1.52004 0.25083 8.02839
1.59342 0.158274 8.5405
1.67817 0.177134 8.30911
1.68077 0.153399 7.98036
1.6576 0.191808 9.45157
1.6448 0.300522 10.3583
1.68821 0.154963 9.81032
1.53236 0.188767 10.2495
1.67192 0.279228 10.4743
1.63861 0.0771335 5.57474
1.65793 0.0838059 11.1562
1.59913 0.085087 8.05229
1.64218 0.106319 7.09935
1.70535 0.252607 9.16685
1.45905 0.201775 7.91541
1.70223 0.0378641 9.94106
1.47866 0.0981131 7.44028
1.54024 0.112558 6.63795
1.42941 0.124749 10.6742
1.44193 0.238057 10.852
1.65634 0.169472 8.08209
1.65656 0.243124 8.11637
1.46124 0.0451549 6.36016
1.61691 0.197588 8.68096
1.43419 0.00366046 7.05601
1.71027 0.123609 8.00612
1.48444 0.0475594 5.53996
1.57169 0.0789796 5.00395
1.44041 0.24986 10.1353
1.59937 0.305216 8.58803
1.69341 0.120686 7.18593
1.69027 0.135588 6.3285
1.66784 0.0711422 6.83678
1.48275 0.0237399 11.5136
1.66102 0.219024 10.6162
1.55948 0.146495 10.8996
1.58471 0.0371256 7.83896
1.70995 0.264141 10.9814
1.47819 0.0395527 5.81244
1.50245 0.258714 7.65717
1.64076 0.207673 8.06564
