1.43651 0.23228 8.41595
1.43478 0.186178 5.46932
1.58261 0.240254 8.75379
1.50286 0.216391 5.66596
1.49534 0.224531 8.51605
1.68726 0.180317 9.80651
1.47329 0.237222 6.0172
1.56238 0.297122 11.9416
1.62569 0.229571 9.00129
1.54843 0.154387 8.91052
1.67234 0.0222943 8.01324
1.67732 0.0647192 9.52276
1.51409 0.171042 11.7172
1.4316 0.261575 8.92527
1.58631 0.25083 8.02839
1.65969 0.158274 8.5405
1.72387 0.191808 9.45157
1.71107 0.300522 10.3583
1.59863 0.188767 10.2495
1.70488 0.0771335 5.57474
1.7242 0.0838059 11.1562
1.6654 0.085087 8.05229
1.70845 0.106319 7.09935
1.52532 0.201775 7.91541
1.54493 0.0981131 7.44028
1.60651 0.112558 6.63795
1.49568 0.124749 10.6742
1.5082 0.238057 10.852
1.72261 0.169472 8.08209
1.72283 0.243124 8.11637
1.52751 0.0451549 6.36016
1.68318 0.197588 8.68096
1.50046 0.00366046 7.05601
1.55071 0.0475594 5.53996
1.63796 0.0789796 5.00395
1.50668 0.24986 10.1353
1.47269 0.245536 9.85108
1.66564 0.305216 8.58803
1.54902 0.0237399 11.5136
1.72729 0.219024 10.6162
1.62575 0.146495 10.8996
1.65098 0.0371256 7.83896
1.54446 0.0395527 5.81244
1.56872 0.258714 7.65717
1.70703 0.207673 8.06564
