1.55534 0.302869 6.46996
1.50124 0.279138 8.83928
1.53845 0.26478 8.93407
1.47248 0.155594 5.34668
1.42636 0.0144912 8.26421
1.71743 0.264459 9.19408
1.63296 0.0682039 6.67889
1.72498 0.30322 10.2645
1.59876 0.282158 10.0032
1.53931 0.127965 8.42148
1.66545 0.0476313 5.7925
1.4354 0.121831 7.01489
1.47169 0.2792 8.66863
1.66231 0.269676 8.54955
1.65767 0.0297588 6.06698
1.62129 0.211151 7.64434
1.66281 0.292224 12.4866
1.50146 0.016621 9.35156
1.48614 0.112072 8.14832
1.51856 0.145213 5.41982
1.55693 0.120291 9.13922
1.51032 0.249129 7.0509
1.68215 0.213345 7.9522
1.43932 0.114121 8.56235
1.68435 0.00769783 9.27622
1.58873 0.0845496 9.46124
1.60976 0.163311 7.97243
1.62593 0.275028 6.57374
1.52394 0.08955 10.4431
1.62795 0.187437 9.09919
1.43115 0.0134104 10.3474
1.51181 0.0242026 4.98748
1.66366 0.139784 7.74467
1.51607 0.0794171 4.47965
1.62431 0.234589 8.646
1.58477 0.0278106 9.49373
1.50511 0.203022 10.0271
1.45388 0.159802 6.98959
1.53397 0.162171 7.18347
1.5459 0.191992 8.19066
1.41792 0.0509604 9.8235
1.70005 0.0448797 10.2662
1.54829 0.0546487 9.92685
1.48295 0.283207 8.43738
1.66091 0.10797 9.29415
1.638 0.113136 8.95477
1.44991 0.270052 5.15963
