1.5357 0.302869 6.46996
1.48161 0.279138 8.83928
1.51882 0.26478 8.93407
1.45285 0.155594 5.34668
1.69779 0.264459 9.19408
1.61333 0.0682039 6.67889
1.70535 0.30322 10.2645
1.57912 0.282158 10.0032
1.51967 0.127965 8.42148
1.64581 0.0476313 5.7925
1.41576 0.121831 7.01489
1.45205 0.2792 8.66863
1.64268 0.269676 8.54955
1.63803 0.0297588 6.06698
1.60166 0.211151 7.64434
1.64318 0.292224 12.4866
1.72693 0.260014 7.50517
1.48182 0.016621 9.35156
1.46651 0.112072 8.14832
1.49892 0.145213 5.41982
1.5373 0.120291 9.13922
1.49069 0.249129 7.0509
1.66251 0.213345 7.9522
1.41969 0.114121 8.56235
1.66471 0.00769783 9.27622
1.56909 0.0845496 9.46124
1.59012 0.163311 7.97243
1.6063 0.275028 6.57374
1.50431 0.08955 10.4431
1.60832 0.187437 9.09919
1.49218 0.0242026 4.98748
1.64402 0.139784 7.74467
1.49644 0.0794171 4.47965
1.60467 0.234589 8.646
1.56513 0.0278106 9.49373
1.48548 0.203022 10.0271
1.43424 0.159802 6.98959
1.51434 0.162171 7.18347
1.52627 0.191992 8.19066
1.68042 0.0448797 10.2662
1.52866 0.0546487 9.92685
1.46331 0.283207 8.43738
1.64128 0.10797 9.29415
1.61836 0.113136 8.95477
1.43027 0.270052 5.15963
1.71882 0.268731 9.16591
