1.68743 0.0828494 11.2358
1.56612 0.0538055 5.49643
1.6894 0.270755 8.55357
1.618 0.25818 6.84356
1.71678 0.227345 6.82155
1.58779 0.308067 6.70846
1.47359 0.273451 8.71616
1.46737 0.0216667 6.40585
1.52125 0.0443878 8.70002
1.49581 0.0746027 11.5783
1.46219 0.177134 8.30911
1.5297 0.245464 9.14711
1.5191 0.19842 6.65722
1.57773 0.208025 11.3427
1.46479 0.153399 7.98036
1.71466 0.122862 8.03949
1.65254 0.0482994 8.61454
1.44162 0.191808 9.45157
1.42882 0.300522 10.3583
1.47223 0.154963 9.81032
1.65783 0.090593 9.15397
1.60232 0.205815 11.752
1.45594 0.279228 10.4743
1.42263 0.0771335 5.57474
1.44195 0.0838059 11.1562
1.60039 0.0344768 7.47052
1.53157 0.0331368 5.86824
1.68218 0.118623 9.11878
1.4262 0.106319 7.09935
1.48937 0.252607 9.16685
1.48625 0.0378641 9.94106
1.51917 0.154068 9.83102
1.66634 0.182441 7.97113
1.54899 0.143935 8.75275
1.44036 0.169472 8.08209
1.62286 0.19231 6.60827
1.65108 0.152804 9.00137
1.66181 0.0201854 8.29084
1.44058 0.243124 8.11637
1.69944 0.0201544 6.58664
1.65141 0.208624 6.05235
1.49429 0.123609 8.00612
1.69921 0.312882 10.0896
1.59109 0.00332126 10.8973
1.47743 0.120686 7.18593
1.47429 0.135588 6.3285
1.45186 0.0711422 6.83678
1.60619 0.240518 6.05723
1.44504 0.219024 10.6162
1.49397 0.264141 10.9814
1.42478 0.207673 8.06564
