1.71242 0.302869 6.46996
1.65832 0.279138 8.83928
1.49466 0.139326 7.66071
1.42927 0.257683 11.1077
1.48453 0.0884587 6.95822
1.51436 0.0119994 7.66662
1.50254 0.243186 7.32524
1.69553 0.26478 8.93407
1.62956 0.155594 5.34668
1.58344 0.0144912 8.26421
1.46325 0.191508 7.57731
1.4358 0.0198287 11.4839
1.44996 0.0805195 6.3975
1.46074 0.157272 12.4017
1.69639 0.127965 8.42148
1.59248 0.121831 7.01489
1.62877 0.2792 8.66863
1.50292 0.0856839 6.7349
1.50583 0.239312 9.70333
1.43223 0.109583 6.84874
1.53643 0.289592 10.0472
1.48288 0.226009 7.43086
1.4643 0.19116 8.91859
1.4729 0.150413 10.6775
1.48531 0.102169 10.8669
1.65854 0.016621 9.35156
1.46065 0.0227567 7.32073
1.64322 0.112072 8.14832
1.67563 0.145213 5.41982
1.71401 0.120291 9.13922
1.6674 0.249129 7.0509
1.56136 0.187072 6.09333
1.46886 0.180504 7.9142
1.52987 0.26345 11.9187
1.54142 0.149247 10.9659
1.5964 0.114121 8.56235
1.4985 0.198129 9.15475
1.68102 0.08955 10.4431
1.58823 0.0134104 10.3474
1.56359 0.299084 8.63455
1.66889 0.0242026 4.98748
1.52768 0.243668 5.34266
1.45077 0.195078 6.34768
1.67315 0.0794171 4.47965
1.66219 0.203022 10.0271
1.43343 0.269001 6.71785
1.61096 0.159802 6.98959
1.69105 0.162171 7.18347
1.47698 0.161369 13.3051
1.70298 0.191992 8.19066
1.575 0.0509604 9.8235
1.45007 0.30684 4.94909
1.70537 0.0546487 9.92685
1.42132 0.25317 11.4032
1.64002 0.283207 8.43738
1.41544 0.0559571 7.24927
1.53071 0.0329769 12.0575
1.56677 0.289999 9.78015
1.60699 0.270052 5.15963
