1.6756 0.302869 6.46996
1.62151 0.279138 8.83928
1.45785 0.139326 7.66071
1.44771 0.0884587 6.95822
1.47754 0.0119994 7.66662
1.46572 0.243186 7.32524
1.65872 0.26478 8.93407
1.59275 0.155594 5.34668
1.54662 0.0144912 8.26421
1.42643 0.191508 7.57731
1.71902 0.282158 10.0032
1.42393 0.157272 12.4017
1.65957 0.127965 8.42148
1.55566 0.121831 7.01489
1.59195 0.2792 8.66863
1.46611 0.0856839 6.7349
1.46901 0.239312 9.70333
1.49961 0.289592 10.0472
1.44606 0.226009 7.43086
1.42748 0.19116 8.91859
1.43608 0.150413 10.6775
1.4485 0.102169 10.8669
1.62172 0.016621 9.35156
1.42384 0.0227567 7.32073
1.60641 0.112072 8.14832
1.63882 0.145213 5.41982
1.6772 0.120291 9.13922
1.63058 0.249129 7.0509
1.52455 0.187072 6.09333
1.43204 0.180504 7.9142
1.49305 0.26345 11.9187
1.5046 0.149247 10.9659
1.55959 0.114121 8.56235
1.46169 0.198129 9.15475
1.70899 0.0845496 9.46124
1.64421 0.08955 10.4431
1.55142 0.0134104 10.3474
1.52677 0.299084 8.63455
1.63207 0.0242026 4.98748
1.49086 0.243668 5.34266
1.41395 0.195078 6.34768
1.63633 0.0794171 4.47965
1.70503 0.0278106 9.49373
1.62537 0.203022 10.0271
1.57414 0.159802 6.98959
1.65424 0.162171 7.18347
1.44016 0.161369 13.3051
1.66616 0.191992 8.19066
1.53819 0.0509604 9.8235
1.66856 0.0546487 9.92685
1.60321 0.283207 8.43738
1.4939 0.0329769 12.0575
1.52996 0.289999 9.78015
1.57017 0.270052 5.15963
