1.7082 0.139326 7.66071
1.6428 0.257683 11.1077
1.69806 0.0884587 6.95822
1.71607 0.243186 7.32524
1.57555 0.127498 8.89402
1.55321 0.178548 9.90181
1.67678 0.191508 7.57731
1.58509 0.00153084 4.56912
1.64934 0.0198287 11.4839
1.66349 0.0805195 6.3975
1.67427 0.157272 12.4017
1.57246 0.212379 10.1913
1.71645 0.0856839 6.7349
1.71936 0.239312 9.70333
1.64576 0.109583 6.84874
1.69641 0.226009 7.43086
1.62459 0.118548 7.43575
1.67783 0.19116 8.91859
1.68643 0.150413 10.6775
1.69884 0.102169 10.8669
1.56389 0.0216594 8.89465
1.5639 0.0968042 7.05576
1.67419 0.0227567 7.32073
1.68239 0.180504 7.9142
1.62551 0.0404908 8.94386
1.71203 0.198129 9.15475
1.57494 0.00585325 9.11905
1.61314 0.261865 9.78142
1.57414 0.173435 10.2976
1.60242 0.287277 6.71736
1.6643 0.195078 6.34768
1.64696 0.269001 6.71785
1.69051 0.161369 13.3051
1.57308 0.157674 6.3596
1.6636 0.30684 4.94909
1.59832 0.0394237 8.75876
1.63485 0.25317 11.4032
1.62897 0.0559571 7.24927
