1.4918 0.240254 8.75379
1.66503 0.273451 8.71616
1.59645 0.180317 9.80651
1.65881 0.0216667 6.40585
1.47157 0.297122 11.9416
1.53488 0.229571 9.00129
1.71269 0.0443878 8.70002
1.45762 0.154387 8.91052
1.58153 0.0222943 8.01324
1.58651 0.0647192 9.52276
1.68725 0.0746027 11.5783
1.42328 0.171042 11.7172
1.4955 0.25083 8.02839
1.56888 0.158274 8.5405
1.65363 0.177134 8.30911
1.72114 0.245464 9.14711
1.71054 0.19842 6.65722
1.65623 0.153399 7.98036
1.63306 0.191808 9.45157
1.62026 0.300522 10.3583
1.66367 0.154963 9.81032
1.50782 0.188767 10.2495
1.64738 0.279228 10.4743
1.61407 0.0771335 5.57474
1.63339 0.0838059 11.1562
1.57459 0.085087 8.05229
1.72301 0.0331368 5.86824
1.61764 0.106319 7.09935
1.68081 0.252607 9.16685
1.43451 0.201775 7.91541
1.67769 0.0378641 9.94106
1.45412 0.0981131 7.44028
1.71061 0.154068 9.83102
1.5157 0.112558 6.63795
1.41739 0.238057 10.852
1.6318 0.169472 8.08209
1.63202 0.243124 8.11637
1.4367 0.0451549 6.36016
1.59237 0.197588 8.68096
1.68573 0.123609 8.00612
1.4599 0.0475594 5.53996
1.54715 0.0789796 5.00395
1.41587 0.24986 10.1353
1.57483 0.305216 8.58803
1.66887 0.120686 7.18593
1.66573 0.135588 6.3285
1.6433 0.0711422 6.83678
1.45821 0.0237399 11.5136
1.63648 0.219024 10.6162
1.53494 0.146495 10.8996
1.56017 0.0371256 7.83896
1.68541 0.264141 10.9814
1.45365 0.0395527 5.81244
1.47791 0.258714 7.65717
1.61622 0.207673 8.06564
