1.42526 0.302869 6.46996
1.61872 0.221469 10.8337
1.70158 0.0792793 8.69524
1.62434 0.220691 10.2436
1.58735 0.264459 9.19408
1.50288 0.0682039 6.67889
1.5949 0.30322 10.2645
1.46868 0.282158 10.0032
1.53536 0.0476313 5.7925
1.70597 0.256743 7.0328
1.53223 0.269676 8.54955
1.68543 0.244597 9.30814
1.52759 0.0297588 6.06698
1.65888 0.176985 8.4097
1.49121 0.211151 7.64434
1.53273 0.292224 12.4866
1.72225 0.0799952 9.71954
1.61648 0.260014 7.50517
1.42685 0.120291 9.13922
1.70991 0.150429 8.88245
1.55207 0.213345 7.9522
1.55427 0.00769783 9.27622
1.70261 0.271842 10.8967
1.64829 0.144609 6.2747
1.45865 0.0845496 9.46124
1.47967 0.163311 7.97243
1.49585 0.275028 6.57374
1.49787 0.187437 9.09919
1.65213 0.088737 7.33434
1.68426 0.173507 8.63492
1.53358 0.139784 7.74467
1.49422 0.234589 8.646
1.45468 0.0278106 9.49373
1.68082 0.197854 9.72575
1.65591 0.188469 9.26669
1.41582 0.191992 8.19066
1.56997 0.0448797 10.2662
1.70127 0.274067 7.66886
1.41821 0.0546487 9.92685
1.53083 0.10797 9.29415
1.63937 0.300499 5.50732
1.50791 0.113136 8.95477
1.68044 0.186804 4.61266
1.60837 0.268731 9.16591
