1.51407 0.0690253 10.0271
1.52501 0.20204 7.7224
1.66477 0.23228 8.41595
1.66304 0.186178 5.46932
1.56017 0.0680965 7.169
1.7236 0.224531 8.51605
1.70155 0.237222 6.0172
1.52705 0.0923983 8.38956
1.42464 0.159338 9.45944
1.60924 0.226971 6.60668
1.56202 0.0685322 4.68381
1.65986 0.261575 8.92527
1.48094 0.15481 9.76983
1.52396 0.220693 6.53064
1.58186 0.00491092 8.88741
1.4717 0.195367 6.1007
1.58201 0.283769 5.88788
1.41819 0.0438637 8.84515
1.48237 0.301628 11.5623
1.42719 0.191322 10.1521
1.45695 0.0998875 7.91159
1.56632 0.161284 8.48622
1.49338 0.0204782 8.9575
1.61377 0.157544 7.91538
1.45013 0.202582 5.86461
1.62724 0.138792 10.1557
1.72394 0.124749 10.6742
1.62272 0.234288 4.77087
1.5741 0.268833 3.41782
1.61246 0.000377117 8.77191
1.51916 0.140866 10.9555
1.59191 0.176884 7.03755
1.58241 0.0581106 8.53172
1.53088 0.232958 11.0565
1.49892 0.198357 6.95472
1.56702 0.158158 10.5369
1.59925 0.0898336 10.1037
1.70095 0.245536 9.85108
1.44777 0.265588 9.28159
1.63858 0.288195 10.6078
1.51923 0.303721 13.6646
1.50903 0.140019 8.80892
1.6302 0.10972 7.13814
