1.68884 0.0538055 5.49643
1.42308 0.240254 8.75379
1.71051 0.308067 6.70846
1.59631 0.273451 8.71616
1.52773 0.180317 9.80651
1.59009 0.0216667 6.40585
1.46616 0.229571 9.00129
1.64397 0.0443878 8.70002
1.51281 0.0222943 8.01324
1.51779 0.0647192 9.52276
1.61853 0.0746027 11.5783
1.42678 0.25083 8.02839
1.50016 0.158274 8.5405
1.58491 0.177134 8.30911
1.65242 0.245464 9.14711
1.64182 0.19842 6.65722
1.70045 0.208025 11.3427
1.58751 0.153399 7.98036
1.56434 0.191808 9.45157
1.55154 0.300522 10.3583
1.59495 0.154963 9.81032
1.4391 0.188767 10.2495
1.72504 0.205815 11.752
1.57866 0.279228 10.4743
1.54535 0.0771335 5.57474
1.56467 0.0838059 11.1562
1.72311 0.0344768 7.47052
1.50587 0.085087 8.05229
1.65429 0.0331368 5.86824
1.54892 0.106319 7.09935
1.61209 0.252607 9.16685
1.60897 0.0378641 9.94106
1.64189 0.154068 9.83102
1.44698 0.112558 6.63795
1.67171 0.143935 8.75275
1.56308 0.169472 8.08209
1.5633 0.243124 8.11637
1.52365 0.197588 8.68096
1.61701 0.123609 8.00612
1.47843 0.0789796 5.00395
1.71381 0.00332126 10.8973
1.50611 0.305216 8.58803
1.60015 0.120686 7.18593
1.59701 0.135588 6.3285
1.57458 0.0711422 6.83678
1.56776 0.219024 10.6162
1.46622 0.146495 10.8996
1.49145 0.0371256 7.83896
1.61669 0.264141 10.9814
1.5475 0.207673 8.06564
