1.44489 0.302869 6.46996
1.42801 0.26478 8.93407
1.63835 0.221469 10.8337
1.72122 0.0792793 8.69524
1.64397 0.220691 10.2436
1.60698 0.264459 9.19408
1.52252 0.0682039 6.67889
1.61454 0.30322 10.2645
1.48831 0.282158 10.0032
1.42886 0.127965 8.42148
1.555 0.0476313 5.7925
1.72561 0.256743 7.0328
1.55186 0.269676 8.54955
1.70506 0.244597 9.30814
1.54722 0.0297588 6.06698
1.67851 0.176985 8.4097
1.51085 0.211151 7.64434
1.55237 0.292224 12.4866
1.63612 0.260014 7.50517
1.44649 0.120291 9.13922
1.5717 0.213345 7.9522
1.5739 0.00769783 9.27622
1.72224 0.271842 10.8967
1.66793 0.144609 6.2747
1.47828 0.0845496 9.46124
1.49931 0.163311 7.97243
1.51548 0.275028 6.57374
1.51751 0.187437 9.09919
1.67176 0.088737 7.33434
1.7039 0.173507 8.63492
1.55321 0.139784 7.74467
1.51386 0.234589 8.646
1.47432 0.0278106 9.49373
1.70046 0.197854 9.72575
1.67555 0.188469 9.26669
1.42353 0.162171 7.18347
1.43545 0.191992 8.19066
1.58961 0.0448797 10.2662
1.72091 0.274067 7.66886
1.43784 0.0546487 9.92685
1.55047 0.10797 9.29415
1.65901 0.300499 5.50732
1.52755 0.113136 8.95477
1.70007 0.186804 4.61266
1.62801 0.268731 9.16591
