1.55825 0.0690253 10.0271
1.56919 0.20204 7.7224
1.70894 0.23228 8.41595
1.70721 0.186178 5.46932
1.60435 0.0680965 7.169
1.57123 0.0923983 8.38956
1.46882 0.159338 9.45944
1.65341 0.226971 6.60668
1.6062 0.0685322 4.68381
1.41946 0.224539 9.68243
1.44116 0.135658 8.09061
1.70403 0.261575 8.92527
1.52512 0.15481 9.76983
1.56814 0.220693 6.53064
1.62603 0.00491092 8.88741
1.51587 0.195367 6.1007
1.42943 0.0959354 9.49493
1.42628 0.27907 7.82409
1.62618 0.283769 5.88788
1.46237 0.0438637 8.84515
1.52655 0.301628 11.5623
1.47137 0.191322 10.1521
1.50113 0.0998875 7.91159
1.6105 0.161284 8.48622
1.53756 0.0204782 8.9575
1.65794 0.157544 7.91538
1.49431 0.202582 5.86461
1.67141 0.138792 10.1557
1.66689 0.234288 4.77087
1.61828 0.268833 3.41782
1.65663 0.000377117 8.77191
1.56334 0.140866 10.9555
1.63608 0.176884 7.03755
1.62658 0.0581106 8.53172
1.43187 0.26646 7.25309
1.57506 0.232958 11.0565
1.5431 0.198357 6.95472
1.6112 0.158158 10.5369
1.64342 0.0898336 10.1037
1.42425 0.270521 7.83162
1.49195 0.265588 9.28159
1.68275 0.288195 10.6078
1.56341 0.303721 13.6646
1.55321 0.140019 8.80892
1.67437 0.10972 7.13814
