1.44244 0.302869 6.46996
1.42555 0.26478 8.93407
1.6359 0.221469 10.8337
1.71876 0.0792793 8.69524
1.64152 0.220691 10.2436
1.60453 0.264459 9.19408
1.52006 0.0682039 6.67889
1.61208 0.30322 10.2645
1.48586 0.282158 10.0032
1.42641 0.127965 8.42148
1.55254 0.0476313 5.7925
1.72315 0.256743 7.0328
1.54941 0.269676 8.54955
1.70261 0.244597 9.30814
1.54477 0.0297588 6.06698
1.67606 0.176985 8.4097
1.50839 0.211151 7.64434
1.54991 0.292224 12.4866
1.63366 0.260014 7.50517
1.44403 0.120291 9.13922
1.72709 0.150429 8.88245
1.56925 0.213345 7.9522
1.57145 0.00769783 9.27622
1.71979 0.271842 10.8967
1.66547 0.144609 6.2747
1.47583 0.0845496 9.46124
1.49685 0.163311 7.97243
1.51303 0.275028 6.57374
1.51505 0.187437 9.09919
1.66931 0.088737 7.33434
1.70145 0.173507 8.63492
1.55076 0.139784 7.74467
1.5114 0.234589 8.646
1.47186 0.0278106 9.49373
1.69801 0.197854 9.72575
1.67309 0.188469 9.26669
1.42107 0.162171 7.18347
1.433 0.191992 8.19066
1.58715 0.0448797 10.2662
1.71845 0.274067 7.66886
1.43539 0.0546487 9.92685
1.54801 0.10797 9.29415
1.65655 0.300499 5.50732
1.52509 0.113136 8.95477
1.69762 0.186804 4.61266
1.62555 0.268731 9.16591
