1.41687 0.23228 8.41595
1.41514 0.186178 5.46932
1.56297 0.240254 8.75379
1.48322 0.216391 5.66596
1.4757 0.224531 8.51605
1.66762 0.180317 9.80651
1.45365 0.237222 6.0172
1.54274 0.297122 11.9416
1.60605 0.229571 9.00129
1.52879 0.154387 8.91052
1.6527 0.0222943 8.01324
1.65768 0.0647192 9.52276
1.49445 0.171042 11.7172
1.56667 0.25083 8.02839
1.64005 0.158274 8.5405
1.7248 0.177134 8.30911
1.7274 0.153399 7.98036
1.70423 0.191808 9.45157
1.69143 0.300522 10.3583
1.57899 0.188767 10.2495
1.71855 0.279228 10.4743
1.68524 0.0771335 5.57474
1.70456 0.0838059 11.1562
1.64576 0.085087 8.05229
1.68881 0.106319 7.09935
1.50568 0.201775 7.91541
1.52529 0.0981131 7.44028
1.58687 0.112558 6.63795
1.47604 0.124749 10.6742
1.48856 0.238057 10.852
1.70297 0.169472 8.08209
1.70319 0.243124 8.11637
1.50787 0.0451549 6.36016
1.66354 0.197588 8.68096
1.48082 0.00366046 7.05601
1.53107 0.0475594 5.53996
1.61832 0.0789796 5.00395
1.48704 0.24986 10.1353
1.45305 0.245536 9.85108
1.646 0.305216 8.58803
1.71447 0.0711422 6.83678
1.52938 0.0237399 11.5136
1.70765 0.219024 10.6162
1.60611 0.146495 10.8996
1.63134 0.0371256 7.83896
1.52482 0.0395527 5.81244
1.54908 0.258714 7.65717
1.68739 0.207673 8.06564
