1.55043 0.302869 6.46996
1.49634 0.279138 8.83928
1.53355 0.26478 8.93407
1.46758 0.155594 5.34668
1.42145 0.0144912 8.26421
1.71252 0.264459 9.19408
1.62806 0.0682039 6.67889
1.72008 0.30322 10.2645
1.59385 0.282158 10.0032
1.5344 0.127965 8.42148
1.66054 0.0476313 5.7925
1.43049 0.121831 7.01489
1.46678 0.2792 8.66863
1.6574 0.269676 8.54955
1.65276 0.0297588 6.06698
1.61639 0.211151 7.64434
1.6579 0.292224 12.4866
1.49655 0.016621 9.35156
1.48123 0.112072 8.14832
1.51365 0.145213 5.41982
1.55202 0.120291 9.13922
1.50541 0.249129 7.0509
1.67724 0.213345 7.9522
1.43441 0.114121 8.56235
1.67944 0.00769783 9.27622
1.58382 0.0845496 9.46124
1.60485 0.163311 7.97243
1.62102 0.275028 6.57374
1.51903 0.08955 10.4431
1.62304 0.187437 9.09919
1.42625 0.0134104 10.3474
1.5069 0.0242026 4.98748
1.65875 0.139784 7.74467
1.51116 0.0794171 4.47965
1.6194 0.234589 8.646
1.57986 0.0278106 9.49373
1.5002 0.203022 10.0271
1.44897 0.159802 6.98959
1.52906 0.162171 7.18347
1.54099 0.191992 8.19066
1.69514 0.0448797 10.2662
1.54338 0.0546487 9.92685
1.47804 0.283207 8.43738
1.656 0.10797 9.29415
1.63309 0.113136 8.95477
1.445 0.270052 5.15963
