1.67796 0.279138 8.83928
1.5143 0.139326 7.66071
1.44891 0.257683 11.1077
1.50416 0.0884587 6.95822
1.53399 0.0119994 7.66662
1.52217 0.243186 7.32524
1.71517 0.26478 8.93407
1.6492 0.155594 5.34668
1.60307 0.0144912 8.26421
1.48288 0.191508 7.57731
1.45544 0.0198287 11.4839
1.4696 0.0805195 6.3975
1.48038 0.157272 12.4017
1.71602 0.127965 8.42148
1.61211 0.121831 7.01489
1.6484 0.2792 8.66863
1.52256 0.0856839 6.7349
1.52546 0.239312 9.70333
1.45186 0.109583 6.84874
1.55606 0.289592 10.0472
1.50251 0.226009 7.43086
1.43069 0.118548 7.43575
1.48393 0.19116 8.91859
1.49253 0.150413 10.6775
1.50495 0.102169 10.8669
1.67817 0.016621 9.35156
1.48029 0.0227567 7.32073
1.66286 0.112072 8.14832
1.69527 0.145213 5.41982
1.68703 0.249129 7.0509
1.581 0.187072 6.09333
1.48849 0.180504 7.9142
1.5495 0.26345 11.9187
1.56105 0.149247 10.9659
1.61604 0.114121 8.56235
1.43161 0.0404908 8.94386
1.51814 0.198129 9.15475
1.70066 0.08955 10.4431
1.60787 0.0134104 10.3474
1.58322 0.299084 8.63455
1.41924 0.261865 9.78142
1.68852 0.0242026 4.98748
1.54731 0.243668 5.34266
1.4704 0.195078 6.34768
1.69278 0.0794171 4.47965
1.68182 0.203022 10.0271
1.45307 0.269001 6.71785
1.63059 0.159802 6.98959
1.71069 0.162171 7.18347
1.49661 0.161369 13.3051
1.72261 0.191992 8.19066
1.59464 0.0509604 9.8235
1.4697 0.30684 4.94909
1.72501 0.0546487 9.92685
1.44095 0.25317 11.4032
1.65966 0.283207 8.43738
1.43507 0.0559571 7.24927
1.55035 0.0329769 12.0575
1.58641 0.289999 9.78015
1.62662 0.270052 5.15963
