1.68698 0.257683 11.1077
1.61973 0.127498 8.89402
1.59739 0.178548 9.90181
1.72096 0.191508 7.57731
1.62927 0.00153084 4.56912
1.69351 0.0198287 11.4839
1.70767 0.0805195 6.3975
1.71845 0.157272 12.4017
1.61664 0.212379 10.1913
1.68994 0.109583 6.84874
1.66877 0.118548 7.43575
1.72201 0.19116 8.91859
1.60807 0.0216594 8.89465
1.60808 0.0968042 7.05576
1.71836 0.0227567 7.32073
1.72657 0.180504 7.9142
1.66969 0.0404908 8.94386
1.61912 0.00585325 9.11905
1.65732 0.261865 9.78142
1.61831 0.173435 10.2976
1.6466 0.287277 6.71736
1.70848 0.195078 6.34768
1.69114 0.269001 6.71785
1.61726 0.157674 6.3596
1.70778 0.30684 4.94909
1.64249 0.0394237 8.75876
1.67903 0.25317 11.4032
1.67315 0.0559571 7.24927
