1.54307 0.302869 6.46996
1.48897 0.279138 8.83928
1.52618 0.26478 8.93407
1.46021 0.155594 5.34668
1.41409 0.0144912 8.26421
1.70516 0.264459 9.19408
1.62069 0.0682039 6.67889
1.71271 0.30322 10.2645
1.58649 0.282158 10.0032
1.52704 0.127965 8.42148
1.65317 0.0476313 5.7925
1.42313 0.121831 7.01489
1.45941 0.2792 8.66863
1.65004 0.269676 8.54955
1.6454 0.0297588 6.06698
1.60902 0.211151 7.64434
1.65054 0.292224 12.4866
1.48919 0.016621 9.35156
1.47387 0.112072 8.14832
1.50628 0.145213 5.41982
1.54466 0.120291 9.13922
1.49805 0.249129 7.0509
1.66988 0.213345 7.9522
1.42705 0.114121 8.56235
1.67208 0.00769783 9.27622
1.57646 0.0845496 9.46124
1.59748 0.163311 7.97243
1.61366 0.275028 6.57374
1.51167 0.08955 10.4431
1.61568 0.187437 9.09919
1.41888 0.0134104 10.3474
1.49954 0.0242026 4.98748
1.65139 0.139784 7.74467
1.5038 0.0794171 4.47965
1.61203 0.234589 8.646
1.57249 0.0278106 9.49373
1.49284 0.203022 10.0271
1.44161 0.159802 6.98959
1.5217 0.162171 7.18347
1.53363 0.191992 8.19066
1.68778 0.0448797 10.2662
1.53602 0.0546487 9.92685
1.47067 0.283207 8.43738
1.64864 0.10797 9.29415
1.62572 0.113136 8.95477
1.43763 0.270052 5.15963
1.72618 0.268731 9.16591
