1.50032 0.23228 8.41595
1.49859 0.186178 5.46932
1.64642 0.240254 8.75379
1.56667 0.216391 5.66596
1.55915 0.224531 8.51605
1.5371 0.237222 6.0172
1.62619 0.297122 11.9416
1.6895 0.229571 9.00129
1.44479 0.226971 6.60668
1.61224 0.154387 8.91052
1.5779 0.171042 11.7172
1.49541 0.261575 8.92527
1.65012 0.25083 8.02839
1.7235 0.158274 8.5405
1.41741 0.00491092 8.88741
1.66244 0.188767 10.2495
1.41756 0.283769 5.88788
1.58913 0.201775 7.91541
1.60874 0.0981131 7.44028
1.44932 0.157544 7.91538
1.67032 0.112558 6.63795
1.46279 0.138792 10.1557
1.55949 0.124749 10.6742
1.57201 0.238057 10.852
1.45827 0.234288 4.77087
1.44801 0.000377117 8.77191
1.42746 0.176884 7.03755
1.41796 0.0581106 8.53172
1.59132 0.0451549 6.36016
1.56427 0.00366046 7.05601
1.4348 0.0898336 10.1037
1.61452 0.0475594 5.53996
1.70177 0.0789796 5.00395
1.57049 0.24986 10.1353
1.5365 0.245536 9.85108
1.61283 0.0237399 11.5136
1.68956 0.146495 10.8996
1.71479 0.0371256 7.83896
1.47413 0.288195 10.6078
1.46575 0.10972 7.13814
1.60827 0.0395527 5.81244
1.63253 0.258714 7.65717
