1.65106 0.302869 6.46996
1.59696 0.279138 8.83928
1.43331 0.139326 7.66071
1.42317 0.0884587 6.95822
1.453 0.0119994 7.66662
1.44118 0.243186 7.32524
1.63417 0.26478 8.93407
1.5682 0.155594 5.34668
1.52208 0.0144912 8.26421
1.69448 0.282158 10.0032
1.63503 0.127965 8.42148
1.53112 0.121831 7.01489
1.56741 0.2792 8.66863
1.44156 0.0856839 6.7349
1.71701 0.211151 7.64434
1.44447 0.239312 9.70333
1.47507 0.289592 10.0472
1.42152 0.226009 7.43086
1.42395 0.102169 10.8669
1.59718 0.016621 9.35156
1.58186 0.112072 8.14832
1.61428 0.145213 5.41982
1.65265 0.120291 9.13922
1.60604 0.249129 7.0509
1.5 0.187072 6.09333
1.46851 0.26345 11.9187
1.48006 0.149247 10.9659
1.53504 0.114121 8.56235
1.43714 0.198129 9.15475
1.68445 0.0845496 9.46124
1.70548 0.163311 7.97243
1.72165 0.275028 6.57374
1.61966 0.08955 10.4431
1.72367 0.187437 9.09919
1.52687 0.0134104 10.3474
1.50223 0.299084 8.63455
1.60753 0.0242026 4.98748
1.46632 0.243668 5.34266
1.61179 0.0794171 4.47965
1.72003 0.234589 8.646
1.68049 0.0278106 9.49373
1.60083 0.203022 10.0271
1.5496 0.159802 6.98959
1.62969 0.162171 7.18347
1.41562 0.161369 13.3051
1.64162 0.191992 8.19066
1.51364 0.0509604 9.8235
1.64401 0.0546487 9.92685
1.57867 0.283207 8.43738
1.46935 0.0329769 12.0575
1.50541 0.289999 9.78015
1.54563 0.270052 5.15963
