1.67761 0.0828494 11.2358
1.5563 0.0538055 5.49643
1.67958 0.270755 8.55357
1.60818 0.25818 6.84356
1.70696 0.227345 6.82155
1.57797 0.308067 6.70846
1.46377 0.273451 8.71616
1.72484 0.307358 9.77939
1.45755 0.0216667 6.40585
1.51143 0.0443878 8.70002
1.48599 0.0746027 11.5783
1.45237 0.177134 8.30911
1.51988 0.245464 9.14711
1.50928 0.19842 6.65722
1.56791 0.208025 11.3427
1.72199 0.217885 7.19434
1.45497 0.153399 7.98036
1.70484 0.122862 8.03949
1.64272 0.0482994 8.61454
1.4318 0.191808 9.45157
1.419 0.300522 10.3583
1.46241 0.154963 9.81032
1.64801 0.090593 9.15397
1.5925 0.205815 11.752
1.44612 0.279228 10.4743
1.43213 0.0838059 11.1562
1.59057 0.0344768 7.47052
1.52175 0.0331368 5.86824
1.67236 0.118623 9.11878
1.41638 0.106319 7.09935
1.47955 0.252607 9.16685
1.47643 0.0378641 9.94106
1.50935 0.154068 9.83102
1.65652 0.182441 7.97113
1.53917 0.143935 8.75275
1.43054 0.169472 8.08209
1.61304 0.19231 6.60827
1.64126 0.152804 9.00137
1.65199 0.0201854 8.29084
1.43076 0.243124 8.11637
1.68962 0.0201544 6.58664
1.64159 0.208624 6.05235
1.48447 0.123609 8.00612
1.68939 0.312882 10.0896
1.58127 0.00332126 10.8973
1.46761 0.120686 7.18593
1.46447 0.135588 6.3285
1.44204 0.0711422 6.83678
1.59637 0.240518 6.05723
1.43522 0.219024 10.6162
1.48415 0.264141 10.9814
1.41496 0.207673 8.06564
