1.68207 0.257683 11.1077
1.61482 0.127498 8.89402
1.59248 0.178548 9.90181
1.71605 0.191508 7.57731
1.62436 0.00153084 4.56912
1.6886 0.0198287 11.4839
1.70276 0.0805195 6.3975
1.71354 0.157272 12.4017
1.61173 0.212379 10.1913
1.68503 0.109583 6.84874
1.66386 0.118548 7.43575
1.7171 0.19116 8.91859
1.7257 0.150413 10.6775
1.60316 0.0216594 8.89465
1.60317 0.0968042 7.05576
1.71345 0.0227567 7.32073
1.72166 0.180504 7.9142
1.66478 0.0404908 8.94386
1.61421 0.00585325 9.11905
1.65241 0.261865 9.78142
1.61341 0.173435 10.2976
1.64169 0.287277 6.71736
1.70357 0.195078 6.34768
1.68623 0.269001 6.71785
1.61235 0.157674 6.3596
1.70287 0.30684 4.94909
1.63759 0.0394237 8.75876
1.67412 0.25317 11.4032
1.66824 0.0559571 7.24927
