1.69759 0.279138 8.83928
1.53393 0.139326 7.66071
1.46854 0.257683 11.1077
1.5238 0.0884587 6.95822
1.55363 0.0119994 7.66662
1.54181 0.243186 7.32524
1.66883 0.155594 5.34668
1.62271 0.0144912 8.26421
1.50252 0.191508 7.57731
1.47507 0.0198287 11.4839
1.48923 0.0805195 6.3975
1.50001 0.157272 12.4017
1.63175 0.121831 7.01489
1.66804 0.2792 8.66863
1.54219 0.0856839 6.7349
1.5451 0.239312 9.70333
1.4715 0.109583 6.84874
1.5757 0.289592 10.0472
1.52215 0.226009 7.43086
1.45033 0.118548 7.43575
1.50357 0.19116 8.91859
1.51217 0.150413 10.6775
1.52458 0.102169 10.8669
1.69781 0.016621 9.35156
1.49992 0.0227567 7.32073
1.68249 0.112072 8.14832
1.7149 0.145213 5.41982
1.70667 0.249129 7.0509
1.60063 0.187072 6.09333
1.50813 0.180504 7.9142
1.56914 0.26345 11.9187
1.58069 0.149247 10.9659
1.63567 0.114121 8.56235
1.45125 0.0404908 8.94386
1.53777 0.198129 9.15475
1.72029 0.08955 10.4431
1.6275 0.0134104 10.3474
1.60286 0.299084 8.63455
1.43888 0.261865 9.78142
1.70816 0.0242026 4.98748
1.42816 0.287277 6.71736
1.56695 0.243668 5.34266
1.49004 0.195078 6.34768
1.71242 0.0794171 4.47965
1.70146 0.203022 10.0271
1.4727 0.269001 6.71785
1.65023 0.159802 6.98959
1.51625 0.161369 13.3051
1.61427 0.0509604 9.8235
1.48934 0.30684 4.94909
1.42406 0.0394237 8.75876
1.46059 0.25317 11.4032
1.67929 0.283207 8.43738
1.45471 0.0559571 7.24927
1.56998 0.0329769 12.0575
1.60604 0.289999 9.78015
1.64626 0.270052 5.15963
