1.69926 0.257683 11.1077
1.632 0.127498 8.89402
1.60966 0.178548 9.90181
1.64154 0.00153084 4.56912
1.70579 0.0198287 11.4839
1.71994 0.0805195 6.3975
1.62891 0.212379 10.1913
1.70221 0.109583 6.84874
1.68104 0.118548 7.43575
1.62034 0.0216594 8.89465
1.62035 0.0968042 7.05576
1.68196 0.0404908 8.94386
1.63139 0.00585325 9.11905
1.66959 0.261865 9.78142
1.63059 0.173435 10.2976
1.65887 0.287277 6.71736
1.72075 0.195078 6.34768
1.70341 0.269001 6.71785
1.62953 0.157674 6.3596
1.72005 0.30684 4.94909
1.65477 0.0394237 8.75876
1.6913 0.25317 11.4032
1.68542 0.0559571 7.24927
