1.60688 0.302869 6.46996
1.55279 0.279138 8.83928
1.59 0.26478 8.93407
1.52403 0.155594 5.34668
1.4779 0.0144912 8.26421
1.68451 0.0682039 6.67889
1.6503 0.282158 10.0032
1.59085 0.127965 8.42148
1.71699 0.0476313 5.7925
1.48694 0.121831 7.01489
1.52323 0.2792 8.66863
1.71385 0.269676 8.54955
1.70921 0.0297588 6.06698
1.67284 0.211151 7.64434
1.71435 0.292224 12.4866
1.43089 0.289592 10.0472
1.553 0.016621 9.35156
1.53768 0.112072 8.14832
1.5701 0.145213 5.41982
1.60847 0.120291 9.13922
1.56186 0.249129 7.0509
1.45582 0.187072 6.09333
1.42433 0.26345 11.9187
1.43588 0.149247 10.9659
1.49086 0.114121 8.56235
1.64027 0.0845496 9.46124
1.6613 0.163311 7.97243
1.67747 0.275028 6.57374
1.57548 0.08955 10.4431
1.67949 0.187437 9.09919
1.4827 0.0134104 10.3474
1.45805 0.299084 8.63455
1.56335 0.0242026 4.98748
1.42214 0.243668 5.34266
1.7152 0.139784 7.74467
1.56761 0.0794171 4.47965
1.67585 0.234589 8.646
1.63631 0.0278106 9.49373
1.55665 0.203022 10.0271
1.50542 0.159802 6.98959
1.58551 0.162171 7.18347
1.59744 0.191992 8.19066
1.46946 0.0509604 9.8235
1.59983 0.0546487 9.92685
1.53449 0.283207 8.43738
1.71245 0.10797 9.29415
1.68954 0.113136 8.95477
1.42517 0.0329769 12.0575
1.46123 0.289999 9.78015
1.50145 0.270052 5.15963
