1.48907 0.302869 6.46996
1.43498 0.279138 8.83928
1.47219 0.26478 8.93407
1.68253 0.221469 10.8337
1.68815 0.220691 10.2436
1.65116 0.264459 9.19408
1.5667 0.0682039 6.67889
1.65872 0.30322 10.2645
1.53249 0.282158 10.0032
1.47304 0.127965 8.42148
1.59918 0.0476313 5.7925
1.59604 0.269676 8.54955
1.5914 0.0297588 6.06698
1.72269 0.176985 8.4097
1.55503 0.211151 7.64434
1.59654 0.292224 12.4866
1.68029 0.260014 7.50517
1.43519 0.016621 9.35156
1.41987 0.112072 8.14832
1.45229 0.145213 5.41982
1.49066 0.120291 9.13922
1.44405 0.249129 7.0509
1.61588 0.213345 7.9522
1.61808 0.00769783 9.27622
1.7121 0.144609 6.2747
1.52246 0.0845496 9.46124
1.54349 0.163311 7.97243
1.55966 0.275028 6.57374
1.45767 0.08955 10.4431
1.56169 0.187437 9.09919
1.71594 0.088737 7.33434
1.44554 0.0242026 4.98748
1.59739 0.139784 7.74467
1.4498 0.0794171 4.47965
1.55804 0.234589 8.646
1.5185 0.0278106 9.49373
1.43884 0.203022 10.0271
1.71973 0.188469 9.26669
1.46771 0.162171 7.18347
1.47963 0.191992 8.19066
1.63379 0.0448797 10.2662
1.48202 0.0546487 9.92685
1.41668 0.283207 8.43738
1.59464 0.10797 9.29415
1.70318 0.300499 5.50732
1.57173 0.113136 8.95477
1.67218 0.268731 9.16591
