1.56807 0.0690253 10.0271
1.57901 0.20204 7.7224
1.71876 0.23228 8.41595
1.71703 0.186178 5.46932
1.61416 0.0680965 7.169
1.58105 0.0923983 8.38956
1.47864 0.159338 9.45944
1.66323 0.226971 6.60668
1.41963 0.229683 10.6207
1.61601 0.0685322 4.68381
1.42927 0.224539 9.68243
1.45098 0.135658 8.09061
1.71385 0.261575 8.92527
1.53493 0.15481 9.76983
1.57796 0.220693 6.53064
1.63585 0.00491092 8.88741
1.52569 0.195367 6.1007
1.43925 0.0959354 9.49493
1.43609 0.27907 7.82409
1.636 0.283769 5.88788
1.47219 0.0438637 8.84515
1.53637 0.301628 11.5623
1.48119 0.191322 10.1521
1.51094 0.0998875 7.91159
1.62032 0.161284 8.48622
1.54738 0.0204782 8.9575
1.66776 0.157544 7.91538
1.50412 0.202582 5.86461
1.68123 0.138792 10.1557
1.67671 0.234288 4.77087
1.62809 0.268833 3.41782
1.66645 0.000377117 8.77191
1.57315 0.140866 10.9555
1.6459 0.176884 7.03755
1.41729 0.196757 4.58492
1.6364 0.0581106 8.53172
1.44168 0.26646 7.25309
1.58487 0.232958 11.0565
1.55292 0.198357 6.95472
1.62102 0.158158 10.5369
1.65324 0.0898336 10.1037
1.43407 0.270521 7.83162
1.50177 0.265588 9.28159
1.69257 0.288195 10.6078
1.57323 0.303721 13.6646
1.56302 0.140019 8.80892
1.68419 0.10972 7.13814
