1.72179 0.0828494 11.2358
1.60048 0.0538055 5.49643
1.72376 0.270755 8.55357
1.65236 0.25818 6.84356
1.62215 0.308067 6.70846
1.50795 0.273451 8.71616
1.43937 0.180317 9.80651
1.50173 0.0216667 6.40585
1.55561 0.0443878 8.70002
1.42445 0.0222943 8.01324
1.42943 0.0647192 9.52276
1.53017 0.0746027 11.5783
1.49655 0.177134 8.30911
1.56406 0.245464 9.14711
1.55346 0.19842 6.65722
1.61209 0.208025 11.3427
1.49915 0.153399 7.98036
1.6869 0.0482994 8.61454
1.47598 0.191808 9.45157
1.46318 0.300522 10.3583
1.50659 0.154963 9.81032
1.69219 0.090593 9.15397
1.63668 0.205815 11.752
1.4903 0.279228 10.4743
1.45699 0.0771335 5.57474
1.47631 0.0838059 11.1562
1.63475 0.0344768 7.47052
1.41751 0.085087 8.05229
1.56593 0.0331368 5.86824
1.71654 0.118623 9.11878
1.46056 0.106319 7.09935
1.52373 0.252607 9.16685
1.52061 0.0378641 9.94106
1.55353 0.154068 9.83102
1.7007 0.182441 7.97113
1.58335 0.143935 8.75275
1.47472 0.169472 8.08209
1.65722 0.19231 6.60827
1.68544 0.152804 9.00137
1.69617 0.0201854 8.29084
1.47494 0.243124 8.11637
1.43529 0.197588 8.68096
1.68577 0.208624 6.05235
1.52865 0.123609 8.00612
1.62545 0.00332126 10.8973
1.41775 0.305216 8.58803
1.51179 0.120686 7.18593
1.50865 0.135588 6.3285
1.48622 0.0711422 6.83678
1.64055 0.240518 6.05723
1.4794 0.219024 10.6162
1.52833 0.264141 10.9814
1.45914 0.207673 8.06564
