1.47707 0.240254 8.75379
1.6503 0.273451 8.71616
1.58172 0.180317 9.80651
1.64408 0.0216667 6.40585
1.45684 0.297122 11.9416
1.52015 0.229571 9.00129
1.69796 0.0443878 8.70002
1.44289 0.154387 8.91052
1.5668 0.0222943 8.01324
1.57178 0.0647192 9.52276
1.67252 0.0746027 11.5783
1.48077 0.25083 8.02839
1.55415 0.158274 8.5405
1.6389 0.177134 8.30911
1.70641 0.245464 9.14711
1.69581 0.19842 6.65722
1.6415 0.153399 7.98036
1.61833 0.191808 9.45157
1.60553 0.300522 10.3583
1.64894 0.154963 9.81032
1.49309 0.188767 10.2495
1.63265 0.279228 10.4743
1.59934 0.0771335 5.57474
1.61866 0.0838059 11.1562
1.55986 0.085087 8.05229
1.70828 0.0331368 5.86824
1.60291 0.106319 7.09935
1.66608 0.252607 9.16685
1.41978 0.201775 7.91541
1.66296 0.0378641 9.94106
1.43939 0.0981131 7.44028
1.69588 0.154068 9.83102
1.50097 0.112558 6.63795
1.7257 0.143935 8.75275
1.61707 0.169472 8.08209
1.61729 0.243124 8.11637
1.42197 0.0451549 6.36016
1.57764 0.197588 8.68096
1.671 0.123609 8.00612
1.44517 0.0475594 5.53996
1.53242 0.0789796 5.00395
1.5601 0.305216 8.58803
1.65414 0.120686 7.18593
1.651 0.135588 6.3285
1.62857 0.0711422 6.83678
1.44348 0.0237399 11.5136
1.62175 0.219024 10.6162
1.52021 0.146495 10.8996
1.54544 0.0371256 7.83896
1.67068 0.264141 10.9814
1.43892 0.0395527 5.81244
1.46318 0.258714 7.65717
1.60149 0.207673 8.06564
