1.66755 0.278606 9.3147
1.55736 0.221469 10.8337
1.64022 0.0792793 8.69524
1.56298 0.220691 10.2436
1.52599 0.264459 9.19408
1.44152 0.0682039 6.67889
1.53354 0.30322 10.2645
1.72284 0.0898082 10.8198
1.474 0.0476313 5.7925
1.64461 0.256743 7.0328
1.47087 0.269676 8.54955
1.62407 0.244597 9.30814
1.46623 0.0297588 6.06698
1.59752 0.176985 8.4097
1.712 0.207714 10.8649
1.72268 0.167992 10.3085
1.42985 0.211151 7.64434
1.47137 0.292224 12.4866
1.66089 0.0799952 9.71954
1.55512 0.260014 7.50517
1.71574 0.309633 12.1267
1.71718 0.275502 11.3742
1.70077 0.195538 8.27979
1.64855 0.150429 8.88245
1.69754 0.212357 8.78542
1.49071 0.213345 7.9522
1.49291 0.00769783 9.27622
1.64125 0.271842 10.8967
1.58693 0.144609 6.2747
1.41831 0.163311 7.97243
1.43449 0.275028 6.57374
1.43651 0.187437 9.09919
1.59077 0.088737 7.33434
1.62291 0.173507 8.63492
1.67609 0.234342 7.38027
1.47222 0.139784 7.74467
1.67812 0.16564 7.96045
1.43286 0.234589 8.646
1.61947 0.197854 9.72575
1.59455 0.188469 9.26669
1.71339 0.169479 9.70191
1.66828 0.149016 6.16864
1.50861 0.0448797 10.2662
1.67784 0.272718 11.3467
1.63991 0.274067 7.66886
1.46947 0.10797 9.29415
1.57801 0.300499 5.50732
1.44655 0.113136 8.95477
1.61908 0.186804 4.61266
1.54701 0.268731 9.16591
