1.53079 0.302869 6.46996
1.4767 0.279138 8.83928
1.51391 0.26478 8.93407
1.44794 0.155594 5.34668
1.72425 0.221469 10.8337
1.69288 0.264459 9.19408
1.60842 0.0682039 6.67889
1.70044 0.30322 10.2645
1.57421 0.282158 10.0032
1.51477 0.127965 8.42148
1.6409 0.0476313 5.7925
1.44714 0.2792 8.66863
1.63777 0.269676 8.54955
1.63312 0.0297588 6.06698
1.59675 0.211151 7.64434
1.63827 0.292224 12.4866
1.72202 0.260014 7.50517
1.47691 0.016621 9.35156
1.4616 0.112072 8.14832
1.49401 0.145213 5.41982
1.53239 0.120291 9.13922
1.48578 0.249129 7.0509
1.65761 0.213345 7.9522
1.41478 0.114121 8.56235
1.65981 0.00769783 9.27622
1.56418 0.0845496 9.46124
1.58521 0.163311 7.97243
1.60139 0.275028 6.57374
1.4994 0.08955 10.4431
1.60341 0.187437 9.09919
1.48727 0.0242026 4.98748
1.63912 0.139784 7.74467
1.49153 0.0794171 4.47965
1.59976 0.234589 8.646
1.56022 0.0278106 9.49373
1.48057 0.203022 10.0271
1.42933 0.159802 6.98959
1.50943 0.162171 7.18347
1.52136 0.191992 8.19066
1.67551 0.0448797 10.2662
1.52375 0.0546487 9.92685
1.4584 0.283207 8.43738
1.63637 0.10797 9.29415
1.61345 0.113136 8.95477
1.42536 0.270052 5.15963
1.71391 0.268731 9.16591
