1.64466 0.0538055 5.49643
1.69654 0.25818 6.84356
1.66633 0.308067 6.70846
1.55213 0.273451 8.71616
1.48355 0.180317 9.80651
1.54591 0.0216667 6.40585
1.42198 0.229571 9.00129
1.59979 0.0443878 8.70002
1.46863 0.0222943 8.01324
1.47361 0.0647192 9.52276
1.57435 0.0746027 11.5783
1.45598 0.158274 8.5405
1.54073 0.177134 8.30911
1.60824 0.245464 9.14711
1.59764 0.19842 6.65722
1.65627 0.208025 11.3427
1.54333 0.153399 7.98036
1.52016 0.191808 9.45157
1.50736 0.300522 10.3583
1.55077 0.154963 9.81032
1.68086 0.205815 11.752
1.53448 0.279228 10.4743
1.50117 0.0771335 5.57474
1.52049 0.0838059 11.1562
1.67893 0.0344768 7.47052
1.46169 0.085087 8.05229
1.61011 0.0331368 5.86824
1.50474 0.106319 7.09935
1.56791 0.252607 9.16685
1.56479 0.0378641 9.94106
1.59771 0.154068 9.83102
1.62753 0.143935 8.75275
1.5189 0.169472 8.08209
1.7014 0.19231 6.60827
1.51912 0.243124 8.11637
1.47947 0.197588 8.68096
1.57283 0.123609 8.00612
1.43425 0.0789796 5.00395
1.66963 0.00332126 10.8973
1.46193 0.305216 8.58803
1.55597 0.120686 7.18593
1.55283 0.135588 6.3285
1.5304 0.0711422 6.83678
1.68473 0.240518 6.05723
1.52358 0.219024 10.6162
1.42204 0.146495 10.8996
1.44727 0.0371256 7.83896
1.57251 0.264141 10.9814
1.50332 0.207673 8.06564
