1.54334 0.240254 8.75379
1.46359 0.216391 5.66596
1.71657 0.273451 8.71616
1.45607 0.224531 8.51605
1.64799 0.180317 9.80651
1.43402 0.237222 6.0172
1.71035 0.0216667 6.40585
1.52311 0.297122 11.9416
1.58642 0.229571 9.00129
1.50916 0.154387 8.91052
1.63307 0.0222943 8.01324
1.63805 0.0647192 9.52276
1.47482 0.171042 11.7172
1.54704 0.25083 8.02839
1.62042 0.158274 8.5405
1.70517 0.177134 8.30911
1.70777 0.153399 7.98036
1.6846 0.191808 9.45157
1.6718 0.300522 10.3583
1.71521 0.154963 9.81032
1.55936 0.188767 10.2495
1.69892 0.279228 10.4743
1.66561 0.0771335 5.57474
1.68493 0.0838059 11.1562
1.62613 0.085087 8.05229
1.66918 0.106319 7.09935
1.48605 0.201775 7.91541
1.50566 0.0981131 7.44028
1.56724 0.112558 6.63795
1.45641 0.124749 10.6742
1.46893 0.238057 10.852
1.68334 0.169472 8.08209
1.68356 0.243124 8.11637
1.48824 0.0451549 6.36016
1.64391 0.197588 8.68096
1.46119 0.00366046 7.05601
1.51144 0.0475594 5.53996
1.59869 0.0789796 5.00395
1.46741 0.24986 10.1353
1.43342 0.245536 9.85108
1.62637 0.305216 8.58803
1.72041 0.120686 7.18593
1.71727 0.135588 6.3285
1.69484 0.0711422 6.83678
1.50975 0.0237399 11.5136
1.68802 0.219024 10.6162
1.58648 0.146495 10.8996
1.61171 0.0371256 7.83896
1.50519 0.0395527 5.81244
1.52945 0.258714 7.65717
1.66776 0.207673 8.06564
