1.71173 0.278606 9.3147
1.60154 0.221469 10.8337
1.6844 0.0792793 8.69524
1.60716 0.220691 10.2436
1.57017 0.264459 9.19408
1.4857 0.0682039 6.67889
1.57772 0.30322 10.2645
1.4515 0.282158 10.0032
1.51818 0.0476313 5.7925
1.68879 0.256743 7.0328
1.51505 0.269676 8.54955
1.66825 0.244597 9.30814
1.51041 0.0297588 6.06698
1.6417 0.176985 8.4097
1.47403 0.211151 7.64434
1.51555 0.292224 12.4866
1.70507 0.0799952 9.71954
1.5993 0.260014 7.50517
1.69273 0.150429 8.88245
1.53489 0.213345 7.9522
1.53709 0.00769783 9.27622
1.68543 0.271842 10.8967
1.63111 0.144609 6.2747
1.44147 0.0845496 9.46124
1.46249 0.163311 7.97243
1.47867 0.275028 6.57374
1.48069 0.187437 9.09919
1.63495 0.088737 7.33434
1.66708 0.173507 8.63492
1.72027 0.234342 7.38027
1.5164 0.139784 7.74467
1.7223 0.16564 7.96045
1.47704 0.234589 8.646
1.4375 0.0278106 9.49373
1.66364 0.197854 9.72575
1.63873 0.188469 9.26669
1.71246 0.149016 6.16864
1.55279 0.0448797 10.2662
1.72202 0.272718 11.3467
1.68409 0.274067 7.66886
1.51365 0.10797 9.29415
1.62219 0.300499 5.50732
1.49073 0.113136 8.95477
1.66326 0.186804 4.61266
1.59119 0.268731 9.16591
