1.48443 0.240254 8.75379
1.65766 0.273451 8.71616
1.58908 0.180317 9.80651
1.65144 0.0216667 6.40585
1.4642 0.297122 11.9416
1.52751 0.229571 9.00129
1.70532 0.0443878 8.70002
1.45025 0.154387 8.91052
1.57416 0.0222943 8.01324
1.57914 0.0647192 9.52276
1.67988 0.0746027 11.5783
1.41591 0.171042 11.7172
1.48813 0.25083 8.02839
1.56151 0.158274 8.5405
1.64626 0.177134 8.30911
1.71377 0.245464 9.14711
1.70317 0.19842 6.65722
1.64886 0.153399 7.98036
1.62569 0.191808 9.45157
1.61289 0.300522 10.3583
1.6563 0.154963 9.81032
1.50045 0.188767 10.2495
1.64001 0.279228 10.4743
1.6067 0.0771335 5.57474
1.62602 0.0838059 11.1562
1.56722 0.085087 8.05229
1.71564 0.0331368 5.86824
1.61027 0.106319 7.09935
1.67344 0.252607 9.16685
1.42714 0.201775 7.91541
1.67032 0.0378641 9.94106
1.44675 0.0981131 7.44028
1.70324 0.154068 9.83102
1.50833 0.112558 6.63795
1.62443 0.169472 8.08209
1.62465 0.243124 8.11637
1.42933 0.0451549 6.36016
1.585 0.197588 8.68096
1.67836 0.123609 8.00612
1.45253 0.0475594 5.53996
1.53978 0.0789796 5.00395
1.56746 0.305216 8.58803
1.6615 0.120686 7.18593
1.65836 0.135588 6.3285
1.63593 0.0711422 6.83678
1.45084 0.0237399 11.5136
1.62911 0.219024 10.6162
1.52757 0.146495 10.8996
1.5528 0.0371256 7.83896
1.67804 0.264141 10.9814
1.44628 0.0395527 5.81244
1.47054 0.258714 7.65717
1.60885 0.207673 8.06564
