1.70191 0.278606 9.3147
1.59172 0.221469 10.8337
1.67459 0.0792793 8.69524
1.59734 0.220691 10.2436
1.56035 0.264459 9.19408
1.47588 0.0682039 6.67889
1.5679 0.30322 10.2645
1.44168 0.282158 10.0032
1.50837 0.0476313 5.7925
1.67898 0.256743 7.0328
1.50523 0.269676 8.54955
1.65843 0.244597 9.30814
1.50059 0.0297588 6.06698
1.63188 0.176985 8.4097
1.46421 0.211151 7.64434
1.50573 0.292224 12.4866
1.69525 0.0799952 9.71954
1.58948 0.260014 7.50517
1.68291 0.150429 8.88245
1.52507 0.213345 7.9522
1.52727 0.00769783 9.27622
1.67561 0.271842 10.8967
1.62129 0.144609 6.2747
1.43165 0.0845496 9.46124
1.45268 0.163311 7.97243
1.46885 0.275028 6.57374
1.47087 0.187437 9.09919
1.62513 0.088737 7.33434
1.65727 0.173507 8.63492
1.71045 0.234342 7.38027
1.50658 0.139784 7.74467
1.71248 0.16564 7.96045
1.46723 0.234589 8.646
1.42769 0.0278106 9.49373
1.65383 0.197854 9.72575
1.62892 0.188469 9.26669
1.70264 0.149016 6.16864
1.54297 0.0448797 10.2662
1.7122 0.272718 11.3467
1.67427 0.274067 7.66886
1.50383 0.10797 9.29415
1.61237 0.300499 5.50732
1.48092 0.113136 8.95477
1.65344 0.186804 4.61266
1.58137 0.268731 9.16591
