1.66019 0.278606 9.3147
1.54999 0.221469 10.8337
1.63286 0.0792793 8.69524
1.55562 0.220691 10.2436
1.51862 0.264459 9.19408
1.43416 0.0682039 6.67889
1.52618 0.30322 10.2645
1.71548 0.0898082 10.8198
1.46664 0.0476313 5.7925
1.63725 0.256743 7.0328
1.46351 0.269676 8.54955
1.6167 0.244597 9.30814
1.7263 0.109687 11.239
1.45886 0.0297588 6.06698
1.59016 0.176985 8.4097
1.70463 0.207714 10.8649
1.71532 0.167992 10.3085
1.42249 0.211151 7.64434
1.72405 0.234261 5.98885
1.46401 0.292224 12.4866
1.65353 0.0799952 9.71954
1.54776 0.260014 7.50517
1.70838 0.309633 12.1267
1.70981 0.275502 11.3742
1.69341 0.195538 8.27979
1.64118 0.150429 8.88245
1.69018 0.212357 8.78542
1.48335 0.213345 7.9522
1.48555 0.00769783 9.27622
1.63388 0.271842 10.8967
1.57957 0.144609 6.2747
1.42713 0.275028 6.57374
1.42915 0.187437 9.09919
1.58341 0.088737 7.33434
1.61554 0.173507 8.63492
1.66873 0.234342 7.38027
1.46486 0.139784 7.74467
1.67075 0.16564 7.96045
1.4255 0.234589 8.646
1.6121 0.197854 9.72575
1.58719 0.188469 9.26669
1.70602 0.169479 9.70191
1.66091 0.149016 6.16864
1.50125 0.0448797 10.2662
1.67048 0.272718 11.3467
1.63255 0.274067 7.66886
1.46211 0.10797 9.29415
1.57065 0.300499 5.50732
1.43919 0.113136 8.95477
1.61171 0.186804 4.61266
1.53965 0.268731 9.16591
