1.69514 0.279138 8.83928
1.53148 0.139326 7.66071
1.46609 0.257683 11.1077
1.52134 0.0884587 6.95822
1.55117 0.0119994 7.66662
1.53935 0.243186 7.32524
1.66638 0.155594 5.34668
1.62025 0.0144912 8.26421
1.50006 0.191508 7.57731
1.47262 0.0198287 11.4839
1.48678 0.0805195 6.3975
1.49756 0.157272 12.4017
1.62929 0.121831 7.01489
1.66558 0.2792 8.66863
1.53974 0.0856839 6.7349
1.54264 0.239312 9.70333
1.46904 0.109583 6.84874
1.57324 0.289592 10.0472
1.51969 0.226009 7.43086
1.44787 0.118548 7.43575
1.50111 0.19116 8.91859
1.50971 0.150413 10.6775
1.52213 0.102169 10.8669
1.69535 0.016621 9.35156
1.49747 0.0227567 7.32073
1.68004 0.112072 8.14832
1.71245 0.145213 5.41982
1.70422 0.249129 7.0509
1.59818 0.187072 6.09333
1.50568 0.180504 7.9142
1.56668 0.26345 11.9187
1.57823 0.149247 10.9659
1.63322 0.114121 8.56235
1.44879 0.0404908 8.94386
1.53532 0.198129 9.15475
1.71784 0.08955 10.4431
1.62505 0.0134104 10.3474
1.6004 0.299084 8.63455
1.43642 0.261865 9.78142
1.70571 0.0242026 4.98748
1.42571 0.287277 6.71736
1.56449 0.243668 5.34266
1.48758 0.195078 6.34768
1.70997 0.0794171 4.47965
1.69901 0.203022 10.0271
1.47025 0.269001 6.71785
1.64777 0.159802 6.98959
1.72787 0.162171 7.18347
1.51379 0.161369 13.3051
1.61182 0.0509604 9.8235
1.48688 0.30684 4.94909
1.4216 0.0394237 8.75876
1.45813 0.25317 11.4032
1.67684 0.283207 8.43738
1.45226 0.0559571 7.24927
1.56753 0.0329769 12.0575
1.60359 0.289999 9.78015
1.6438 0.270052 5.15963
