1.67246 0.278606 9.3147
1.56227 0.221469 10.8337
1.64513 0.0792793 8.69524
1.56789 0.220691 10.2436
1.5309 0.264459 9.19408
1.44643 0.0682039 6.67889
1.53845 0.30322 10.2645
1.72775 0.0898082 10.8198
1.47891 0.0476313 5.7925
1.64952 0.256743 7.0328
1.47578 0.269676 8.54955
1.62898 0.244597 9.30814
1.47114 0.0297588 6.06698
1.60243 0.176985 8.4097
1.71691 0.207714 10.8649
1.72759 0.167992 10.3085
1.43476 0.211151 7.64434
1.47628 0.292224 12.4866
1.6658 0.0799952 9.71954
1.56003 0.260014 7.50517
1.72065 0.309633 12.1267
1.72209 0.275502 11.3742
1.70568 0.195538 8.27979
1.65346 0.150429 8.88245
1.70245 0.212357 8.78542
1.49562 0.213345 7.9522
1.49782 0.00769783 9.27622
1.64616 0.271842 10.8967
1.59184 0.144609 6.2747
1.42322 0.163311 7.97243
1.4394 0.275028 6.57374
1.44142 0.187437 9.09919
1.59568 0.088737 7.33434
1.62781 0.173507 8.63492
1.681 0.234342 7.38027
1.47713 0.139784 7.74467
1.68303 0.16564 7.96045
1.43777 0.234589 8.646
1.62437 0.197854 9.72575
1.59946 0.188469 9.26669
1.71829 0.169479 9.70191
1.67319 0.149016 6.16864
1.51352 0.0448797 10.2662
1.68275 0.272718 11.3467
1.64482 0.274067 7.66886
1.47438 0.10797 9.29415
1.58292 0.300499 5.50732
1.45146 0.113136 8.95477
1.62399 0.186804 4.61266
1.55192 0.268731 9.16591
