1.54205 0.23228 8.41595
1.54032 0.186178 5.46932
1.43745 0.0680965 7.169
1.68815 0.240254 8.75379
1.6084 0.216391 5.66596
1.60088 0.224531 8.51605
1.57883 0.237222 6.0172
1.66792 0.297122 11.9416
1.48652 0.226971 6.60668
1.65397 0.154387 8.91052
1.4393 0.0685322 4.68381
1.61963 0.171042 11.7172
1.53714 0.261575 8.92527
1.69185 0.25083 8.02839
1.45914 0.00491092 8.88741
1.70417 0.188767 10.2495
1.45929 0.283769 5.88788
1.63086 0.201775 7.91541
1.44361 0.161284 8.48622
1.65047 0.0981131 7.44028
1.49105 0.157544 7.91538
1.71205 0.112558 6.63795
1.50452 0.138792 10.1557
1.60122 0.124749 10.6742
1.61374 0.238057 10.852
1.5 0.234288 4.77087
1.45138 0.268833 3.41782
1.48974 0.000377117 8.77191
1.46919 0.176884 7.03755
1.45969 0.0581106 8.53172
1.63305 0.0451549 6.36016
1.606 0.00366046 7.05601
1.44431 0.158158 10.5369
1.47653 0.0898336 10.1037
1.65625 0.0475594 5.53996
1.61222 0.24986 10.1353
1.57823 0.245536 9.85108
1.65456 0.0237399 11.5136
1.51586 0.288195 10.6078
1.50748 0.10972 7.13814
1.65 0.0395527 5.81244
1.67426 0.258714 7.65717
