1.69278 0.302869 6.46996
1.63869 0.279138 8.83928
1.47503 0.139326 7.66071
1.46489 0.0884587 6.95822
1.49472 0.0119994 7.66662
1.4829 0.243186 7.32524
1.6759 0.26478 8.93407
1.60993 0.155594 5.34668
1.5638 0.0144912 8.26421
1.44361 0.191508 7.57731
1.41617 0.0198287 11.4839
1.43033 0.0805195 6.3975
1.44111 0.157272 12.4017
1.67675 0.127965 8.42148
1.57284 0.121831 7.01489
1.60913 0.2792 8.66863
1.48329 0.0856839 6.7349
1.48619 0.239312 9.70333
1.51679 0.289592 10.0472
1.46324 0.226009 7.43086
1.44466 0.19116 8.91859
1.45326 0.150413 10.6775
1.46568 0.102169 10.8669
1.6389 0.016621 9.35156
1.44102 0.0227567 7.32073
1.62359 0.112072 8.14832
1.656 0.145213 5.41982
1.69438 0.120291 9.13922
1.64776 0.249129 7.0509
1.54173 0.187072 6.09333
1.44922 0.180504 7.9142
1.51023 0.26345 11.9187
1.52178 0.149247 10.9659
1.57677 0.114121 8.56235
1.47887 0.198129 9.15475
1.72617 0.0845496 9.46124
1.66139 0.08955 10.4431
1.5686 0.0134104 10.3474
1.54395 0.299084 8.63455
1.64925 0.0242026 4.98748
1.50804 0.243668 5.34266
1.43113 0.195078 6.34768
1.65351 0.0794171 4.47965
1.72221 0.0278106 9.49373
1.64255 0.203022 10.0271
1.4138 0.269001 6.71785
1.59132 0.159802 6.98959
1.67142 0.162171 7.18347
1.45734 0.161369 13.3051
1.68334 0.191992 8.19066
1.55537 0.0509604 9.8235
1.43043 0.30684 4.94909
1.68574 0.0546487 9.92685
1.62039 0.283207 8.43738
1.51108 0.0329769 12.0575
1.54714 0.289999 9.78015
1.58735 0.270052 5.15963
