1.45369 0.23228 8.41595
1.45196 0.186178 5.46932
1.59979 0.240254 8.75379
1.52004 0.216391 5.66596
1.51252 0.224531 8.51605
1.70444 0.180317 9.80651
1.49047 0.237222 6.0172
1.57956 0.297122 11.9416
1.64287 0.229571 9.00129
1.56561 0.154387 8.91052
1.68952 0.0222943 8.01324
1.6945 0.0647192 9.52276
1.53127 0.171042 11.7172
1.44878 0.261575 8.92527
1.60349 0.25083 8.02839
1.67687 0.158274 8.5405
1.61581 0.188767 10.2495
1.72206 0.0771335 5.57474
1.68258 0.085087 8.05229
1.72563 0.106319 7.09935
1.5425 0.201775 7.91541
1.56211 0.0981131 7.44028
1.62369 0.112558 6.63795
1.41616 0.138792 10.1557
1.51286 0.124749 10.6742
1.52538 0.238057 10.852
1.54469 0.0451549 6.36016
1.70036 0.197588 8.68096
1.51764 0.00366046 7.05601
1.56789 0.0475594 5.53996
1.65514 0.0789796 5.00395
1.52386 0.24986 10.1353
1.48987 0.245536 9.85108
1.68282 0.305216 8.58803
1.5662 0.0237399 11.5136
1.64293 0.146495 10.8996
1.66816 0.0371256 7.83896
1.4275 0.288195 10.6078
1.41912 0.10972 7.13814
1.56164 0.0395527 5.81244
1.5859 0.258714 7.65717
1.72421 0.207673 8.06564
