1.72424 0.0828494 11.2358
1.60293 0.0538055 5.49643
1.72621 0.270755 8.55357
1.65481 0.25818 6.84356
1.6246 0.308067 6.70846
1.5104 0.273451 8.71616
1.44182 0.180317 9.80651
1.50418 0.0216667 6.40585
1.55806 0.0443878 8.70002
1.4269 0.0222943 8.01324
1.43188 0.0647192 9.52276
1.53262 0.0746027 11.5783
1.41425 0.158274 8.5405
1.499 0.177134 8.30911
1.56651 0.245464 9.14711
1.55591 0.19842 6.65722
1.61454 0.208025 11.3427
1.5016 0.153399 7.98036
1.68935 0.0482994 8.61454
1.47843 0.191808 9.45157
1.46563 0.300522 10.3583
1.50904 0.154963 9.81032
1.69464 0.090593 9.15397
1.63913 0.205815 11.752
1.49275 0.279228 10.4743
1.45944 0.0771335 5.57474
1.47876 0.0838059 11.1562
1.6372 0.0344768 7.47052
1.41996 0.085087 8.05229
1.56838 0.0331368 5.86824
1.71899 0.118623 9.11878
1.46301 0.106319 7.09935
1.52618 0.252607 9.16685
1.52306 0.0378641 9.94106
1.55598 0.154068 9.83102
1.70315 0.182441 7.97113
1.5858 0.143935 8.75275
1.47717 0.169472 8.08209
1.65967 0.19231 6.60827
1.68789 0.152804 9.00137
1.69862 0.0201854 8.29084
1.47739 0.243124 8.11637
1.43774 0.197588 8.68096
1.68822 0.208624 6.05235
1.5311 0.123609 8.00612
1.6279 0.00332126 10.8973
1.4202 0.305216 8.58803
1.51424 0.120686 7.18593
1.5111 0.135588 6.3285
1.48867 0.0711422 6.83678
1.643 0.240518 6.05723
1.48185 0.219024 10.6162
1.53078 0.264141 10.9814
1.46159 0.207673 8.06564
