1.66088 0.302869 6.46996
1.60678 0.279138 8.83928
1.44312 0.139326 7.66071
1.43299 0.0884587 6.95822
1.46282 0.0119994 7.66662
1.45099 0.243186 7.32524
1.64399 0.26478 8.93407
1.57802 0.155594 5.34668
1.5319 0.0144912 8.26421
1.7043 0.282158 10.0032
1.64485 0.127965 8.42148
1.54094 0.121831 7.01489
1.57722 0.2792 8.66863
1.45138 0.0856839 6.7349
1.72683 0.211151 7.64434
1.45429 0.239312 9.70333
1.48489 0.289592 10.0472
1.43134 0.226009 7.43086
1.42135 0.150413 10.6775
1.43377 0.102169 10.8669
1.607 0.016621 9.35156
1.59168 0.112072 8.14832
1.62409 0.145213 5.41982
1.66247 0.120291 9.13922
1.61586 0.249129 7.0509
1.50982 0.187072 6.09333
1.41732 0.180504 7.9142
1.47832 0.26345 11.9187
1.48988 0.149247 10.9659
1.54486 0.114121 8.56235
1.44696 0.198129 9.15475
1.69427 0.0845496 9.46124
1.71529 0.163311 7.97243
1.62948 0.08955 10.4431
1.53669 0.0134104 10.3474
1.51205 0.299084 8.63455
1.61735 0.0242026 4.98748
1.47614 0.243668 5.34266
1.62161 0.0794171 4.47965
1.6903 0.0278106 9.49373
1.61065 0.203022 10.0271
1.55942 0.159802 6.98959
1.63951 0.162171 7.18347
1.42544 0.161369 13.3051
1.65144 0.191992 8.19066
1.52346 0.0509604 9.8235
1.65383 0.0546487 9.92685
1.58848 0.283207 8.43738
1.47917 0.0329769 12.0575
1.51523 0.289999 9.78015
1.55544 0.270052 5.15963
