1.5087 0.302869 6.46996
1.45461 0.279138 8.83928
1.49182 0.26478 8.93407
1.42585 0.155594 5.34668
1.70216 0.221469 10.8337
1.70779 0.220691 10.2436
1.67079 0.264459 9.19408
1.58633 0.0682039 6.67889
1.67835 0.30322 10.2645
1.55213 0.282158 10.0032
1.49268 0.127965 8.42148
1.61881 0.0476313 5.7925
1.42505 0.2792 8.66863
1.61568 0.269676 8.54955
1.61103 0.0297588 6.06698
1.57466 0.211151 7.64434
1.61618 0.292224 12.4866
1.69993 0.260014 7.50517
1.45482 0.016621 9.35156
1.43951 0.112072 8.14832
1.47192 0.145213 5.41982
1.5103 0.120291 9.13922
1.46369 0.249129 7.0509
1.63552 0.213345 7.9522
1.63772 0.00769783 9.27622
1.5421 0.0845496 9.46124
1.56312 0.163311 7.97243
1.5793 0.275028 6.57374
1.47731 0.08955 10.4431
1.58132 0.187437 9.09919
1.46518 0.0242026 4.98748
1.61703 0.139784 7.74467
1.46944 0.0794171 4.47965
1.57767 0.234589 8.646
1.53813 0.0278106 9.49373
1.45848 0.203022 10.0271
1.48734 0.162171 7.18347
1.49927 0.191992 8.19066
1.65342 0.0448797 10.2662
1.50166 0.0546487 9.92685
1.43631 0.283207 8.43738
1.61428 0.10797 9.29415
1.72282 0.300499 5.50732
1.59136 0.113136 8.95477
1.69182 0.268731 9.16591
