1.64124 0.302869 6.46996
1.58715 0.279138 8.83928
1.42349 0.139326 7.66071
1.44318 0.0119994 7.66662
1.43136 0.243186 7.32524
1.62436 0.26478 8.93407
1.55839 0.155594 5.34668
1.51226 0.0144912 8.26421
1.71887 0.0682039 6.67889
1.68466 0.282158 10.0032
1.62521 0.127965 8.42148
1.5213 0.121831 7.01489
1.55759 0.2792 8.66863
1.43174 0.0856839 6.7349
1.7072 0.211151 7.64434
1.43465 0.239312 9.70333
1.46525 0.289592 10.0472
1.41414 0.102169 10.8669
1.58736 0.016621 9.35156
1.57204 0.112072 8.14832
1.60446 0.145213 5.41982
1.64284 0.120291 9.13922
1.59622 0.249129 7.0509
1.49019 0.187072 6.09333
1.45869 0.26345 11.9187
1.47024 0.149247 10.9659
1.52522 0.114121 8.56235
1.42733 0.198129 9.15475
1.67463 0.0845496 9.46124
1.69566 0.163311 7.97243
1.71183 0.275028 6.57374
1.60984 0.08955 10.4431
1.71386 0.187437 9.09919
1.51706 0.0134104 10.3474
1.49241 0.299084 8.63455
1.59771 0.0242026 4.98748
1.4565 0.243668 5.34266
1.60197 0.0794171 4.47965
1.71021 0.234589 8.646
1.67067 0.0278106 9.49373
1.59101 0.203022 10.0271
1.53978 0.159802 6.98959
1.61988 0.162171 7.18347
1.6318 0.191992 8.19066
1.50383 0.0509604 9.8235
1.63419 0.0546487 9.92685
1.56885 0.283207 8.43738
1.7239 0.113136 8.95477
1.45954 0.0329769 12.0575
1.4956 0.289999 9.78015
1.53581 0.270052 5.15963
