1.58302 0.139326 7.66071
1.51763 0.257683 11.1077
1.57288 0.0884587 6.95822
1.60272 0.0119994 7.66662
1.59089 0.243186 7.32524
1.71792 0.155594 5.34668
1.45038 0.127498 8.89402
1.6718 0.0144912 8.26421
1.42804 0.178548 9.90181
1.5516 0.191508 7.57731
1.45992 0.00153084 4.56912
1.52416 0.0198287 11.4839
1.53832 0.0805195 6.3975
1.5491 0.157272 12.4017
1.44729 0.212379 10.1913
1.68084 0.121831 7.01489
1.71712 0.2792 8.66863
1.59128 0.0856839 6.7349
1.59419 0.239312 9.70333
1.52058 0.109583 6.84874
1.62479 0.289592 10.0472
1.57124 0.226009 7.43086
1.49942 0.118548 7.43575
1.55266 0.19116 8.91859
1.56125 0.150413 10.6775
1.57367 0.102169 10.8669
1.43871 0.0216594 8.89465
1.43873 0.0968042 7.05576
1.54901 0.0227567 7.32073
1.64972 0.187072 6.09333
1.55722 0.180504 7.9142
1.61822 0.26345 11.9187
1.62978 0.149247 10.9659
1.68476 0.114121 8.56235
1.50033 0.0404908 8.94386
1.58686 0.198129 9.15475
1.44976 0.00585325 9.11905
1.67659 0.0134104 10.3474
1.65195 0.299084 8.63455
1.48797 0.261865 9.78142
1.44896 0.173435 10.2976
1.47725 0.287277 6.71736
1.61604 0.243668 5.34266
1.53913 0.195078 6.34768
1.52179 0.269001 6.71785
1.69931 0.159802 6.98959
1.56533 0.161369 13.3051
1.44791 0.157674 6.3596
1.66336 0.0509604 9.8235
1.53843 0.30684 4.94909
1.47314 0.0394237 8.75876
1.50968 0.25317 11.4032
1.5038 0.0559571 7.24927
1.61907 0.0329769 12.0575
1.65513 0.289999 9.78015
1.69534 0.270052 5.15963
