1.63238 0.0538055 5.49643
1.68426 0.25818 6.84356
1.65405 0.308067 6.70846
1.53985 0.273451 8.71616
1.47127 0.180317 9.80651
1.53363 0.0216667 6.40585
1.58751 0.0443878 8.70002
1.45635 0.0222943 8.01324
1.46133 0.0647192 9.52276
1.56207 0.0746027 11.5783
1.4437 0.158274 8.5405
1.52845 0.177134 8.30911
1.59596 0.245464 9.14711
1.58536 0.19842 6.65722
1.64399 0.208025 11.3427
1.53105 0.153399 7.98036
1.7188 0.0482994 8.61454
1.50788 0.191808 9.45157
1.49508 0.300522 10.3583
1.53849 0.154963 9.81032
1.72409 0.090593 9.15397
1.66858 0.205815 11.752
1.5222 0.279228 10.4743
1.48889 0.0771335 5.57474
1.50821 0.0838059 11.1562
1.66665 0.0344768 7.47052
1.44941 0.085087 8.05229
1.59783 0.0331368 5.86824
1.49246 0.106319 7.09935
1.55563 0.252607 9.16685
1.55251 0.0378641 9.94106
1.58543 0.154068 9.83102
1.61525 0.143935 8.75275
1.50662 0.169472 8.08209
1.68912 0.19231 6.60827
1.71734 0.152804 9.00137
1.50684 0.243124 8.11637
1.46719 0.197588 8.68096
1.71767 0.208624 6.05235
1.56055 0.123609 8.00612
1.42197 0.0789796 5.00395
1.65735 0.00332126 10.8973
1.44965 0.305216 8.58803
1.54369 0.120686 7.18593
1.54055 0.135588 6.3285
1.51812 0.0711422 6.83678
1.67245 0.240518 6.05723
1.5113 0.219024 10.6162
1.43499 0.0371256 7.83896
1.56023 0.264141 10.9814
1.49104 0.207673 8.06564
