1.41442 0.23228 8.41595
1.56052 0.240254 8.75379
1.48077 0.216391 5.66596
1.47325 0.224531 8.51605
1.66517 0.180317 9.80651
1.4512 0.237222 6.0172
1.72753 0.0216667 6.40585
1.54029 0.297122 11.9416
1.6036 0.229571 9.00129
1.52634 0.154387 8.91052
1.65025 0.0222943 8.01324
1.65523 0.0647192 9.52276
1.492 0.171042 11.7172
1.56422 0.25083 8.02839
1.6376 0.158274 8.5405
1.72235 0.177134 8.30911
1.72495 0.153399 7.98036
1.70178 0.191808 9.45157
1.68898 0.300522 10.3583
1.57654 0.188767 10.2495
1.7161 0.279228 10.4743
1.68279 0.0771335 5.57474
1.70211 0.0838059 11.1562
1.64331 0.085087 8.05229
1.68636 0.106319 7.09935
1.50323 0.201775 7.91541
1.52284 0.0981131 7.44028
1.58442 0.112558 6.63795
1.47359 0.124749 10.6742
1.48611 0.238057 10.852
1.70052 0.169472 8.08209
1.70074 0.243124 8.11637
1.50542 0.0451549 6.36016
1.66109 0.197588 8.68096
1.47837 0.00366046 7.05601
1.52862 0.0475594 5.53996
1.61587 0.0789796 5.00395
1.48459 0.24986 10.1353
1.4506 0.245536 9.85108
1.64355 0.305216 8.58803
1.71202 0.0711422 6.83678
1.52693 0.0237399 11.5136
1.7052 0.219024 10.6162
1.60366 0.146495 10.8996
1.62889 0.0371256 7.83896
1.52237 0.0395527 5.81244
1.54663 0.258714 7.65717
1.68494 0.207673 8.06564
