1.54352 0.0690253 10.0271
1.55447 0.20204 7.7224
1.69422 0.23228 8.41595
1.69249 0.186178 5.46932
1.58962 0.0680965 7.169
1.5565 0.0923983 8.38956
1.45409 0.159338 9.45944
1.63869 0.226971 6.60668
1.59147 0.0685322 4.68381
1.42644 0.135658 8.09061
1.68931 0.261575 8.92527
1.51039 0.15481 9.76983
1.55341 0.220693 6.53064
1.61131 0.00491092 8.88741
1.50115 0.195367 6.1007
1.41471 0.0959354 9.49493
1.61146 0.283769 5.88788
1.44764 0.0438637 8.84515
1.51183 0.301628 11.5623
1.45665 0.191322 10.1521
1.4864 0.0998875 7.91159
1.59578 0.161284 8.48622
1.52284 0.0204782 8.9575
1.64322 0.157544 7.91538
1.47958 0.202582 5.86461
1.65669 0.138792 10.1557
1.65217 0.234288 4.77087
1.60355 0.268833 3.41782
1.64191 0.000377117 8.77191
1.54861 0.140866 10.9555
1.62136 0.176884 7.03755
1.61186 0.0581106 8.53172
1.41714 0.26646 7.25309
1.56033 0.232958 11.0565
1.52838 0.198357 6.95472
1.59648 0.158158 10.5369
1.6287 0.0898336 10.1037
1.47722 0.265588 9.28159
1.66803 0.288195 10.6078
1.54869 0.303721 13.6646
1.53848 0.140019 8.80892
1.65965 0.10972 7.13814
