1.47216 0.240254 8.75379
1.64539 0.273451 8.71616
1.57681 0.180317 9.80651
1.63917 0.0216667 6.40585
1.45193 0.297122 11.9416
1.51524 0.229571 9.00129
1.69305 0.0443878 8.70002
1.43798 0.154387 8.91052
1.56189 0.0222943 8.01324
1.56687 0.0647192 9.52276
1.66761 0.0746027 11.5783
1.47586 0.25083 8.02839
1.54924 0.158274 8.5405
1.63399 0.177134 8.30911
1.7015 0.245464 9.14711
1.6909 0.19842 6.65722
1.63659 0.153399 7.98036
1.61342 0.191808 9.45157
1.60062 0.300522 10.3583
1.64403 0.154963 9.81032
1.48818 0.188767 10.2495
1.62774 0.279228 10.4743
1.59443 0.0771335 5.57474
1.61375 0.0838059 11.1562
1.55495 0.085087 8.05229
1.70337 0.0331368 5.86824
1.598 0.106319 7.09935
1.66117 0.252607 9.16685
1.41487 0.201775 7.91541
1.65805 0.0378641 9.94106
1.43448 0.0981131 7.44028
1.69097 0.154068 9.83102
1.49606 0.112558 6.63795
1.72079 0.143935 8.75275
1.61216 0.169472 8.08209
1.61238 0.243124 8.11637
1.41706 0.0451549 6.36016
1.57273 0.197588 8.68096
1.66609 0.123609 8.00612
1.44026 0.0475594 5.53996
1.52751 0.0789796 5.00395
1.55519 0.305216 8.58803
1.64923 0.120686 7.18593
1.64609 0.135588 6.3285
1.62366 0.0711422 6.83678
1.43857 0.0237399 11.5136
1.61684 0.219024 10.6162
1.5153 0.146495 10.8996
1.54053 0.0371256 7.83896
1.66577 0.264141 10.9814
1.43401 0.0395527 5.81244
1.45827 0.258714 7.65717
1.59658 0.207673 8.06564
