1.52143 0.0690253 10.0271
1.53238 0.20204 7.7224
1.67213 0.23228 8.41595
1.6704 0.186178 5.46932
1.56753 0.0680965 7.169
1.70891 0.237222 6.0172
1.53441 0.0923983 8.38956
1.432 0.159338 9.45944
1.6166 0.226971 6.60668
1.56938 0.0685322 4.68381
1.66722 0.261575 8.92527
1.4883 0.15481 9.76983
1.53132 0.220693 6.53064
1.58922 0.00491092 8.88741
1.47906 0.195367 6.1007
1.58937 0.283769 5.88788
1.42556 0.0438637 8.84515
1.48974 0.301628 11.5623
1.43456 0.191322 10.1521
1.46431 0.0998875 7.91159
1.57369 0.161284 8.48622
1.50075 0.0204782 8.9575
1.62113 0.157544 7.91538
1.45749 0.202582 5.86461
1.6346 0.138792 10.1557
1.63008 0.234288 4.77087
1.58146 0.268833 3.41782
1.61982 0.000377117 8.77191
1.52652 0.140866 10.9555
1.59927 0.176884 7.03755
1.58977 0.0581106 8.53172
1.53824 0.232958 11.0565
1.50629 0.198357 6.95472
1.57439 0.158158 10.5369
1.60661 0.0898336 10.1037
1.70831 0.245536 9.85108
1.45513 0.265588 9.28159
1.64594 0.288195 10.6078
1.5266 0.303721 13.6646
1.51639 0.140019 8.80892
1.63756 0.10972 7.13814
