1.50652 0.240254 8.75379
1.42677 0.216391 5.66596
1.67975 0.273451 8.71616
1.41925 0.224531 8.51605
1.61117 0.180317 9.80651
1.67353 0.0216667 6.40585
1.48629 0.297122 11.9416
1.5496 0.229571 9.00129
1.72741 0.0443878 8.70002
1.47234 0.154387 8.91052
1.59625 0.0222943 8.01324
1.60123 0.0647192 9.52276
1.70197 0.0746027 11.5783
1.438 0.171042 11.7172
1.51022 0.25083 8.02839
1.5836 0.158274 8.5405
1.66835 0.177134 8.30911
1.72526 0.19842 6.65722
1.67095 0.153399 7.98036
1.64778 0.191808 9.45157
1.63498 0.300522 10.3583
1.67839 0.154963 9.81032
1.52254 0.188767 10.2495
1.6621 0.279228 10.4743
1.62879 0.0771335 5.57474
1.64811 0.0838059 11.1562
1.58931 0.085087 8.05229
1.63236 0.106319 7.09935
1.69553 0.252607 9.16685
1.44923 0.201775 7.91541
1.69241 0.0378641 9.94106
1.46884 0.0981131 7.44028
1.72533 0.154068 9.83102
1.53042 0.112558 6.63795
1.41959 0.124749 10.6742
1.43211 0.238057 10.852
1.64652 0.169472 8.08209
1.64674 0.243124 8.11637
1.45142 0.0451549 6.36016
1.60709 0.197588 8.68096
1.42437 0.00366046 7.05601
1.70045 0.123609 8.00612
1.47462 0.0475594 5.53996
1.56187 0.0789796 5.00395
1.43059 0.24986 10.1353
1.58955 0.305216 8.58803
1.68359 0.120686 7.18593
1.68045 0.135588 6.3285
1.65802 0.0711422 6.83678
1.47293 0.0237399 11.5136
1.6512 0.219024 10.6162
1.54966 0.146495 10.8996
1.57489 0.0371256 7.83896
1.70013 0.264141 10.9814
1.46837 0.0395527 5.81244
1.49263 0.258714 7.65717
1.63094 0.207673 8.06564
