1.43896 0.23228 8.41595
1.43723 0.186178 5.46932
1.58506 0.240254 8.75379
1.50531 0.216391 5.66596
1.49779 0.224531 8.51605
1.68971 0.180317 9.80651
1.47574 0.237222 6.0172
1.56483 0.297122 11.9416
1.62814 0.229571 9.00129
1.55088 0.154387 8.91052
1.67479 0.0222943 8.01324
1.67977 0.0647192 9.52276
1.51654 0.171042 11.7172
1.43405 0.261575 8.92527
1.58876 0.25083 8.02839
1.66214 0.158274 8.5405
1.72632 0.191808 9.45157
1.71352 0.300522 10.3583
1.60108 0.188767 10.2495
1.70733 0.0771335 5.57474
1.72665 0.0838059 11.1562
1.66785 0.085087 8.05229
1.7109 0.106319 7.09935
1.52777 0.201775 7.91541
1.54738 0.0981131 7.44028
1.60896 0.112558 6.63795
1.49813 0.124749 10.6742
1.51065 0.238057 10.852
1.72506 0.169472 8.08209
1.72528 0.243124 8.11637
1.52996 0.0451549 6.36016
1.68563 0.197588 8.68096
1.50291 0.00366046 7.05601
1.55316 0.0475594 5.53996
1.64041 0.0789796 5.00395
1.50913 0.24986 10.1353
1.47514 0.245536 9.85108
1.66809 0.305216 8.58803
1.55147 0.0237399 11.5136
1.6282 0.146495 10.8996
1.65343 0.0371256 7.83896
1.54691 0.0395527 5.81244
1.57117 0.258714 7.65717
1.70948 0.207673 8.06564
