1.44542 0.196067 10.6585
1.59997 0.0690253 10.0271
1.61092 0.20204 7.7224
1.64607 0.0680965 7.169
1.61295 0.0923983 8.38956
1.51054 0.159338 9.45944
1.69514 0.226971 6.60668
1.45153 0.229683 10.6207
1.64792 0.0685322 4.68381
1.46118 0.224539 9.68243
1.41459 0.109687 11.239
1.48289 0.135658 8.09061
1.56684 0.15481 9.76983
1.60986 0.220693 6.53064
1.66776 0.00491092 8.88741
1.5576 0.195367 6.1007
1.47116 0.0959354 9.49493
1.468 0.27907 7.82409
1.66791 0.283769 5.88788
1.5041 0.0438637 8.84515
1.41912 0.00299831 10.7378
1.56828 0.301628 11.5623
1.5131 0.191322 10.1521
1.54285 0.0998875 7.91159
1.65223 0.161284 8.48622
1.57929 0.0204782 8.9575
1.69967 0.157544 7.91538
1.53603 0.202582 5.86461
1.71314 0.138792 10.1557
1.41737 0.282547 11.1875
1.70862 0.234288 4.77087
1.66 0.268833 3.41782
1.69836 0.000377117 8.77191
1.60506 0.140866 10.9555
1.67781 0.176884 7.03755
1.4492 0.196757 4.58492
1.66831 0.0581106 8.53172
1.47359 0.26646 7.25309
1.61678 0.232958 11.0565
1.58483 0.198357 6.95472
1.65293 0.158158 10.5369
1.68515 0.0898336 10.1037
1.46597 0.270521 7.83162
1.53367 0.265588 9.28159
1.72448 0.288195 10.6078
1.60514 0.303721 13.6646
1.59493 0.140019 8.80892
1.43075 0.276167 9.35617
1.7161 0.10972 7.13814
