1.70927 0.278606 9.3147
1.59908 0.221469 10.8337
1.68195 0.0792793 8.69524
1.6047 0.220691 10.2436
1.56771 0.264459 9.19408
1.48325 0.0682039 6.67889
1.57527 0.30322 10.2645
1.44904 0.282158 10.0032
1.51573 0.0476313 5.7925
1.68634 0.256743 7.0328
1.51259 0.269676 8.54955
1.66579 0.244597 9.30814
1.50795 0.0297588 6.06698
1.63924 0.176985 8.4097
1.47158 0.211151 7.64434
1.5131 0.292224 12.4866
1.70261 0.0799952 9.71954
1.59685 0.260014 7.50517
1.69027 0.150429 8.88245
1.53243 0.213345 7.9522
1.53463 0.00769783 9.27622
1.68297 0.271842 10.8967
1.62866 0.144609 6.2747
1.43901 0.0845496 9.46124
1.46004 0.163311 7.97243
1.47621 0.275028 6.57374
1.47824 0.187437 9.09919
1.63249 0.088737 7.33434
1.66463 0.173507 8.63492
1.71781 0.234342 7.38027
1.51394 0.139784 7.74467
1.71984 0.16564 7.96045
1.47459 0.234589 8.646
1.43505 0.0278106 9.49373
1.66119 0.197854 9.72575
1.63628 0.188469 9.26669
1.71 0.149016 6.16864
1.55034 0.0448797 10.2662
1.71956 0.272718 11.3467
1.68164 0.274067 7.66886
1.5112 0.10797 9.29415
1.61974 0.300499 5.50732
1.48828 0.113136 8.95477
1.6608 0.186804 4.61266
1.58874 0.268731 9.16591
