1.697 0.278606 9.3147
1.58681 0.221469 10.8337
1.66968 0.0792793 8.69524
1.59243 0.220691 10.2436
1.55544 0.264459 9.19408
1.47098 0.0682039 6.67889
1.563 0.30322 10.2645
1.43677 0.282158 10.0032
1.50346 0.0476313 5.7925
1.67407 0.256743 7.0328
1.50032 0.269676 8.54955
1.65352 0.244597 9.30814
1.49568 0.0297588 6.06698
1.62697 0.176985 8.4097
1.45931 0.211151 7.64434
1.50082 0.292224 12.4866
1.69034 0.0799952 9.71954
1.58457 0.260014 7.50517
1.678 0.150429 8.88245
1.727 0.212357 8.78542
1.52016 0.213345 7.9522
1.52236 0.00769783 9.27622
1.6707 0.271842 10.8967
1.61638 0.144609 6.2747
1.42674 0.0845496 9.46124
1.44777 0.163311 7.97243
1.46394 0.275028 6.57374
1.46596 0.187437 9.09919
1.62022 0.088737 7.33434
1.65236 0.173507 8.63492
1.70554 0.234342 7.38027
1.50167 0.139784 7.74467
1.70757 0.16564 7.96045
1.46232 0.234589 8.646
1.42278 0.0278106 9.49373
1.64892 0.197854 9.72575
1.62401 0.188469 9.26669
1.69773 0.149016 6.16864
1.53806 0.0448797 10.2662
1.70729 0.272718 11.3467
1.66937 0.274067 7.66886
1.49892 0.10797 9.29415
1.60746 0.300499 5.50732
1.47601 0.113136 8.95477
1.64853 0.186804 4.61266
1.57646 0.268731 9.16591
