1.49425 0.240254 8.75379
1.4145 0.216391 5.66596
1.66748 0.273451 8.71616
1.5989 0.180317 9.80651
1.66126 0.0216667 6.40585
1.47402 0.297122 11.9416
1.53733 0.229571 9.00129
1.71514 0.0443878 8.70002
1.46007 0.154387 8.91052
1.58398 0.0222943 8.01324
1.58896 0.0647192 9.52276
1.6897 0.0746027 11.5783
1.42573 0.171042 11.7172
1.49795 0.25083 8.02839
1.57133 0.158274 8.5405
1.65608 0.177134 8.30911
1.72359 0.245464 9.14711
1.71299 0.19842 6.65722
1.65868 0.153399 7.98036
1.63551 0.191808 9.45157
1.62271 0.300522 10.3583
1.66612 0.154963 9.81032
1.51027 0.188767 10.2495
1.64983 0.279228 10.4743
1.61652 0.0771335 5.57474
1.63584 0.0838059 11.1562
1.57704 0.085087 8.05229
1.72546 0.0331368 5.86824
1.62009 0.106319 7.09935
1.68326 0.252607 9.16685
1.43696 0.201775 7.91541
1.68014 0.0378641 9.94106
1.45657 0.0981131 7.44028
1.71306 0.154068 9.83102
1.51815 0.112558 6.63795
1.41984 0.238057 10.852
1.63425 0.169472 8.08209
1.63447 0.243124 8.11637
1.43915 0.0451549 6.36016
1.59482 0.197588 8.68096
1.68818 0.123609 8.00612
1.46235 0.0475594 5.53996
1.5496 0.0789796 5.00395
1.41832 0.24986 10.1353
1.57728 0.305216 8.58803
1.67132 0.120686 7.18593
1.66818 0.135588 6.3285
1.64575 0.0711422 6.83678
1.46066 0.0237399 11.5136
1.63893 0.219024 10.6162
1.53739 0.146495 10.8996
1.56262 0.0371256 7.83896
1.68786 0.264141 10.9814
1.4561 0.0395527 5.81244
1.48036 0.258714 7.65717
1.61867 0.207673 8.06564
