1.70574 0.139326 7.66071
1.64035 0.257683 11.1077
1.6956 0.0884587 6.95822
1.72543 0.0119994 7.66662
1.71361 0.243186 7.32524
1.5731 0.127498 8.89402
1.55075 0.178548 9.90181
1.67432 0.191508 7.57731
1.58264 0.00153084 4.56912
1.64688 0.0198287 11.4839
1.66104 0.0805195 6.3975
1.67182 0.157272 12.4017
1.57001 0.212379 10.1913
1.714 0.0856839 6.7349
1.7169 0.239312 9.70333
1.6433 0.109583 6.84874
1.69395 0.226009 7.43086
1.62213 0.118548 7.43575
1.67537 0.19116 8.91859
1.68397 0.150413 10.6775
1.69639 0.102169 10.8669
1.56143 0.0216594 8.89465
1.56144 0.0968042 7.05576
1.67173 0.0227567 7.32073
1.67994 0.180504 7.9142
1.62305 0.0404908 8.94386
1.70958 0.198129 9.15475
1.57248 0.00585325 9.11905
1.61068 0.261865 9.78142
1.57168 0.173435 10.2976
1.59997 0.287277 6.71736
1.66184 0.195078 6.34768
1.64451 0.269001 6.71785
1.68805 0.161369 13.3051
1.57063 0.157674 6.3596
1.66114 0.30684 4.94909
1.59586 0.0394237 8.75876
1.63239 0.25317 11.4032
1.62652 0.0559571 7.24927
