1.61625 0.0809644 11.2358
1.49494 0.0519205 5.49643
1.61822 0.26887 8.55357
1.70385 0.274197 3.37254
1.54682 0.256295 6.84356
1.6456 0.22546 6.82155
1.51661 0.306182 6.70846
1.66348 0.305473 9.77939
1.45007 0.0425028 8.70002
1.42463 0.0727177 11.5783
1.45852 0.243579 9.14711
1.44792 0.196535 6.65722
1.50655 0.20614 11.3427
1.66063 0.216 7.19434
1.64348 0.120977 8.03949
1.58136 0.0464144 8.61454
1.58665 0.088708 9.15397
1.53114 0.20393 11.752
1.52921 0.0325918 7.47052
1.66922 0.127273 7.31087
1.46039 0.0312518 5.86824
1.611 0.116738 9.11878
1.41819 0.250722 9.16685
1.67034 0.270643 4.99717
1.41507 0.0359791 9.94106
1.69906 0.23317 8.4487
1.44799 0.152183 9.83102
1.59516 0.180556 7.97113
1.47781 0.14205 8.75275
1.55168 0.190425 6.60827
1.5799 0.150919 9.00137
1.59063 0.0183004 8.29084
1.62826 0.0182694 6.58664
1.58023 0.206739 6.05235
1.42311 0.121724 8.00612
1.62803 0.310997 10.0896
1.70245 0.143855 6.308
1.51991 0.0014363 10.8973
1.53501 0.238633 6.05723
1.71802 0.259145 10.2666
1.67213 0.0311728 5.63548
1.42279 0.262256 10.9814
