1.61625 0.0822211 11.2358
1.49494 0.0531772 5.49643
1.61822 0.270127 8.55357
1.70385 0.275454 3.37254
1.54682 0.257552 6.84356
1.6456 0.226717 6.82155
1.51661 0.307439 6.70846
1.66348 0.30673 9.77939
1.45007 0.0437595 8.70002
1.42463 0.0739744 11.5783
1.45852 0.244836 9.14711
1.44792 0.197792 6.65722
1.50655 0.207397 11.3427
1.66063 0.217257 7.19434
1.64348 0.122234 8.03949
1.58136 0.0476711 8.61454
1.58665 0.0899647 9.15397
1.53114 0.205187 11.752
1.52921 0.0338485 7.47052
1.66922 0.12853 7.31087
1.46039 0.0325085 5.86824
1.611 0.117995 9.11878
1.41819 0.251979 9.16685
1.67034 0.2719 4.99717
1.41507 0.0372358 9.94106
1.69906 0.234427 8.4487
1.44799 0.15344 9.83102
1.59516 0.181813 7.97113
1.47781 0.143307 8.75275
1.55168 0.191682 6.60827
1.5799 0.152176 9.00137
1.59063 0.0195571 8.29084
1.62826 0.0195261 6.58664
1.58023 0.207996 6.05235
1.42311 0.122981 8.00612
1.62803 0.312254 10.0896
1.70245 0.145112 6.308
1.51991 0.00269294 10.8973
1.53501 0.23989 6.05723
1.71802 0.260402 10.2666
1.67213 0.0324295 5.63548
1.42279 0.263513 10.9814
