1.61625 0.0823782 11.2358
1.49494 0.0533343 5.49643
1.61822 0.270284 8.55357
1.70385 0.275611 3.37254
1.54682 0.257709 6.84356
1.6456 0.226874 6.82155
1.51661 0.307596 6.70846
1.66348 0.306887 9.77939
1.45007 0.0439166 8.70002
1.42463 0.0741315 11.5783
1.45852 0.244993 9.14711
1.44792 0.197949 6.65722
1.50655 0.207554 11.3427
1.66063 0.217414 7.19434
1.64348 0.122391 8.03949
1.58136 0.0478282 8.61454
1.58665 0.0901218 9.15397
1.53114 0.205344 11.752
1.52921 0.0340056 7.47052
1.66922 0.128687 7.31087
1.46039 0.0326656 5.86824
1.611 0.118152 9.11878
1.41819 0.252136 9.16685
1.67034 0.272057 4.99717
1.41507 0.0373929 9.94106
1.69906 0.234584 8.4487
1.44799 0.153597 9.83102
1.59516 0.18197 7.97113
1.47781 0.143464 8.75275
1.55168 0.191839 6.60827
1.5799 0.152333 9.00137
1.59063 0.0197142 8.29084
1.62826 0.0196832 6.58664
1.58023 0.208153 6.05235
1.42311 0.123138 8.00612
1.62803 0.312411 10.0896
1.70245 0.145269 6.308
1.51991 0.00285002 10.8973
1.53501 0.240047 6.05723
1.71802 0.260559 10.2666
1.67213 0.0325866 5.63548
1.42279 0.26367 10.9814
