1.61625 0.0817498 11.2358
1.49494 0.0527059 5.49643
1.61822 0.269655 8.55357
1.70385 0.274982 3.37254
1.54682 0.25708 6.84356
1.6456 0.226245 6.82155
1.51661 0.306967 6.70846
1.66348 0.306258 9.77939
1.45007 0.0432882 8.70002
1.42463 0.0735031 11.5783
1.45852 0.244364 9.14711
1.44792 0.19732 6.65722
1.50655 0.206925 11.3427
1.66063 0.216785 7.19434
1.64348 0.121762 8.03949
1.58136 0.0471998 8.61454
1.58665 0.0894934 9.15397
1.53114 0.204715 11.752
1.52921 0.0333772 7.47052
1.66922 0.128058 7.31087
1.46039 0.0320372 5.86824
1.611 0.117523 9.11878
1.41819 0.251507 9.16685
1.67034 0.271428 4.99717
1.41507 0.0367645 9.94106
1.69906 0.233955 8.4487
1.44799 0.152968 9.83102
1.59516 0.181341 7.97113
1.47781 0.142835 8.75275
1.55168 0.19121 6.60827
1.5799 0.151704 9.00137
1.59063 0.0190858 8.29084
1.62826 0.0190548 6.58664
1.58023 0.207524 6.05235
1.42311 0.122509 8.00612
1.62803 0.311782 10.0896
1.70245 0.14464 6.308
1.51991 0.0022217 10.8973
1.53501 0.239418 6.05723
1.71802 0.25993 10.2666
1.67213 0.0319582 5.63548
1.42279 0.263041 10.9814
