1.61625 0.0803361 11.2358
1.49494 0.0512922 5.49643
1.61822 0.268242 8.55357
1.70385 0.273569 3.37254
1.54682 0.255667 6.84356
1.6456 0.224832 6.82155
1.51661 0.305554 6.70846
1.66348 0.304845 9.77939
1.45007 0.0418745 8.70002
1.42463 0.0720894 11.5783
1.45852 0.242951 9.14711
1.44792 0.195907 6.65722
1.50655 0.205512 11.3427
1.66063 0.215372 7.19434
1.64348 0.120349 8.03949
1.58136 0.0457861 8.61454
1.58665 0.0880797 9.15397
1.53114 0.203302 11.752
1.52921 0.0319635 7.47052
1.66922 0.126645 7.31087
1.46039 0.0306235 5.86824
1.611 0.11611 9.11878
1.41819 0.250094 9.16685
1.67034 0.270015 4.99717
1.41507 0.0353508 9.94106
1.69906 0.232542 8.4487
1.44799 0.151555 9.83102
1.59516 0.179928 7.97113
1.47781 0.141422 8.75275
1.55168 0.189797 6.60827
1.5799 0.150291 9.00137
1.59063 0.0176721 8.29084
1.62826 0.0176411 6.58664
1.58023 0.206111 6.05235
1.42311 0.121096 8.00612
1.62803 0.310369 10.0896
1.70245 0.143227 6.308
1.51991 0.000807986 10.8973
1.53501 0.238005 6.05723
1.71802 0.258517 10.2666
1.67213 0.0305445 5.63548
1.42279 0.261628 10.9814
