1.65011 0.121234 11.2358
1.56611 0.029026 5.49643
1.64264 0.0169422 8.72887
1.71948 0.221745 12.4557
1.54612 0.277754 8.55357
1.49414 0.227221 6.84356
1.59317 0.257241 6.82155
1.44111 0.251501 6.70846
1.49626 0.0067069 11.5783
1.44528 0.297005 8.20439
1.42826 0.167072 9.14711
1.44593 0.122205 6.65722
1.48902 0.163104 11.3427
1.61092 0.257865 7.19434
1.42632 0.054442 7.98036
1.65014 0.169633 8.03949
1.64068 0.0730473 8.61454
1.43159 0.0599174 9.81032
1.72291 0.299824 8.59134
1.62128 0.111001 9.15397
1.707 0.275952 9.38365
1.5106 0.175098 11.752
1.60531 0.0323022 7.47052
1.66789 0.189309 7.31087
1.62566 0.147871 9.11878
1.58824 0.308517 4.99717
1.63305 0.293666 8.4487
1.47092 0.0855614 9.83102
1.57669 0.19175 7.97113
1.50128 0.0939419 8.75275
1.53518 0.175473 6.60827
1.58073 0.15866 9.00137
1.66415 0.0550053 8.29084
1.69529 0.0761308 6.58664
1.54963 0.205013 6.05235
1.46746 0.0463847 8.00612
1.68606 0.221701 6.308
1.45516 0.0344904 7.18593
1.44419 0.0450506 6.3285
1.4943 0.205975 6.05723
1.43031 0.300276 8.52994
1.42255 0.259399 8.21493
1.72432 0.111462 5.63548
