1.6273 0.0908738 11.2358
1.51203 0.0432104 5.49643
1.59985 0.276774 8.55357
1.6836 0.295431 3.37254
1.5313 0.253185 6.84356
1.63369 0.238182 6.82155
1.49366 0.297731 6.70846
1.46919 0.0268895 8.70002
1.43933 0.0527527 11.5783
1.44608 0.226812 9.14711
1.44297 0.178689 6.65722
1.49937 0.197347 11.3427
1.65001 0.231189 7.19434
1.64794 0.134654 8.03949
1.59825 0.0512912 8.61454
1.59686 0.0938916 9.15397
1.524 0.199011 11.752
1.5489 0.0294807 7.47052
1.67238 0.144899 7.31087
1.48114 0.0173914 5.86824
1.61652 0.125386 9.11878
1.65105 0.286679 4.99717
1.43564 0.0149709 9.94106
1.68528 0.25416 8.4487
1.44997 0.134894 9.83102
1.72542 0.0133993 7.21419
1.59089 0.18594 7.97113
1.48101 0.129551 8.75275
1.5464 0.188886 6.60827
1.58046 0.154281 9.00137
1.6118 0.0249735 8.29084
1.64897 0.0308295 6.58664
1.57205 0.209465 6.05235
1.43016 0.100918 8.00612
1.7026 0.166475 6.308
1.41397 0.0953933 7.18593
1.5224 0.233893 6.05723
1.6799 0.00569464 9.11987
1.69995 0.282781 10.2666
1.48023 0.312779 8.21493
1.69028 0.0504368 5.63548
