1.64639 0.113929 11.2358
1.55408 0.0300358 5.49643
1.62913 0.0108033 8.72887
1.72491 0.207466 12.4557
1.55759 0.279541 8.55357
1.50108 0.234124 6.84356
1.6025 0.254691 6.82155
1.45057 0.263286 6.70846
1.51929 0.000166675 8.70002
1.48244 0.0143884 11.5783
1.459 0.308196 8.20439
1.42983 0.180442 9.14711
1.4432 0.13411 6.65722
1.48995 0.170772 11.3427
1.62022 0.253641 7.19434
1.4173 0.0684941 7.98036
1.65097 0.16211 8.03949
1.63246 0.0668439 8.61454
1.42307 0.0734489 9.81032
1.61672 0.106455 9.15397
1.71758 0.262607 9.38365
1.51257 0.180682 11.752
1.59342 0.0296076 7.47052
1.6705 0.180028 7.31087
1.62455 0.142748 9.11878
1.60241 0.306203 4.99717
1.64563 0.287201 8.4487
1.46463 0.0952781 9.83102
1.57993 0.191041 7.97113
1.49564 0.100764 8.75275
1.53707 0.178743 6.60827
1.58083 0.157719 9.00137
1.65413 0.0466732 8.29084
1.68712 0.0647745 6.58664
1.55423 0.206793 6.05235
1.4575 0.0566007 8.00612
1.69163 0.210567 6.308
1.44414 0.0459169 7.18593
1.43421 0.0574629 6.3285
1.49924 0.212957 6.05723
1.72473 0.0516014 9.11987
1.44441 0.312861 8.52994
1.43284 0.272895 8.21493
1.71934 0.0972163 5.63548
