1.64038 0.104795 11.2358
1.53828 0.0331332 5.49643
1.61034 0.00464558 8.72887
1.57304 0.28023 8.55357
1.51129 0.242254 6.84356
1.61448 0.249948 6.82155
1.46483 0.277517 6.70846
1.50003 0.00785909 8.70002
1.46526 0.0265871 11.5783
1.43387 0.197926 9.14711
1.44133 0.150283 6.65722
1.49231 0.180797 11.3427
1.63194 0.246685 7.19434
1.65097 0.152022 8.03949
1.62066 0.0598271 8.61454
1.41375 0.0926238 9.81032
1.61001 0.101098 9.15397
1.51598 0.187794 11.752
1.57726 0.0277775 7.47052
1.67259 0.167351 7.31087
1.51377 0.00119722 5.86824
1.62233 0.136124 9.11878
1.62085 0.301065 4.99717
1.66135 0.276796 8.4487
1.45772 0.109071 9.83102
1.58411 0.189629 7.97113
1.48918 0.110628 8.75275
1.54005 0.182799 6.60827
1.58083 0.156456 9.00137
1.63963 0.0370999 8.29084
1.67463 0.0509236 6.58664
1.56059 0.208477 6.05235
1.4458 0.0715925 8.00612
1.69738 0.195001 6.308
1.4312 0.0626681 7.18593
1.4228 0.0753678 6.3285
1.42567 0.00719054 6.83678
1.50681 0.221485 6.05723
1.71029 0.0331403 9.11987
1.66941 0.307927 10.2666
1.44844 0.289272 8.21493
1.71067 0.0790705 5.63548
