1.61546 0.0836348 11.2358
1.49415 0.0545909 5.49643
1.61743 0.27154 8.55357
1.70306 0.276867 3.37254
1.54603 0.258965 6.84356
1.64481 0.22813 6.82155
1.51582 0.308852 6.70846
1.66269 0.308143 9.77939
1.44928 0.0451732 8.70002
1.42384 0.0753881 11.5783
1.45773 0.246249 9.14711
1.44713 0.199205 6.65722
1.50576 0.20881 11.3427
1.65984 0.21867 7.19434
1.64269 0.123647 8.03949
1.58057 0.0490848 8.61454
1.58586 0.0913784 9.15397
1.53035 0.2066 11.752
1.52842 0.0352622 7.47052
1.66843 0.129943 7.31087
1.4596 0.0339222 5.86824
1.61021 0.119408 9.11878
1.4174 0.253392 9.16685
1.66955 0.273313 4.99717
1.41428 0.0386495 9.94106
1.69827 0.23584 8.4487
1.4472 0.154853 9.83102
1.59437 0.183226 7.97113
1.47702 0.14472 8.75275
1.55089 0.193095 6.60827
1.57911 0.153589 9.00137
1.58984 0.0209708 8.29084
1.62747 0.0209398 6.58664
1.57944 0.209409 6.05235
1.42232 0.124394 8.00612
1.62724 0.313667 10.0896
1.70166 0.146525 6.308
1.51912 0.00410666 10.8973
1.53422 0.241303 6.05723
1.71723 0.261815 10.2666
1.67134 0.0338432 5.63548
1.422 0.264926 10.9814
