1.61389 0.0852056 11.2358
1.49258 0.0561617 5.49643
1.72776 0.129345 12.4557
1.61586 0.273111 8.55357
1.70149 0.278438 3.37254
1.54446 0.260536 6.84356
1.64324 0.229701 6.82155
1.51425 0.310423 6.70846
1.66112 0.309714 9.77939
1.44771 0.046744 8.70002
1.42227 0.0769589 11.5783
1.45616 0.24782 9.14711
1.44556 0.200776 6.65722
1.50419 0.210381 11.3427
1.65827 0.220241 7.19434
1.64112 0.125218 8.03949
1.579 0.0506556 8.61454
1.58429 0.0929492 9.15397
1.52878 0.208171 11.752
1.52685 0.036833 7.47052
1.66686 0.131514 7.31087
1.45803 0.035493 5.86824
1.60864 0.120979 9.11878
1.41583 0.254963 9.16685
1.66798 0.274884 4.99717
1.6967 0.237411 8.4487
1.44563 0.156424 9.83102
1.5928 0.184797 7.97113
1.47545 0.146291 8.75275
1.54932 0.194666 6.60827
1.57754 0.15516 9.00137
1.58827 0.0225416 8.29084
1.6259 0.0225106 6.58664
1.57787 0.21098 6.05235
1.42075 0.125965 8.00612
1.70009 0.148096 6.308
1.51755 0.00567745 10.8973
1.53265 0.242874 6.05723
1.71566 0.263386 10.2666
1.66977 0.035414 5.63548
1.42043 0.266497 10.9814
