1.61594 0.0831636 11.2358
1.49463 0.0541197 5.49643
1.61791 0.271069 8.55357
1.70354 0.276396 3.37254
1.54651 0.258494 6.84356
1.64529 0.227659 6.82155
1.5163 0.308381 6.70846
1.66317 0.307672 9.77939
1.44976 0.044702 8.70002
1.42432 0.0749169 11.5783
1.45821 0.245778 9.14711
1.44761 0.198734 6.65722
1.50624 0.208339 11.3427
1.66032 0.218199 7.19434
1.64317 0.123176 8.03949
1.58105 0.0486136 8.61454
1.58634 0.0909072 9.15397
1.53083 0.206129 11.752
1.5289 0.034791 7.47052
1.66891 0.129472 7.31087
1.46008 0.033451 5.86824
1.61069 0.118937 9.11878
1.41788 0.252921 9.16685
1.67003 0.272842 4.99717
1.41476 0.0381783 9.94106
1.69875 0.235369 8.4487
1.44768 0.154382 9.83102
1.59485 0.182755 7.97113
1.4775 0.144249 8.75275
1.55137 0.192624 6.60827
1.57959 0.153118 9.00137
1.59032 0.0204996 8.29084
1.62795 0.0204686 6.58664
1.57992 0.208938 6.05235
1.4228 0.123923 8.00612
1.62772 0.313196 10.0896
1.70214 0.146054 6.308
1.5196 0.00363542 10.8973
1.5347 0.240832 6.05723
1.71771 0.261344 10.2666
1.67182 0.033372 5.63548
1.42248 0.264455 10.9814
