1.61609 0.0830065 11.2358
1.49478 0.0539626 5.49643
1.61806 0.270912 8.55357
1.70369 0.276239 3.37254
1.54666 0.258337 6.84356
1.64544 0.227502 6.82155
1.51645 0.308224 6.70846
1.66332 0.307515 9.77939
1.44991 0.0445449 8.70002
1.42447 0.0747598 11.5783
1.45836 0.245621 9.14711
1.44776 0.198577 6.65722
1.50639 0.208182 11.3427
1.66047 0.218042 7.19434
1.64332 0.123019 8.03949
1.5812 0.0484565 8.61454
1.58649 0.0907501 9.15397
1.53098 0.205972 11.752
1.52905 0.0346339 7.47052
1.66906 0.129315 7.31087
1.46023 0.0332939 5.86824
1.61084 0.11878 9.11878
1.41803 0.252764 9.16685
1.67018 0.272685 4.99717
1.41491 0.0380212 9.94106
1.6989 0.235212 8.4487
1.44783 0.154225 9.83102
1.595 0.182598 7.97113
1.47765 0.144092 8.75275
1.55152 0.192467 6.60827
1.57974 0.152961 9.00137
1.59047 0.0203425 8.29084
1.6281 0.0203115 6.58664
1.58007 0.208781 6.05235
1.42295 0.123766 8.00612
1.62787 0.313039 10.0896
1.70229 0.145897 6.308
1.51975 0.00347834 10.8973
1.53485 0.240675 6.05723
1.71786 0.261187 10.2666
1.67197 0.0332149 5.63548
1.42263 0.264298 10.9814
