1.61374 0.0853627 11.2358
1.49243 0.0563188 5.49643
1.72761 0.129502 12.4557
1.61571 0.273268 8.55357
1.70134 0.278595 3.37254
1.54431 0.260693 6.84356
1.64309 0.229858 6.82155
1.5141 0.31058 6.70846
1.66097 0.309871 9.77939
1.44756 0.0469011 8.70002
1.42212 0.077116 11.5783
1.45601 0.247977 9.14711
1.44541 0.200933 6.65722
1.50404 0.210538 11.3427
1.65812 0.220398 7.19434
1.64097 0.125375 8.03949
1.57885 0.0508127 8.61454
1.58414 0.0931063 9.15397
1.52863 0.208328 11.752
1.5267 0.0369901 7.47052
1.72773 0.312394 5.01792
1.66671 0.131671 7.31087
1.45788 0.0356501 5.86824
1.60849 0.121136 9.11878
1.41568 0.25512 9.16685
1.66783 0.275041 4.99717
1.69655 0.237568 8.4487
1.44548 0.156581 9.83102
1.59265 0.184954 7.97113
1.4753 0.146448 8.75275
1.54917 0.194823 6.60827
1.57739 0.155317 9.00137
1.58812 0.0226987 8.29084
1.62575 0.0226677 6.58664
1.57772 0.211137 6.05235
1.4206 0.126122 8.00612
1.69994 0.148253 6.308
1.5174 0.00583453 10.8973
1.5325 0.243031 6.05723
1.71551 0.263543 10.2666
1.66962 0.0355711 5.63548
1.42028 0.266654 10.9814
