1.61515 0.083949 11.2358
1.49384 0.0549051 5.49643
1.61712 0.271855 8.55357
1.70275 0.277182 3.37254
1.54572 0.25928 6.84356
1.6445 0.228445 6.82155
1.51551 0.309167 6.70846
1.66238 0.308458 9.77939
1.44897 0.0454874 8.70002
1.42353 0.0757023 11.5783
1.45742 0.246564 9.14711
1.44682 0.19952 6.65722
1.50545 0.209125 11.3427
1.65953 0.218985 7.19434
1.64238 0.123962 8.03949
1.58026 0.049399 8.61454
1.58555 0.0916926 9.15397
1.53004 0.206915 11.752
1.52811 0.0355764 7.47052
1.66812 0.130258 7.31087
1.45929 0.0342364 5.86824
1.6099 0.119723 9.11878
1.41709 0.253707 9.16685
1.66924 0.273628 4.99717
1.41397 0.0389637 9.94106
1.69796 0.236155 8.4487
1.44689 0.155168 9.83102
1.59406 0.183541 7.97113
1.47671 0.145035 8.75275
1.55058 0.19341 6.60827
1.5788 0.153904 9.00137
1.58953 0.021285 8.29084
1.62716 0.021254 6.58664
1.57913 0.209724 6.05235
1.42201 0.124709 8.00612
1.62693 0.313982 10.0896
1.70135 0.14684 6.308
1.51881 0.00442082 10.8973
1.53391 0.241618 6.05723
1.71692 0.26213 10.2666
1.67103 0.0341574 5.63548
1.42169 0.265241 10.9814
