1.59538 0.301256 7.96964
1.47004 0.239206 10.6859
1.55524 0.194766 12.0066
1.59041 0.0136158 8.83325
1.72435 0.0263458 11.4668
1.71825 0.252526 11.6802
1.61226 0.0367658 10.2473
1.58314 0.105066 9.69485
1.53903 0.220716 8.72249
1.52798 0.305266 9.5114
1.46227 0.212466 12.4795
1.6564 0.0986158 7.51565
1.44615 0.188526 5.18482
1.71804 0.264586 11.0479
1.55257 0.223426 8.47726
1.51358 0.0861058 5.96389
1.70648 0.0147458 11.0914
1.44552 0.0856958 8.74369
1.60519 0.199916 3.14124
1.52242 0.246196 9.79942
1.43437 0.226646 9.3166
1.4311 0.281686 8.39287
1.65676 0.122736 6.51828
1.5433 0.274136 8.40935
1.50537 0.114906 6.75887
1.70059 0.289296 6.31391
1.68969 0.190396 8.25201
1.52592 0.227206 10.7725
1.57912 0.153886 7.31005
1.53339 0.277566 5.62456
1.69495 0.0824158 6.8552
1.41993 0.166586 10.9732
1.61671 0.234806 8.22621
1.49673 0.301596 8.98673
1.474 0.145096 6.47619
1.4149 0.114176 7.06787
1.51126 0.191816 6.80617
1.7112 0.0187058 9.14923
1.66423 0.310316 5.52379
1.45417 0.111656 10.585
1.47305 0.0193758 8.07966
1.55383 0.174796 10.3606
1.5036 0.00852581 9.47981
1.47858 0.260856 7.12666
1.48433 0.285576 4.61254
1.41487 0.257706 9.27745
1.47756 0.0795658 10.447
1.4405 0.274956 6.409
1.60319 0.302006 6.3364
1.50767 0.153076 10.9803
1.49021 0.0636958 12.9123
1.58534 0.287556 7.67036
1.68351 0.232836 7.24835
1.59867 0.141736 9.38025
1.503 0.184876 6.27231
1.58073 0.200896 8.61403
