1.50146 0.270622 10.6859
1.58666 0.226182 12.0066
1.62183 0.0450317 8.83325
1.43716 0.173912 10.6178
1.59995 0.0208617 8.89121
1.64368 0.0681817 10.2473
1.61456 0.136482 9.69485
1.57045 0.252132 8.72249
1.42475 0.142832 8.31586
1.49369 0.243882 12.4795
1.42235 0.100692 9.18841
1.68782 0.130032 7.51565
1.47757 0.219942 5.18482
1.58399 0.254842 8.47726
1.545 0.117522 5.96389
1.47694 0.117112 8.74369
1.63661 0.231332 3.14124
1.44088 0.147482 7.56017
1.55384 0.277612 9.79942
1.46579 0.258062 9.3166
1.63583 0.0186817 10.3329
1.46252 0.313102 8.39287
1.68818 0.154152 6.51828
1.57472 0.305552 8.40935
1.53679 0.146322 6.75887
1.42129 0.130882 7.33992
1.72111 0.221812 8.25201
1.55734 0.258622 10.7725
1.61054 0.185302 7.31005
1.56481 0.308982 5.62456
1.72637 0.113832 6.8552
1.45135 0.198002 10.9732
1.64813 0.266222 8.22621
1.50542 0.176512 6.47619
1.52423 0.0239917 10.3964
1.44632 0.145592 7.06787
1.54268 0.223232 6.80617
1.48559 0.143072 10.585
1.50447 0.0507917 8.07966
1.58525 0.206212 10.3606
1.53502 0.0399417 9.47981
1.51 0.292272 7.12666
1.44629 0.289122 9.27745
1.50898 0.110982 10.447
1.47192 0.306372 6.409
1.53909 0.184492 10.9803
1.52163 0.0951117 12.9123
1.71493 0.264252 7.24835
1.42247 0.0774017 6.16579
1.43449 0.0140417 9.53313
1.55902 0.0120617 11.0542
1.63009 0.173152 9.38025
1.53442 0.216292 6.27231
1.61616 0.0184417 7.52942
1.61215 0.232312 8.61403
