1.4383 0.144176 7.96964
1.71485 0.273717 5.49643
1.61872 0.00153618 8.5174
1.56117 0.0954462 11.6802
1.6161 0.241578 6.40585
1.66998 0.264299 8.70002
1.68003 0.0425962 10.0605
1.53882 0.242206 8.01324
1.5438 0.284631 9.52276
1.64454 0.294514 11.5783
1.6048 0.0789762 12.273
1.56096 0.107506 11.0479
1.59372 0.167806 4.64396
1.70237 0.184916 10.1957
1.67401 0.0639262 11.9089
1.44811 0.0428362 3.14124
1.66632 0.209266 8.2235
1.64671 0.000756179 7.48278
1.54304 0.167186 10.5683
1.57136 0.297045 5.57474
1.59068 0.303717 11.1562
1.53188 0.304998 8.05229
1.6803 0.253048 5.86824
1.63498 0.257776 9.94106
1.4834 0.216096 8.56175
1.54351 0.132216 6.31391
1.53261 0.0333162 8.25201
1.47166 0.176586 9.60691
1.69218 0.158846 8.86507
1.45963 0.0777262 8.22621
1.50715 0.153236 5.52379
1.41719 0.267471 5.53996
1.68854 0.0689362 7.73531
1.50444 0.298891 5.00395
1.63651 0.0566062 10.2291
1.71252 0.123806 3.32247
1.60059 0.291054 6.83678
1.4155 0.243651 11.5136
1.44611 0.144926 6.3364
1.51746 0.257037 7.83896
1.42826 0.130476 7.67036
1.52643 0.0757562 7.24835
1.69562 0.0877062 7.30187
1.42365 0.0438162 8.61403
