1.6206 0.179469 5.49643
1.46692 0.0011984 11.6802
1.45949 0.305981 9.80651
1.52185 0.14733 6.40585
1.57573 0.170052 8.70002
1.44457 0.147958 8.01324
1.44955 0.190383 9.52276
1.55029 0.200266 11.5783
1.71047 0.0579084 9.07765
1.46671 0.0132584 11.0479
1.43192 0.283938 8.5405
1.49947 0.0735584 4.64396
1.51667 0.302798 8.30911
1.60812 0.0906684 10.1957
1.51927 0.279063 7.98036
1.70702 0.173963 8.61454
1.52671 0.280627 9.81032
1.57207 0.115018 8.2235
1.71231 0.216257 9.15397
1.44879 0.0729384 10.5683
1.47711 0.202797 5.57474
1.49643 0.20947 11.1562
1.65487 0.160141 7.47052
1.43763 0.210751 8.05229
1.58605 0.158801 5.86824
1.48068 0.231983 7.09935
1.54073 0.163528 9.94106
1.57365 0.279732 9.83102
1.44926 0.0379684 6.31391
1.72082 0.308105 7.97113
1.60347 0.269599 8.75275
1.49484 0.295136 8.08209
1.70556 0.278468 9.00137
1.59793 0.0645984 8.86507
1.71629 0.145849 8.29084
1.54877 0.249273 8.00612
1.65706 0.0752284 5.05418
1.64727 0.0897884 11.0336
1.64557 0.128985 10.8973
1.72507 0.0111384 5.76839
1.61827 0.0295584 3.32247
1.53191 0.24635 7.18593
1.52877 0.261252 6.3285
1.50634 0.196806 6.83678
1.42321 0.162789 7.83896
