1.64767 0.114265 11.2358
1.52636 0.0852214 5.49643
1.64964 0.302171 8.55357
1.57824 0.289596 6.84356
1.67702 0.258761 6.82155
1.43383 0.304867 8.71616
1.42761 0.0530826 6.40585
1.48149 0.0758037 8.70002
1.45605 0.106019 11.5783
1.42243 0.20855 8.30911
1.48994 0.27688 9.14711
1.47934 0.229836 6.65722
1.53797 0.239441 11.3427
1.69205 0.249301 7.19434
1.42503 0.184815 7.98036
1.6749 0.154278 8.03949
1.61278 0.0797153 8.61454
1.43247 0.186379 9.81032
1.47783 0.0207706 8.2235
1.61807 0.122009 9.15397
1.56256 0.237231 11.752
1.41618 0.310644 10.4743
1.56063 0.0658927 7.47052
1.70064 0.160574 7.31087
1.49181 0.0645527 5.86824
1.64242 0.150039 9.11878
1.44961 0.284023 9.16685
1.70176 0.303944 4.99717
1.44649 0.06928 9.94106
1.47941 0.185484 9.83102
1.62658 0.213857 7.97113
1.50923 0.175351 8.75275
1.5831 0.223726 6.60827
1.61132 0.18422 9.00137
1.62205 0.0516013 8.29084
1.69048 0.0164006 9.66419
1.65968 0.0515703 6.58664
1.61165 0.24004 6.05235
1.45453 0.155025 8.00612
1.55133 0.0347372 10.8973
1.43767 0.152102 7.18593
1.43453 0.167004 6.3285
1.56643 0.271934 6.05723
1.70355 0.0644737 5.63548
1.45421 0.295557 10.9814
