1.7105 0.177097 11.2358
1.58919 0.148053 5.49643
1.42808 0.274565 9.80651
1.49044 0.115914 6.40585
1.54432 0.138636 8.70002
1.41814 0.158967 9.52276
1.51888 0.16885 11.5783
1.67906 0.0264925 9.07765
1.46806 0.0421425 4.64396
1.48526 0.271382 8.30911
1.57671 0.0592525 10.1957
1.54217 0.292668 6.65722
1.6008 0.302273 11.3427
1.48786 0.247647 7.98036
1.67561 0.142547 8.61454
1.46469 0.286056 9.45157
1.4953 0.249211 9.81032
1.54066 0.0836025 8.2235
1.6809 0.184841 9.15397
1.62539 0.300063 11.752
1.41738 0.0415225 10.5683
1.4457 0.171381 5.57474
1.46502 0.178054 11.1562
1.62346 0.128725 7.47052
1.55464 0.127385 5.86824
1.70525 0.212871 9.11878
1.44927 0.200567 7.09935
1.50932 0.132112 9.94106
1.54224 0.248316 9.83102
1.41785 0.00655247 6.31391
1.68941 0.276689 7.97113
1.57206 0.238183 8.75275
1.46343 0.26372 8.08209
1.64593 0.286558 6.60827
1.67415 0.247052 9.00137
1.56652 0.0331825 8.86507
1.68488 0.114433 8.29084
1.72251 0.114402 6.58664
1.424 0.291836 8.68096
1.67448 0.302872 6.05235
1.51736 0.217857 8.00612
1.62565 0.0438125 5.05418
1.61586 0.0583725 11.0336
1.61416 0.097569 10.8973
1.5005 0.214934 7.18593
1.49736 0.229836 6.3285
1.47493 0.16539 6.83678
1.46811 0.313272 10.6162
1.44785 0.301921 8.06564
