1.56397 0.26984 7.96964
1.43863 0.20779 10.6859
1.52383 0.16335 12.0066
1.71293 0.0483599 8.75902
1.68684 0.22111 11.6802
1.58085 0.00534988 10.2473
1.55173 0.0736499 9.69485
1.50762 0.1893 8.72249
1.49657 0.27385 9.5114
1.43086 0.18105 12.4795
1.62499 0.0671999 7.51565
1.41474 0.15711 5.18482
1.68663 0.23317 11.0479
1.71939 0.29347 4.64396
1.52116 0.19201 8.47726
1.48217 0.0546899 5.96389
1.41411 0.0542799 8.74369
1.57378 0.1685 3.14124
1.49101 0.21478 9.79942
1.66871 0.29285 10.5683
1.46612 0.29869 5.51535
1.62535 0.0913199 6.51828
1.51189 0.24272 8.40935
1.47396 0.0834899 6.75887
1.66918 0.25788 6.31391
1.65828 0.15898 8.25201
1.59733 0.30225 9.60691
1.49451 0.19579 10.7725
1.54771 0.12247 7.31005
1.50198 0.24615 5.62456
1.66354 0.0509999 6.8552
1.5853 0.20339 8.22621
1.46532 0.27018 8.98673
1.44259 0.11368 6.47619
1.47985 0.1604 6.80617
1.72588 0.0982299 7.66824
1.63282 0.2789 5.52379
1.42276 0.0802399 10.585
1.52242 0.14338 10.3606
1.44717 0.22944 7.12666
1.45292 0.25416 4.61254
1.44615 0.0481499 10.447
1.57178 0.27059 6.3364
1.47626 0.12166 10.9803
1.4588 0.0322799 12.9123
1.55393 0.25614 7.67036
1.6521 0.20142 7.24835
1.53383 0.29251 11.427
1.56726 0.11032 9.38025
1.47159 0.15346 6.27231
1.54932 0.16948 8.61403
