1.49358 0.30339 10.7733
1.42967 0.2787 5.07883
1.71607 0.13928 8.83325
1.60262 0.000999517 4.15219
1.5314 0.26816 10.6178
1.69419 0.11511 8.89121
1.55568 0.0871295 8.84955
1.41616 0.0880895 8.99768
1.44704 0.26043 8.52314
1.7088 0.23073 9.69485
1.70644 0.0484095 7.77119
1.67029 0.0358395 10.0365
1.61659 0.0235795 8.39935
1.51899 0.23708 8.31586
1.56744 0.0217295 11.3676
1.51659 0.19494 9.18841
1.51643 0.0457195 8.71361
1.46354 0.0448395 9.95852
1.48341 0.298 6.45945
1.45595 0.28417 6.09788
1.63924 0.21177 5.96389
1.57118 0.21136 8.74369
1.53512 0.24173 7.56017
1.4694 0.29924 7.94383
1.61492 0.00138952 9.1019
1.64596 0.0493195 12.1226
1.63103 0.24057 6.75887
1.51553 0.22513 7.33992
1.55047 0.00428952 10.9008
1.70478 0.27955 7.31005
1.69234 0.0671995 7.14489
1.6825 0.0139795 7.43299
1.53596 0.0661695 10.0546
1.54559 0.29225 10.9732
1.59966 0.27076 6.47619
1.61847 0.11824 10.3964
1.54056 0.23984 7.06787
1.55707 0.0553395 6.21412
1.66458 0.0486795 8.20655
1.4575 0.24882 10.8834
1.57983 0.23732 10.585
1.59871 0.14504 8.07966
1.67949 0.30046 10.3606
1.62926 0.13419 9.47981
1.48802 0.20279 5.35132
1.48748 0.27909 7.56053
1.60322 0.20523 10.447
1.63333 0.27874 10.9803
1.61587 0.18936 12.9123
1.48439 0.00639952 6.17794
1.51671 0.17165 6.16579
1.52873 0.10829 9.53313
1.65326 0.10631 11.0542
1.72433 0.2674 9.38025
1.62866 0.31054 6.27231
1.7104 0.11269 7.52942
