1.66546 0.0638314 4.15219
1.49269 0.0601514 8.86225
1.724 0.0457914 8.93996
1.61852 0.149961 8.84955
1.47899 0.150921 8.99768
1.45083 0.205971 6.32942
1.67943 0.0864114 8.39935
1.43284 0.108421 6.86863
1.58183 0.299911 8.31586
1.63028 0.0845614 11.3676
1.57943 0.257771 9.18841
1.57927 0.108551 8.71361
1.45548 0.278821 5.86161
1.52638 0.107671 9.95852
1.70208 0.274601 5.96389
1.53155 0.0588714 9.08927
1.6093 0.0403614 11.1349
1.63402 0.274191 8.74369
1.59796 0.304561 7.56017
1.44866 0.124211 7.83351
1.4427 0.233411 6.12838
1.67776 0.0642214 9.1019
1.7088 0.112151 12.1226
1.69387 0.303401 6.75887
1.43755 0.0255214 9.59547
1.57837 0.287961 7.33992
1.60266 0.0371614 10.0157
1.61331 0.0671214 10.9008
1.6454 0.0206914 9.83148
1.52826 0.0393514 11.129
1.5988 0.129001 10.0546
1.47726 0.00439137 6.08858
1.58121 0.0204614 7.61737
1.68131 0.181071 10.3964
1.6034 0.302671 7.06787
1.61991 0.118171 6.21412
1.72742 0.111511 8.20655
1.52033 0.311651 10.8834
1.45917 0.0718614 12.6067
1.64267 0.300151 10.585
1.66155 0.207871 8.07966
1.6921 0.197021 9.47981
1.55085 0.265621 5.35132
1.66606 0.268061 10.447
1.42166 0.0962614 7.34703
1.67871 0.252191 12.9123
1.44704 0.242531 5.50068
1.49782 0.0461414 6.68004
1.54722 0.0692314 6.17794
1.45237 0.233191 6.63633
1.57955 0.234481 6.16579
1.59157 0.171121 9.53313
1.7161 0.169141 11.0542
1.45047 0.253361 9.10281
