1.65774 0.0853672 9.42983
1.48821 0.171557 10.1985
1.66744 0.0282972 7.42089
1.69001 0.299637 8.81649
1.66946 0.134197 7.37324
1.70221 0.183507 14.0718
1.61657 0.238457 8.13816
1.50737 0.260577 9.79795
1.44663 0.157107 6.81326
1.45738 0.307647 7.94804
1.70125 0.199047 8.9649
1.59068 0.216137 8.37107
1.58038 0.251687 8.42869
1.60484 0.0966572 6.94769
1.71962 0.0226672 9.14889
1.50811 0.0876872 10.5855
1.57528 0.0688372 9.40788
1.49388 0.0606972 7.6935
1.49055 0.205067 9.9086
1.4408 0.299187 10.2304
1.41434 0.0369272 9.99024
1.48821 0.101857 8.92796
1.54834 0.273287 5.35347
1.58014 0.198257 7.07325
1.60623 0.301547 8.88135
1.63849 0.189617 7.57258
1.5905 0.180757 7.9849
1.51121 0.301187 9.19404
1.6687 0.0285972 8.25033
1.44291 0.216657 7.2218
1.56469 0.124337 12.3679
1.70374 0.0388972 9.7349
1.70849 0.253167 7.53375
1.51834 0.260037 9.51503
1.47706 0.0797172 6.92325
1.70283 0.212387 9.82356
1.44913 0.152287 6.26427
