1.64365 0.231306 7.18776
1.49313 0.0307564 9.37164
1.71404 0.0957464 9.70339
1.63709 0.0714764 9.44493
1.48985 0.236136 6.57907
1.52344 0.312326 5.39164
1.43573 0.134526 5.41518
1.65218 0.230386 9.33824
1.70721 0.0980064 7.33901
1.6093 0.0374764 7.76683
1.60936 0.138596 9.65105
1.69398 0.307336 8.04004
1.6636 0.0542764 7.36461
1.46964 0.241876 10.8164
1.59249 0.160866 7.87974
1.46012 0.292696 10.0605
1.48132 0.188416 9.38908
1.58353 0.265416 8.8288
1.59931 0.154516 7.88671
1.59249 0.308666 9.83798
1.4541 0.314026 11.9089
1.60666 0.261776 4.65153
1.54492 0.0846264 11.2008
1.56008 0.279256 10.6401
1.49735 0.0590964 10.3085
1.4268 0.250856 7.48278
1.59827 0.154546 8.5693
1.72 0.0438864 6.78061
1.60213 0.161346 5.27358
1.63531 0.276246 11.3125
1.72652 0.0931564 9.18662
1.57886 0.0654064 10.926
1.47317 0.224526 9.88451
1.65069 0.0375564 6.57205
1.65499 0.119226 8.01684
1.71585 0.246486 10.1045
1.70958 0.262516 10.4344
1.4544 0.188216 10.8479
1.66064 0.116416 11.0462
1.66493 0.170176 4.13992
1.67068 0.193486 7.31184
1.49846 0.195986 9.96904
1.64491 0.296366 6.68269
1.45691 0.168696 6.67278
1.4166 0.306706 10.2291
1.46823 0.0873764 9.37908
1.56995 0.159296 10.9693
1.61347 0.204606 12.2061
1.62247 0.113046 9.28645
1.61131 0.0599964 12.0975
1.47107 0.0908064 9.39051
1.44929 0.0819064 3.84092
1.62887 0.166546 10.4939
