1.72279 0.187256 8.13136
1.5959 0.157466 8.69853
1.65774 0.273126 9.42983
1.66744 0.216056 7.42089
1.66694 0.161986 7.92899
1.6385 0.0885965 9.39184
1.58972 0.0272765 6.00485
1.6621 0.0924665 9.35374
1.55851 0.151706 10.1846
1.54911 0.0454065 10.6279
1.67093 0.137876 11.9338
1.57453 0.00681649 5.92509
1.54589 0.134776 11.9504
1.62275 0.00370649 9.6978
1.48206 0.0137265 6.98397
1.5914 0.0934365 12.7744
1.60814 0.00161649 9.42632
1.5637 0.0270365 9.52918
1.60484 0.284416 6.94769
1.71962 0.210426 9.14889
1.50811 0.275446 10.5855
1.63971 0.159836 8.95233
1.57008 0.0624465 4.57745
1.57528 0.256596 9.40788
1.49388 0.248456 7.6935
1.54615 0.0115465 7.50102
1.41434 0.224686 9.99024
1.48821 0.289616 8.92796
1.61102 0.0652965 9.03485
1.5055 0.115546 9.22838
1.54351 0.0780265 6.2887
1.54082 0.0372565 10.3397
1.72081 0.177596 7.56544
1.58178 0.0901665 9.15752
1.52931 0.178366 8.99324
1.69407 0.166216 9.73365
1.6687 0.216356 8.25033
1.68159 0.148776 5.02904
1.56469 0.312096 12.3679
1.69851 0.0588265 7.92413
1.70374 0.226656 9.7349
1.64726 0.0428765 8.68781
1.60954 0.104066 8.16371
1.47706 0.267476 6.92325
1.51276 0.134746 8.43044
1.517 0.0311565 9.07249
1.50513 0.0754465 9.93495
1.52908 0.147686 8.03211
1.60398 0.170766 6.16866
