1.57094 0.0619464 6.19461
1.49313 0.157156 9.37164
1.71404 0.222146 9.70339
1.69814 0.0657864 9.54773
1.63709 0.197876 9.44493
1.68153 0.0992064 9.10726
1.43573 0.260926 5.41518
1.70721 0.224406 7.33901
1.6093 0.163876 7.76683
1.60936 0.264996 9.65105
1.6636 0.180676 7.36461
1.59249 0.287266 7.87974
1.59931 0.280916 7.88671
1.54492 0.211026 11.2008
1.49735 0.185496 10.3085
1.50934 0.0165764 9.26338
1.59827 0.280946 8.5693
1.72 0.170286 6.78061
1.60213 0.287746 5.27358
1.72652 0.219556 9.18662
1.57886 0.191806 10.926
1.65069 0.163956 6.57205
1.65499 0.245626 8.01684
1.61611 0.0274164 8.42056
1.58078 0.0195764 10.5699
1.66064 0.242816 11.0462
1.63942 0.0385664 7.49122
1.66493 0.296576 4.13992
1.45691 0.295096 6.67278
1.46491 0.0187764 9.34095
1.46823 0.213776 9.37908
1.56995 0.285696 10.9693
1.54596 0.0413964 6.53437
1.62247 0.239446 9.28645
1.61131 0.186396 12.0975
1.47107 0.217206 9.39051
1.44929 0.208306 3.84092
1.5433 0.113456 8.74354
1.62887 0.292946 10.4939
