1.50334 0.0887221 8.37516
1.58801 0.227362 10.1369
1.70412 0.211852 9.96675
1.54559 0.140662 9.80098
1.5612 0.105132 7.66217
1.42937 0.0987021 11.3447
1.44531 0.163482 8.50576
1.58088 0.261292 8.01622
1.55293 0.0933821 7.39753
1.51458 0.150472 7.1591
1.60517 0.233182 8.31697
1.51571 0.0795121 8.10658
1.4447 0.116542 6.5804
1.62435 0.200462 9.96321
1.67724 0.269632 6.8438
1.72531 0.299412 10.4809
1.42057 0.148892 8.46218
1.61309 0.123342 10.4059
1.71862 0.113502 8.08206
1.46546 0.290302 8.92775
1.47661 0.123192 8.77708
1.64662 0.00783214 11.6119
1.61478 0.109542 10.3578
1.57511 0.313942 7.72788
1.68478 0.0364921 8.01005
1.59845 0.114292 8.65119
1.70186 0.0168321 7.89155
1.48435 0.00495214 8.37628
1.68854 0.0182821 11.4016
1.72018 0.124662 6.9326
1.61868 0.0435221 6.79222
1.41474 0.289552 9.32196
1.60411 0.298522 9.21138
1.42038 0.0687621 6.05026
1.54416 0.225812 10.292
1.50201 0.170932 10.8239
1.52306 0.300332 6.02306
1.60012 0.274462 12.1938
1.43961 0.0526421 9.84142
1.66722 0.267272 9.6112
1.51307 0.166672 7.59257
1.68695 0.240332 6.09565
1.48026 0.182512 9.49395
1.72325 0.104842 8.72271
1.5462 0.0322821 9.43116
1.6062 0.208612 6.01365
1.69282 0.170212 7.62991
1.52623 0.114002 8.88375
1.56602 0.113442 11.3858
1.46341 0.255992 6.26307
1.47417 0.267612 10.8593
