1.55091 0.228001 6.86862
1.4147 0.00657144 6.08845
1.5641 0.194591 8.13111
1.6151 0.226841 10.9825
1.49392 0.205391 12.0433
1.59909 0.0615714 7.48317
1.50302 0.307231 10.6259
1.47092 0.0535814 7.56495
1.54058 0.145361 4.83342
1.55603 0.0634714 6.19134
1.47864 0.0587914 6.40262
1.52447 0.0400814 7.01074
1.58811 0.160111 9.37649
1.57987 0.0536914 4.73505
1.58916 0.194431 9.01191
1.48512 0.0794014 5.86146
1.44005 0.257581 10.248
1.62132 0.257761 6.3685
1.51505 0.207791 9.20542
1.47634 0.0120414 7.24413
1.55914 0.196711 9.14497
1.45069 0.227201 7.25093
1.69068 0.0333614 6.98397
1.47732 0.0410214 6.53623
1.61007 0.0118514 10.1498
1.71673 0.295081 10.5855
1.42109 0.185261 7.05007
1.52769 0.187851 6.67757
1.7025 0.268091 7.6935
1.62296 0.244321 9.99024
1.55721 0.106701 12.5537
1.45169 0.251841 10.6196
1.69683 0.309251 8.92796
1.71412 0.135181 9.22838
1.53657 0.246411 6.37333
1.43457 0.111731 2.59703
1.4675 0.281721 6.44337
1.53374 0.257841 7.59023
1.71618 0.00581144 11.6866
1.57614 0.139541 6.83018
1.61846 0.0490214 7.16749
1.51834 0.0941214 8.34197
1.68568 0.287111 6.92325
1.5328 0.213341 10.9833
1.72138 0.154381 8.43044
1.72562 0.0507914 9.07249
1.50029 0.148081 10.957
1.62214 0.282081 9.55998
1.71375 0.0950814 9.93495
