1.55827 0.22432 6.86862
1.42206 0.00288989 6.08845
1.57146 0.19091 8.13111
1.62246 0.22316 10.9825
1.50128 0.20171 12.0433
1.60645 0.0578899 7.48317
1.51038 0.30355 10.6259
1.47828 0.0498999 7.56495
1.54794 0.14168 4.83342
1.56339 0.0597899 6.19134
1.486 0.0551099 6.40262
1.53183 0.0363999 7.01074
1.59547 0.15643 9.37649
1.58723 0.0500099 4.73505
1.59652 0.19075 9.01191
1.49248 0.0757199 5.86146
1.44741 0.2539 10.248
1.62868 0.25408 6.3685
1.52241 0.20411 9.20542
1.4837 0.00835989 7.24413
1.5665 0.19303 9.14497
1.45805 0.22352 7.25093
1.69804 0.0296799 6.98397
1.48468 0.0373399 6.53623
1.61743 0.00816989 10.1498
1.72409 0.2914 10.5855
1.42845 0.18158 7.05007
1.53505 0.18417 6.67757
1.70986 0.26441 7.6935
1.63032 0.24064 9.99024
1.56457 0.10302 12.5537
1.45905 0.24816 10.6196
1.70419 0.30557 8.92796
1.72148 0.1315 9.22838
1.54393 0.24273 6.37333
1.44193 0.10805 2.59703
1.47486 0.27804 6.44337
1.5411 0.25416 7.59023
1.72354 0.00212989 11.6866
1.5835 0.13586 6.83018
1.62582 0.0453399 7.16749
1.5257 0.0904399 8.34197
1.69304 0.28343 6.92325
1.54016 0.20966 10.9833
1.50765 0.1444 10.957
1.6295 0.2784 9.55998
1.72111 0.0913999 9.93495
