1.65075 0.0907273 10.1853
1.52546 0.233377 7.48317
1.59276 0.149027 9.83595
1.4824 0.235277 6.19134
1.45084 0.211887 7.01074
1.72471 0.218717 6.00485
1.71865 0.134877 8.80242
1.7248 0.0912473 9.6439
1.50624 0.225497 4.73505
1.51323 0.0873673 6.51004
1.61264 0.0798573 6.16769
1.67452 0.141687 7.40473
1.70445 0.111067 6.64655
1.6841 0.236847 10.6279
1.50649 0.115867 8.39158
1.70952 0.198257 5.92509
1.47808 0.121947 7.71318
1.61705 0.205167 6.98397
1.66566 0.0363073 9.36544
1.48504 0.0127773 5.89698
1.72639 0.284877 12.7744
1.69869 0.218477 9.52918
1.47221 0.155947 10.5628
1.61052 0.0388473 9.60221
1.53644 0.183657 10.1498
1.65946 0.0835573 7.55029
1.70507 0.253887 4.57745
1.68845 0.0299373 10.1096
1.68114 0.202987 7.50102
1.51212 0.0929873 10.1143
1.48358 0.278507 12.5537
1.64049 0.306987 9.22838
1.6785 0.269467 6.2887
1.67581 0.228697 10.3397
1.71677 0.281607 9.15752
1.51168 0.122547 10.3412
1.43105 0.0170873 13.4192
1.58509 0.0191073 9.6493
1.64255 0.177617 11.6866
1.50251 0.311347 6.83018
1.44118 0.0547473 9.58671
1.54483 0.220827 7.16749
1.43223 0.121057 8.75734
1.44471 0.265927 8.34197
1.65199 0.222597 9.07249
1.61348 0.120897 8.42762
1.64012 0.266887 9.93495
1.50901 0.0642773 11.9621
1.55557 0.156707 6.43828
1.56288 0.113257 5.13396
