1.45152 0.233601 6.08845
1.63591 0.288601 7.48317
1.64379 0.0339106 8.05751
1.50774 0.280611 7.56495
1.70321 0.204251 9.83595
1.64684 0.0068206 6.04407
1.41436 0.0749506 9.49836
1.59285 0.290501 6.19134
1.51546 0.285821 6.40262
1.46143 0.204431 10.6224
1.56129 0.267111 7.01074
1.61669 0.280721 4.73505
1.70813 0.0511906 7.43832
1.52194 0.306431 5.86146
1.62368 0.142591 6.51004
1.72309 0.135081 6.16769
1.49737 0.217781 8.72814
1.42564 0.0656806 7.35576
1.61694 0.171091 8.39158
1.51389 0.139841 8.85039
1.53261 0.0372706 6.47321
1.51316 0.239071 7.24413
1.58853 0.177171 7.71318
1.44963 0.135401 6.34262
1.7275 0.260391 6.98397
1.52051 0.214041 10.6118
1.59549 0.0680006 5.89698
1.58266 0.211171 10.5628
1.72097 0.0940706 9.60221
1.51414 0.268051 6.53623
1.64689 0.238881 10.1498
1.45157 0.120441 10.2936
1.48809 0.128081 3.34318
1.62257 0.148211 10.1143
1.68717 0.0169406 9.68054
1.44453 0.0920706 7.59352
1.60996 0.0129006 8.46808
1.43161 0.122261 7.65242
1.62213 0.177771 10.3412
1.5415 0.0723106 13.4192
1.51523 0.0417406 5.29349
1.69554 0.0743306 9.6493
1.55282 0.0475906 9.37185
1.55163 0.109971 9.58671
1.65528 0.276051 7.16749
1.54268 0.176281 8.75734
1.72393 0.176121 8.42762
1.61946 0.119501 11.9621
1.66602 0.211931 6.43828
1.67333 0.168481 5.13396
