1.60369 0.110882 6.08845
1.42414 0.299982 7.34627
1.68291 0.309702 12.0433
1.43004 0.297522 7.9443
1.65991 0.157892 7.56495
1.58344 0.312302 8.89745
1.66763 0.163102 6.40262
1.6136 0.0817121 10.6224
1.71346 0.144392 7.01074
1.67411 0.183712 5.86146
1.42097 0.299412 10.4809
1.59354 0.272672 6.12329
1.64954 0.0950621 8.72814
1.47943 0.135512 10.6318
1.70404 0.312102 9.20542
1.46899 0.128942 6.0343
1.66606 0.0171221 8.85039
1.66533 0.116352 7.24413
1.41428 0.113502 8.08206
1.6018 0.0126821 6.34262
1.67268 0.0913221 10.6118
1.66631 0.145332 6.53623
1.52961 0.141462 6.42993
1.61008 0.289572 7.05007
1.71668 0.292162 6.67757
1.64026 0.00536214 3.34318
1.41584 0.124662 6.9326
1.43057 0.288482 8.9252
1.46063 0.242642 8.02927
1.56862 0.236032 5.35547
1.51471 0.272412 8.96659
1.51364 0.106052 7.64219
1.62356 0.216042 2.59703
1.41891 0.104842 8.72271
1.46097 0.0825321 6.53478
1.69485 0.0535621 8.75734
1.70733 0.198432 8.34197
1.45437 0.118682 6.89079
1.68928 0.252392 10.957
1.54645 0.0426121 8.85798
