1.72279 0.244934 8.13136
1.5959 0.215144 8.69853
1.45777 0.0152642 9.83595
1.66744 0.273734 7.42089
1.66694 0.219664 7.92899
1.6385 0.146274 9.39184
1.58972 0.0849542 6.00485
1.58366 0.00111417 8.80242
1.6621 0.150144 9.35374
1.53953 0.00792417 7.40473
1.55851 0.209384 10.1846
1.54911 0.103084 10.6279
1.67093 0.195554 11.9338
1.57453 0.0644942 5.92509
1.54589 0.192454 11.9504
1.62275 0.0613842 9.6978
1.48206 0.0714042 6.98397
1.5914 0.151114 12.7744
1.60814 0.0592942 9.42632
1.64311 0.0468042 7.91843
1.5637 0.0847142 9.52918
1.71962 0.268104 9.14889
1.63971 0.217514 8.95233
1.57008 0.120124 4.57745
1.49388 0.306134 7.6935
1.54615 0.0692242 7.50102
1.41434 0.282364 9.99024
1.61102 0.122974 9.03485
1.5055 0.173224 9.22838
1.54351 0.135704 6.2887
1.54082 0.0949342 10.3397
1.72081 0.235274 7.56544
1.58178 0.147844 9.15752
1.52931 0.236044 8.99324
1.69407 0.223894 9.73365
1.6687 0.274034 8.25033
1.50756 0.0438542 11.6866
1.68159 0.206454 5.02904
1.69851 0.116504 7.92413
1.70374 0.284334 9.7349
1.64726 0.100554 8.68781
1.60954 0.161744 8.16371
1.51276 0.192424 8.43044
1.517 0.0888342 9.07249
1.50513 0.133124 9.93495
1.52908 0.205364 8.03211
1.42058 0.0229442 6.43828
1.60398 0.228444 6.16866
