1.48955 0.258681 6.86862
1.50274 0.225271 8.13111
1.55374 0.257521 10.9825
1.43256 0.236071 12.0433
1.53773 0.0922511 7.48317
1.60503 0.00790106 9.83595
1.47922 0.176041 4.83342
1.49467 0.0941511 6.19134
1.41728 0.0894711 6.40262
1.46311 0.0707611 7.01074
1.52675 0.190791 9.37649
1.51851 0.0843711 4.73505
1.5278 0.225111 9.01191
1.42376 0.110081 5.86146
1.68679 0.000561061 7.40473
1.70577 0.202021 10.1846
1.55996 0.288441 6.3685
1.69637 0.0957211 10.6279
1.45369 0.238471 9.20542
1.72179 0.0571311 5.92509
1.41498 0.0427211 7.24413
1.49778 0.227391 9.14497
1.69315 0.185091 11.9504
1.62932 0.0640411 6.98397
1.42233 0.0176911 10.6118
1.71096 0.0773511 9.52918
1.48448 0.0148211 10.5628
1.41596 0.0717011 6.53623
1.54871 0.0425311 10.1498
1.71734 0.112761 4.57745
1.72254 0.306911 9.40788
1.46633 0.218531 6.67757
1.64114 0.298771 7.6935
1.69341 0.0618611 7.50102
1.5616 0.275001 9.99024
1.49585 0.137381 12.5537
1.65276 0.165861 9.22838
1.69077 0.128341 6.2887
1.68808 0.0875711 10.3397
1.47521 0.277091 6.37333
1.67657 0.228681 8.99324
1.47238 0.288521 7.59023
1.65482 0.0364911 11.6866
1.51478 0.170221 6.83018
1.5571 0.0797011 7.16749
1.45698 0.124801 8.34197
1.47144 0.244021 10.9833
1.66002 0.185061 8.43044
1.66426 0.0814711 9.07249
1.43893 0.178761 10.957
1.56078 0.312761 9.55998
1.65239 0.125761 9.93495
1.67634 0.198001 8.03211
1.56784 0.0155811 6.43828
