1.58463 0.0770614 7.21136
1.55141 0.0659614 8.27018
1.56212 0.160631 5.18956
1.6195 0.212241 9.63044
1.69682 0.148931 12.5412
1.58604 0.0667414 4.93978
1.56158 0.0445114 5.76332
1.4369 0.138871 10.3407
1.64957 0.259631 7.73981
1.6146 0.0901814 9.01314
1.49221 0.0347114 10.6604
1.57905 0.118471 9.69773
1.4404 0.255821 12.5877
1.44973 0.0495314 9.14188
1.44257 0.238111 8.73111
1.51606 0.0186314 8.46639
1.53371 0.0915814 8.76033
1.71289 0.105871 11.7962
1.56495 0.114011 6.28263
1.42415 0.140461 6.80289
1.7213 0.107971 6.37953
1.52279 0.260941 7.16549
1.72461 0.159661 7.9826
1.66135 0.104901 7.87684
1.67631 0.285691 9.01126
1.4484 0.216371 8.44774
1.57784 0.238731 8.13112
1.66482 0.302171 9.15035
1.72348 0.149531 8.39931
1.59174 0.0389814 9.29426
1.55186 0.217081 8.55428
1.70476 0.264821 8.09062
1.69875 0.0799214 8.88217
1.52947 0.0552714 9.75953
1.626 0.307751 6.08858
1.43168 0.302671 8.08046
1.44212 0.00165141 10.4186
1.65027 0.0295414 7.24223
1.4219 0.230301 9.98738
1.64513 0.101951 7.66866
1.56417 0.214031 7.27102
1.57474 0.0728814 6.74294
1.44045 0.188881 10.0118
1.42878 0.313641 8.04949
1.491 0.305701 9.95921
1.72165 0.228181 5.1787
1.56505 0.246861 6.46419
1.67673 0.256521 9.66441
1.72569 0.129111 9.40187
1.42542 0.168171 11.9383
1.53681 0.0328214 10.0623
