1.60982 0.198549 6.86862
1.62301 0.165139 8.13111
1.67401 0.197389 10.9825
1.55283 0.175939 12.0433
1.658 0.032119 7.48317
1.56193 0.277779 10.6259
1.52983 0.024129 7.56495
1.45336 0.178539 8.89745
1.59949 0.115909 4.83342
1.61494 0.034019 6.19134
1.53755 0.029339 6.40262
1.58338 0.010629 7.01074
1.64702 0.130659 9.37649
1.53174 0.304929 6.92432
1.63878 0.024239 4.73505
1.53137 0.312049 10.6023
1.64807 0.164979 9.01191
1.54403 0.049949 5.86146
1.46346 0.138909 6.12329
1.49896 0.228129 10.248
1.68023 0.228309 6.3685
1.57396 0.178339 9.20542
1.66429 0.291849 5.66403
1.61805 0.167259 9.14497
1.5096 0.197749 7.25093
1.53623 0.011569 6.53623
1.48 0.155809 7.05007
1.5866 0.158399 6.67757
1.43854 0.102269 5.35547
1.65735 0.307709 9.94656
1.68187 0.214869 9.99024
1.61612 0.077249 12.5537
1.5106 0.222389 10.6196
1.59548 0.216959 6.37333
1.49348 0.082279 2.59703
1.52641 0.252269 6.44337
1.59265 0.228389 7.59023
1.63505 0.110089 6.83018
1.67737 0.019569 7.16749
1.57725 0.064669 8.34197
1.59171 0.183889 10.9833
1.5592 0.118629 10.957
1.68105 0.252629 9.55998
1.43525 0.207789 9.26881
