1.65306 0.0887221 8.37516
1.52298 0.0831221 8.00668
1.5057 0.164212 8.53792
1.52429 0.209422 12.258
1.69531 0.140662 9.80098
1.71091 0.105132 7.66217
1.57909 0.0987021 11.3447
1.59503 0.163482 8.50576
1.4473 0.277702 5.91544
1.52196 0.0452621 4.44041
1.49436 0.0732221 6.35577
1.70264 0.0933821 7.39753
1.6643 0.150472 7.1591
1.66543 0.0795121 8.10658
1.59442 0.116542 6.5804
1.48817 0.250662 9.69625
1.51279 0.0638321 9.79893
1.55678 0.0320121 9.72888
1.57029 0.148892 8.46218
1.42167 0.219902 9.109
1.47798 0.0488021 7.77202
1.61517 0.290302 8.92775
1.62633 0.123192 8.77708
1.49344 0.0607121 8.49857
1.72482 0.313942 7.72788
1.56102 0.101372 6.30768
1.55447 0.271372 11.0207
1.63407 0.00495214 8.37628
1.55918 0.191592 9.36411
1.43704 0.00304214 7.62395
1.46177 0.0278821 7.53214
1.56446 0.289552 9.32196
1.53005 0.190262 4.37022
1.53062 0.250652 5.50157
1.42648 0.252882 8.19783
1.57009 0.0687621 6.05026
1.69388 0.225812 10.292
1.65173 0.170932 10.8239
1.42001 0.0238921 4.54847
1.67277 0.300332 6.02306
1.58933 0.0526421 9.84142
1.66278 0.166672 7.59257
1.62998 0.182512 9.49395
1.50059 0.292732 8.51622
1.69591 0.0322821 9.43116
1.51599 0.152602 7.21765
1.54791 0.0895821 4.86179
1.67595 0.114002 8.88375
1.45894 0.209212 5.47545
1.71573 0.113442 11.3858
1.61313 0.255992 6.26307
1.62389 0.267612 10.8593
