1.5489 0.292509 6.53953
1.6159 0.156279 7.32341
1.5338 0.00935887 6.45865
1.61758 0.144269 7.17194
1.67006 0.0222889 10.3407
1.44555 0.0592089 10.3827
1.67356 0.139239 12.5877
1.67574 0.121529 8.73111
1.4717 0.284939 8.81692
1.65731 0.0238789 6.80289
1.61024 0.0362989 7.0433
1.51336 0.0814689 11.0715
1.63252 0.0482489 6.78599
1.68156 0.0997889 8.44774
1.46693 0.129529 3.82463
1.59112 0.105679 11.8953
1.57549 0.259029 8.34567
1.66484 0.186089 8.08046
1.6526 0.214869 5.77223
1.65507 0.113719 9.98738
1.62888 0.256499 7.09459
1.4547 0.313789 6.9164
1.43316 0.289669 6.5519
1.48668 0.263199 9.81325
1.67361 0.0722989 10.0118
1.43025 0.201629 7.67328
1.62224 0.221259 8.02934
1.54277 0.259799 11.414
1.66195 0.197059 8.04949
1.72416 0.189119 9.95921
1.59466 0.176109 8.86796
1.46045 0.162369 11.6204
1.5819 0.0900889 11.6245
1.69068 0.202599 3.61214
1.48195 0.215069 9.27702
1.47956 0.0512889 8.56464
1.49155 0.0338789 8.59993
1.56368 0.103719 9.51136
1.65859 0.0515889 11.9383
1.54775 0.158999 9.62859
