1.57094 0.065628 6.19461
1.49313 0.160838 9.37164
1.71404 0.225828 9.70339
1.69814 0.069468 9.54773
1.63709 0.201558 9.44493
1.68153 0.102888 9.10726
1.43573 0.264608 5.41518
1.63965 0.00266798 7.54688
1.70721 0.228088 7.33901
1.6093 0.167558 7.76683
1.60936 0.268678 9.65105
1.6636 0.184358 7.36461
1.59249 0.290948 7.87974
1.59931 0.284598 7.88671
1.54492 0.214708 11.2008
1.49735 0.189178 10.3085
1.50934 0.020258 9.26338
1.59827 0.284628 8.5693
1.72 0.173968 6.78061
1.60213 0.291428 5.27358
1.72652 0.223238 9.18662
1.57886 0.195488 10.926
1.65069 0.167638 6.57205
1.65499 0.249308 8.01684
1.61611 0.031098 8.42056
1.58078 0.023258 10.5699
1.66064 0.246498 11.0462
1.63942 0.042248 7.49122
1.66493 0.300258 4.13992
1.45691 0.298778 6.67278
1.46491 0.022458 9.34095
1.46823 0.217458 9.37908
1.56995 0.289378 10.9693
1.54596 0.045078 6.53437
1.62247 0.243128 9.28645
1.61131 0.190078 12.0975
1.47107 0.220888 9.39051
1.44929 0.211988 3.84092
1.5433 0.117138 8.74354
1.62887 0.296628 10.4939
