1.68247 0.180842 8.05486
1.5439 0.0794021 8.4622
1.66145 0.185162 12.9946
1.56497 0.281882 10.9959
1.61167 0.216612 8.34999
1.6149 0.202092 7.18179
1.64504 0.0901821 9.42662
1.56407 0.149532 8.12468
1.71903 0.0185921 8.58276
1.58006 0.121592 9.85397
1.58589 0.209722 9.34602
1.65476 0.305012 8.37316
1.59909 0.224902 3.44991
1.54799 0.0998321 7.71378
1.66132 0.106952 9.26445
1.63218 0.123992 5.56933
1.59382 0.264842 9.52559
1.63299 0.0295521 8.33872
1.66556 0.279602 8.82533
1.71455 0.178302 7.08542
1.70009 0.0604421 10.6433
1.63978 0.160792 8.57992
1.54944 0.109432 7.11264
1.63986 0.0890821 11.2182
1.65284 0.0360321 8.87567
1.69918 0.145732 7.65382
1.55152 0.0669621 10.374
1.58956 0.0273621 12.61
1.67929 0.223162 5.52954
