1.45359 0.086452 7.34627
1.71236 0.096172 12.0433
1.45949 0.083992 7.9443
1.72146 0.198012 10.6259
1.61289 0.098772 8.89745
1.55465 0.199422 10.1573
1.69127 0.225162 6.92432
1.6909 0.232282 10.6023
1.45042 0.085882 10.4809
1.62299 0.059142 6.12329
1.65849 0.148362 10.248
1.49863 0.133262 9.05278
1.42573 0.249452 11.7962
1.5535 0.130302 7.48382
1.55248 0.148732 7.6065
1.58784 0.297792 7.17228
1.43414 0.251552 6.37953
1.66913 0.117982 7.25093
1.43745 0.303242 7.9826
1.53498 0.125892 9.31824
1.51989 0.245522 9.22614
1.49359 0.247452 6.55013
1.43632 0.293112 8.39931
1.59063 0.304842 11.6453
1.63953 0.076042 7.05007
1.71156 0.242662 2.86335
1.53689 0.275392 5.34713
1.47053 0.282972 11.87
1.46002 0.074952 8.9252
1.49008 0.029112 8.02927
1.59807 0.022502 5.35547
1.4857 0.101392 7.94901
1.67013 0.142622 10.6196
1.54036 0.271772 8.30364
1.54416 0.058882 8.96659
1.62693 0.266472 8.85975
1.64108 0.239782 7.24938
1.49031 0.134472 6.99795
1.65301 0.00251201 2.59703
1.49545 0.278932 8.2391
1.68594 0.172502 6.44337
1.4581 0.214782 6.55971
1.71873 0.038862 10.957
1.59478 0.128022 9.26881
1.43853 0.272692 9.40187
