1.57094 0.0288124 6.19461
1.49313 0.124022 9.37164
1.71404 0.189012 9.70339
1.69814 0.0326524 9.54773
1.63709 0.164742 9.44493
1.68153 0.0660724 9.10726
1.43573 0.227792 5.41518
1.70721 0.191272 7.33901
1.6093 0.130742 7.76683
1.60936 0.231862 9.65105
1.6636 0.147542 7.36461
1.59249 0.254132 7.87974
1.48132 0.281682 9.38908
1.59931 0.247782 7.88671
1.54492 0.177892 11.2008
1.49735 0.152362 10.3085
1.59827 0.247812 8.5693
1.72 0.137152 6.78061
1.60213 0.254612 5.27358
1.72652 0.186422 9.18662
1.57886 0.158672 10.926
1.65069 0.130822 6.57205
1.65499 0.212492 8.01684
1.4544 0.281482 10.8479
1.66064 0.209682 11.0462
1.63942 0.00543244 7.49122
1.66493 0.263442 4.13992
1.67068 0.286752 7.31184
1.49846 0.289252 9.96904
1.45691 0.261962 6.67278
1.46823 0.180642 9.37908
1.56995 0.252562 10.9693
1.54596 0.00826244 6.53437
1.61347 0.297872 12.2061
1.62247 0.206312 9.28645
1.61131 0.153262 12.0975
1.47107 0.184072 9.39051
1.44929 0.175172 3.84092
1.5433 0.0803224 8.74354
1.62887 0.259812 10.4939
