1.68836 0.159279 6.86862
1.70155 0.125869 8.13111
1.63137 0.136669 12.0433
1.64047 0.238509 10.6259
1.71531 0.282819 9.63906
1.5319 0.139269 8.89745
1.67803 0.0766391 4.83342
1.47366 0.239919 10.1573
1.72556 0.0913891 9.37649
1.70902 0.309459 6.07598
1.61028 0.265659 6.92432
1.60991 0.272779 10.6023
1.72661 0.125709 9.01191
1.62257 0.0106791 5.86146
1.542 0.0996391 6.12329
1.5775 0.188859 10.248
1.41764 0.173759 9.05278
1.47251 0.170799 7.48382
1.47149 0.189229 7.6065
1.6525 0.139069 9.20542
1.69659 0.127989 9.14497
1.58814 0.158479 7.25093
1.45399 0.166389 9.31824
1.4389 0.286019 9.22614
1.55854 0.116539 7.05007
1.63057 0.283159 2.86335
1.66514 0.119129 6.67757
1.71947 0.310919 8.34123
1.51708 0.0629991 5.35547
1.69466 0.0379791 12.5537
1.58914 0.183119 10.6196
1.45937 0.312269 8.30364
1.46317 0.0993791 8.96659
1.54594 0.306969 8.85975
1.67402 0.177689 6.37333
1.56009 0.280279 7.24938
1.69188 0.311999 9.80952
1.71257 0.278969 5.94507
1.57202 0.0430091 2.59703
1.60495 0.212999 6.44337
1.67119 0.189119 7.59023
1.71359 0.0708191 6.83018
1.65579 0.0253991 8.34197
1.67025 0.144619 10.9833
1.63774 0.0793591 10.957
1.51379 0.168519 9.26881
