1.72279 0.197074 8.13136
1.5959 0.167284 8.69853
1.65774 0.282944 9.42983
1.66744 0.225874 7.42089
1.66694 0.171804 7.92899
1.6385 0.098414 9.39184
1.58972 0.037094 6.00485
1.6621 0.102284 9.35374
1.55851 0.161524 10.1846
1.54911 0.055224 10.6279
1.67093 0.147694 11.9338
1.57453 0.016634 5.92509
1.54589 0.144594 11.9504
1.62275 0.013524 9.6978
1.48206 0.023544 6.98397
1.5914 0.103254 12.7744
1.60814 0.011434 9.42632
1.5637 0.036854 9.52918
1.60484 0.294234 6.94769
1.71962 0.220244 9.14889
1.50811 0.285264 10.5855
1.63971 0.169654 8.95233
1.57008 0.072264 4.57745
1.57528 0.266414 9.40788
1.49388 0.258274 7.6935
1.54615 0.021364 7.50102
1.41434 0.234504 9.99024
1.48821 0.299434 8.92796
1.61102 0.075114 9.03485
1.5055 0.125364 9.22838
1.54351 0.087844 6.2887
1.54082 0.047074 10.3397
1.72081 0.187414 7.56544
1.58178 0.099984 9.15752
1.52931 0.188184 8.99324
1.69407 0.176034 9.73365
1.6687 0.226174 8.25033
1.68159 0.158594 5.02904
1.69851 0.068644 7.92413
1.70374 0.236474 9.7349
1.64726 0.052694 8.68781
1.60954 0.113884 8.16371
1.47706 0.277294 6.92325
1.51276 0.144564 8.43044
1.517 0.040974 9.07249
1.50513 0.085264 9.93495
1.52908 0.157504 8.03211
1.60398 0.180584 6.16866
