1.72279 0.265796 8.13136
1.5959 0.236006 8.69853
1.45777 0.0361263 9.83595
1.66744 0.294596 7.42089
1.66694 0.240526 7.92899
1.6385 0.167136 9.39184
1.58972 0.105816 6.00485
1.58366 0.0219763 8.80242
1.6621 0.171006 9.35374
1.53953 0.0287863 7.40473
1.55851 0.230246 10.1846
1.54911 0.123946 10.6279
1.67093 0.216416 11.9338
1.57453 0.0853563 5.92509
1.54589 0.213316 11.9504
1.62275 0.0822463 9.6978
1.48206 0.0922663 6.98397
1.5914 0.171976 12.7744
1.60814 0.0801563 9.42632
1.64311 0.0676663 7.91843
1.5637 0.105576 9.52918
1.71962 0.288966 9.14889
1.63971 0.238376 8.95233
1.57008 0.140986 4.57745
1.65118 0.00840631 10.4128
1.54615 0.0900863 7.50102
1.41434 0.303226 9.99024
1.61102 0.143836 9.03485
1.5055 0.194086 9.22838
1.54351 0.156566 6.2887
1.54082 0.115796 10.3397
1.72081 0.256136 7.56544
1.58178 0.168706 9.15752
1.52931 0.256906 8.99324
1.69407 0.244756 9.73365
1.6687 0.294896 8.25033
1.50756 0.0647163 11.6866
1.68159 0.227316 5.02904
1.69851 0.137366 7.92413
1.70374 0.305196 9.7349
1.64726 0.121416 8.68781
1.60954 0.182606 8.16371
1.51276 0.213286 8.43044
1.517 0.109696 9.07249
1.47849 0.00799631 8.42762
1.50513 0.153986 9.93495
1.52908 0.226226 8.03211
1.42058 0.0438063 6.43828
1.60398 0.249306 6.16866
1.42789 0.000356307 5.13396
