1.44711 0.12456 10.0326
1.70555 0.28285 8.90281
1.6463 0.11133 7.83831
1.45968 0.24619 10.873
1.50134 0.17394 8.57833
1.70547 0.26231 8.17431
1.54555 0.17074 8.04085
1.68306 0.0567804 9.97669
1.43689 0.23304 12.4246
1.69986 0.28134 6.57714
1.71957 0.0488104 10.4727
1.66315 0.12901 8.41439
1.62465 0.29995 7.72265
1.46469 0.21246 9.47512
1.59833 0.25763 6.38876
1.51483 0.27491 11.5704
1.43356 0.26738 12.4949
1.46468 0.11563 7.94907
1.51101 0.0619804 9.69777
1.64374 0.24596 5.89735
1.65131 0.27155 10.8744
1.64763 0.12535 9.21655
1.70923 0.0975504 8.22786
1.72733 0.12077 10.1704
1.62735 0.20397 5.2127
1.46312 0.15884 10.9849
1.56819 0.0985604 9.11596
1.55156 0.20148 8.8865
1.67821 0.0538204 10.5989
1.51411 0.0739304 8.8961
1.65773 0.16841 7.74214
1.71229 0.16947 9.22537
1.46758 0.2801 12.2699
1.42313 0.24 8.98904
1.52467 0.0181404 5.10995
1.58034 0.23477 5.61222
1.44819 0.26313 11.5061
1.67628 0.21775 11.3588
1.56137 0.11443 9.34989
1.47686 0.26614 8.26861
1.71537 0.23382 5.26847
