1.57094 0.0668552 6.19461
1.49313 0.162065 9.37164
1.71404 0.227055 9.70339
1.69814 0.0706952 9.54773
1.63709 0.202785 9.44493
1.68153 0.104115 9.10726
1.43573 0.265835 5.41518
1.63965 0.00389516 7.54688
1.70721 0.229315 7.33901
1.6093 0.168785 7.76683
1.60936 0.269905 9.65105
1.6636 0.185585 7.36461
1.59249 0.292175 7.87974
1.59931 0.285825 7.88671
1.54492 0.215935 11.2008
1.49735 0.190405 10.3085
1.50934 0.0214852 9.26338
1.59827 0.285855 8.5693
1.72 0.175195 6.78061
1.60213 0.292655 5.27358
1.72652 0.224465 9.18662
1.57886 0.196715 10.926
1.65069 0.168865 6.57205
1.65499 0.250535 8.01684
1.61611 0.0323252 8.42056
1.58078 0.0244852 10.5699
1.66064 0.247725 11.0462
1.63942 0.0434752 7.49122
1.66493 0.301485 4.13992
1.45691 0.300005 6.67278
1.46491 0.0236852 9.34095
1.46823 0.218685 9.37908
1.56995 0.290605 10.9693
1.54596 0.0463052 6.53437
1.62247 0.244355 9.28645
1.61131 0.191305 12.0975
1.47107 0.222115 9.39051
1.44929 0.213215 3.84092
1.5433 0.118365 8.74354
1.62887 0.297855 10.4939
