1.64365 0.151539 7.18776
1.71404 0.0159794 9.70339
1.48985 0.156369 6.57907
1.52344 0.232559 5.39164
1.43573 0.0547594 5.41518
1.65218 0.150619 9.33824
1.70721 0.0182394 7.33901
1.60936 0.0588294 9.65105
1.69398 0.227569 8.04004
1.46964 0.162109 10.8164
1.59249 0.0810994 7.87974
1.46012 0.212929 10.0605
1.48132 0.108649 9.38908
1.58353 0.185649 8.8288
1.59931 0.0747494 7.88671
1.59249 0.228899 9.83798
1.4541 0.234259 11.9089
1.60666 0.182009 4.65153
1.54492 0.00485941 11.2008
1.56008 0.199489 10.6401
1.4268 0.171089 7.48278
1.59827 0.0747794 8.5693
1.60213 0.0815794 5.27358
1.63531 0.196479 11.3125
1.72652 0.0133894 9.18662
1.47317 0.144759 9.88451
1.65499 0.0394594 8.01684
1.52067 0.254079 9.50062
1.71585 0.166719 10.1045
1.67896 0.303829 5.5814
1.70958 0.182749 10.4344
1.4544 0.108449 10.8479
1.66064 0.0366494 11.0462
1.59362 0.236009 1.79944
1.66493 0.0904094 4.13992
1.67068 0.113719 7.31184
1.49846 0.116219 9.96904
1.64491 0.216599 6.68269
1.45691 0.0889294 6.67278
1.46863 0.239269 7.73531
1.4166 0.226939 10.2291
1.46823 0.00760941 9.37908
1.56995 0.0795294 10.9693
1.59941 0.275719 5.76839
1.49261 0.294139 3.32247
1.64802 0.259619 10.4545
1.56737 0.244349 9.17467
1.61347 0.124839 12.2061
1.62247 0.0332794 9.28645
1.47107 0.0110394 9.39051
1.44929 0.00213941 3.84092
1.47571 0.258039 7.30187
1.62887 0.0867794 10.4939
