1.52391 0.2415 6.86862
1.5371 0.20809 8.13111
1.5881 0.24034 10.9825
1.46692 0.21889 12.0433
1.57209 0.0750705 7.48317
1.44392 0.0670805 7.56495
1.51358 0.15886 4.83342
1.52903 0.0769705 6.19134
1.45164 0.0722905 6.40262
1.49747 0.0535805 7.01074
1.56111 0.17361 9.37649
1.55287 0.0671905 4.73505
1.56216 0.20793 9.01191
1.45812 0.0929005 5.86146
1.43355 0.00425048 8.72814
1.59432 0.27126 6.3685
1.48805 0.22129 9.20542
1.44934 0.0255405 7.24413
1.53214 0.21021 9.14497
1.72751 0.16791 11.9504
1.42369 0.2407 7.25093
1.66368 0.0468605 6.98397
1.45669 0.000510476 10.6118
1.45032 0.0545205 6.53623
1.58307 0.0253505 10.1498
1.68973 0.30858 10.5855
1.50069 0.20135 6.67757
1.6755 0.28159 7.6935
1.72777 0.0446805 7.50102
1.59596 0.25782 9.99024
1.53021 0.1202 12.5537
1.42469 0.26534 10.6196
1.68712 0.14868 9.22838
1.72513 0.11116 6.2887
1.72244 0.0703905 10.3397
1.50957 0.25991 6.37333
1.71093 0.2115 8.99324
1.4405 0.29522 6.44337
1.50674 0.27134 7.59023
1.68918 0.0193105 11.6866
1.54914 0.15304 6.83018
1.59146 0.0625205 7.16749
1.49134 0.10762 8.34197
1.65868 0.30061 6.92325
1.5058 0.22684 10.9833
1.69438 0.16788 8.43044
1.69862 0.0642905 9.07249
1.47329 0.16158 10.957
1.59514 0.29558 9.55998
1.68675 0.10858 9.93495
1.7107 0.18082 8.03211
