1.68655 0.0887444 7.16428
1.46524 0.0682644 10.4156
1.64142 0.0695644 9.4377
1.45641 0.148054 9.98965
1.6377 0.186624 9.49836
1.41617 0.0321144 7.58633
1.46958 0.0154244 7.48718
1.49025 0.0855244 6.10942
1.62464 0.0040244 9.17
1.64898 0.177354 7.35576
1.50709 0.0412544 7.55338
1.58105 0.190464 4.68986
1.56872 0.0267444 8.10023
1.54334 0.110604 11.8419
1.54585 0.0175044 9.74676
1.67297 0.247074 6.34262
1.45162 0.270884 8.01005
1.43589 0.156594 9.2944
1.46284 0.0618644 9.7806
1.46869 0.251224 7.89155
1.57399 0.188254 8.24007
1.45538 0.252674 11.4016
1.67491 0.232114 10.2936
1.6079 0.206424 4.94607
1.71143 0.239754 3.34318
1.71288 0.0489344 5.27215
1.66787 0.203744 7.59352
1.47034 0.0714744 7.51821
1.50191 0.231364 10.8188
1.65495 0.233934 7.65242
1.42909 0.101984 8.53727
1.69397 0.0358644 7.99526
1.58334 0.136134 7.43245
1.63698 0.147274 6.87043
1.55026 0.159104 11.0375
1.554 0.0636244 7.00371
1.49086 0.203574 7.26155
1.61762 0.277004 8.85798
