1.65811 0.0944088 10.1853
1.53282 0.237059 7.48317
1.60012 0.152709 9.83595
1.48976 0.238959 6.19134
1.4582 0.215569 7.01074
1.72601 0.138559 8.80242
1.5136 0.229179 4.73505
1.41885 0.254889 5.86146
1.52059 0.0910488 6.51004
1.62 0.0835388 6.16769
1.68188 0.145369 7.40473
1.71181 0.114749 6.64655
1.69146 0.240529 10.6279
1.51385 0.119549 8.39158
1.71688 0.201939 5.92509
1.48544 0.125629 7.71318
1.62441 0.208849 6.98397
1.41742 0.162499 10.6118
1.67302 0.0399888 9.36544
1.4924 0.0164588 5.89698
1.70605 0.222159 9.52918
1.47957 0.159629 10.5628
1.61788 0.0425288 9.60221
1.5438 0.187339 10.1498
1.66682 0.0872388 7.55029
1.71243 0.257569 4.57745
1.69581 0.0336188 10.1096
1.6885 0.206669 7.50102
1.51948 0.0966688 10.1143
1.49094 0.282189 12.5537
1.64785 0.310669 9.22838
1.68586 0.273149 6.2887
1.68317 0.232379 10.3397
1.72413 0.285289 9.15752
1.51904 0.126229 10.3412
1.43841 0.0207688 13.4192
1.59245 0.0227888 9.6493
1.64991 0.181299 11.6866
1.44854 0.0584288 9.58671
1.55219 0.224509 7.16749
1.43959 0.124739 8.75734
1.45207 0.269609 8.34197
1.65935 0.226279 9.07249
1.62084 0.124579 8.42762
1.64748 0.270569 9.93495
1.51637 0.0679588 11.9621
1.56293 0.160389 6.43828
1.57024 0.116939 5.13396
