1.71709 0.259551 10.0326
1.67939 0.139451 10.769
1.55837 0.135861 6.35558
1.63312 0.225771 12.4847
1.56816 0.121761 9.08387
1.69056 0.0409007 8.93041
1.67198 0.0162807 7.41871
1.6817 0.237581 7.52218
1.62736 0.0984807 5.50001
1.67478 0.223481 8.41301
1.62322 0.163821 7.07294
1.52198 0.0386307 7.18692
1.66524 0.147071 9.56019
1.67083 0.128141 9.36655
1.57083 0.0140307 6.57828
1.63604 0.257951 12.3368
1.69832 0.0888307 11.5721
1.65674 0.0563707 8.0656
1.57484 0.168361 10.1404
1.72081 0.101921 8.96678
1.52732 0.122531 5.80099
1.72461 0.0838907 11.7209
1.52355 0.0173707 12.0625
1.5162 0.123231 9.88572
1.51111 0.221101 10.087
1.5987 0.243001 4.73315
1.63473 0.0905607 7.21255
1.56964 0.105181 10.4478
1.60956 0.0680407 13.8328
1.62526 0.0649507 7.52441
1.59431 0.0774607 8.90965
1.60878 0.119301 9.41877
1.56109 0.210041 5.20822
1.66241 0.259681 9.33733
