1.53558 0.0064912 7.31245
1.44278 0.0548912 5.94039
1.52905 0.100171 10.4156
1.45291 0.252941 5.37733
1.70524 0.101471 9.4377
1.52022 0.179961 9.98965
1.47239 0.106831 11.3613
1.70152 0.218531 9.49836
1.62863 0.0087012 9.95805
1.47998 0.0640212 7.58633
1.5334 0.0473312 7.48718
1.55407 0.117431 6.10942
1.43592 0.242631 8.4583
1.68846 0.0359312 9.17
1.45962 0.207711 12.3485
1.41618 0.223521 8.08011
1.7128 0.209261 7.35576
1.57091 0.0731612 7.55338
1.42445 0.0387912 9.52581
1.64487 0.222371 4.68986
1.63254 0.0586512 8.10023
1.60716 0.142511 11.8419
1.43042 0.114751 11.7225
1.60967 0.0494112 9.74676
1.52684 0.0083712 11.0487
1.41491 0.189451 8.30835
1.47726 0.274131 11.6119
1.46025 0.0022112 12.1529
1.51543 0.302791 8.01005
1.49971 0.188501 9.2944
1.52666 0.0937712 9.7806
1.53251 0.283131 7.89155
1.63781 0.220161 8.24007
1.51919 0.284581 11.4016
1.67172 0.238331 4.94607
1.45966 0.193721 6.53551
1.44933 0.309821 6.79222
1.53416 0.103381 7.51821
1.41558 0.188441 7.5089
1.56573 0.263271 10.8188
1.71877 0.265841 7.65242
1.49291 0.133891 8.53727
1.64716 0.168041 7.43245
1.7008 0.179181 6.87043
1.61408 0.191011 11.0375
1.71286 0.0244112 4.91108
1.61782 0.0955312 7.00371
1.55468 0.235481 7.26155
1.68144 0.308911 8.85798
