1.62477 0.0476332 10.7507
1.61709 0.121323 9.70355
1.52314 0.0534432 9.21391
1.63967 0.103433 4.49879
1.542 0.0334632 9.80259
1.66619 0.252683 4.90543
1.44819 0.0747732 6.90745
1.62189 0.0604532 7.84762
1.64282 0.279173 8.84598
1.69581 0.203633 9.21965
1.48064 0.257953 8.51821
1.6692 0.288423 6.90622
1.71794 0.116853 8.10052
1.66092 0.195083 8.75283
1.57359 0.204133 10.158
1.56974 0.0454832 9.39325
1.47459 0.0912632 7.46348
1.51034 0.117893 6.21301
1.57643 0.108213 9.48503
1.57219 0.0929932 9.27945
1.626 0.127113 8.29129
1.70108 0.293073 9.91262
1.72617 0.274963 8.89808
1.65376 0.198983 5.98188
1.55518 0.278643 8.55271
1.62926 0.240653 9.89814
1.72614 0.0267132 6.68258
1.48508 0.223653 10.6139
1.50059 0.176593 9.8477
1.56015 0.146543 8.25778
1.69468 0.226233 7.46354
1.57733 0.160883 12.9376
1.45178 0.219043 9.25586
1.58765 0.0456332 9.466
1.62503 0.0241932 7.33525
1.58366 0.148793 7.04974
1.71985 0.303553 7.9381
1.64837 0.252403 9.93891
