1.72279 0.255979 8.13136
1.5959 0.226189 8.69853
1.45777 0.0263088 9.83595
1.66744 0.284779 7.42089
1.66694 0.230709 7.92899
1.6385 0.157319 9.39184
1.58972 0.0959988 6.00485
1.58366 0.0121588 8.80242
1.6621 0.161189 9.35374
1.53953 0.0189688 7.40473
1.55851 0.220429 10.1846
1.54911 0.114129 10.6279
1.67093 0.206599 11.9338
1.57453 0.0755388 5.92509
1.54589 0.203499 11.9504
1.62275 0.0724288 9.6978
1.48206 0.0824488 6.98397
1.5914 0.162159 12.7744
1.60814 0.0703388 9.42632
1.64311 0.0578488 7.91843
1.5637 0.0957588 9.52918
1.71962 0.279149 9.14889
1.63971 0.228559 8.95233
1.57008 0.131169 4.57745
1.54615 0.0802688 7.50102
1.41434 0.293409 9.99024
1.61102 0.134019 9.03485
1.5055 0.184269 9.22838
1.54351 0.146749 6.2887
1.54082 0.105979 10.3397
1.72081 0.246319 7.56544
1.58178 0.158889 9.15752
1.52931 0.247089 8.99324
1.69407 0.234939 9.73365
1.6687 0.285079 8.25033
1.50756 0.0548988 11.6866
1.68159 0.217499 5.02904
1.69851 0.127549 7.92413
1.70374 0.295379 9.7349
1.64726 0.111599 8.68781
1.60954 0.172789 8.16371
1.51276 0.203469 8.43044
1.517 0.0998788 9.07249
1.50513 0.144169 9.93495
1.52908 0.216409 8.03211
1.42058 0.0339888 6.43828
1.60398 0.239489 6.16866
