1.63096 0.0133839 7.46459
1.60794 0.185524 5.2493
1.42028 0.307284 12.4222
1.68384 0.282034 12.458
1.45588 0.157654 7.80137
1.5324 0.0331939 8.74819
1.4489 0.273924 7.12786
1.52183 0.250004 7.15422
1.5778 0.238174 10.5645
1.57967 0.244864 11.2394
1.58369 0.0488739 13.2212
1.42172 0.203844 10.2848
1.7201 0.0820939 11.1315
1.66577 0.223564 8.09945
1.46096 0.0150039 8.56252
1.66013 0.135124 12.7998
1.67681 0.247884 9.85298
1.55711 0.203514 4.88651
1.64634 0.220224 9.76161
1.68903 0.115524 8.80065
1.68914 0.0315039 8.41183
1.63651 0.155094 10.6129
1.67315 0.290804 6.80955
1.58751 0.0942839 8.85913
1.45856 0.166004 8.36558
1.42515 0.197564 8.23762
1.45741 0.256954 7.70532
1.51128 0.0979539 5.27226
1.57152 0.0517639 10.1091
1.63974 0.0901939 7.63856
1.55949 0.0752439 9.2042
1.5324 0.134634 9.48219
1.71673 0.167964 6.29525
1.49047 0.147964 5.92395
1.44147 0.0903039 7.89086
1.44684 0.125604 9.31683
1.53701 0.0802139 9.01659
1.71111 0.296854 12.6634
1.53321 0.260294 7.78005
1.62421 0.107424 6.82729
1.44335 0.303244 8.16681
1.59709 0.173904 7.95658
1.45867 0.293084 8.41201
1.64892 0.196764 8.17665
1.42636 0.166144 6.67414
1.6003 0.192054 7.72861
1.48216 0.151074 7.02854
1.68933 0.0998739 5.86578
1.57694 0.235904 7.12577
1.56295 0.0131539 10.7218
1.41941 0.283884 7.01682
1.47796 0.0568739 10.1543
1.61743 0.104484 8.85094
1.49959 0.0775539 10.1321
1.41594 0.0841039 5.26847
