1.64354 0.047609 7.21136
1.6165 0.311749 8.00685
1.44164 0.243409 7.32341
1.61032 0.036509 8.27018
1.62103 0.131179 5.18956
1.67841 0.182789 9.63044
1.44332 0.231399 7.17194
1.64495 0.037289 4.93978
1.62049 0.015059 5.76332
1.4958 0.109419 10.3407
1.70848 0.230179 7.73981
1.67351 0.060729 9.01314
1.55112 0.00525898 10.6604
1.63796 0.089019 9.69773
1.4993 0.226369 12.5877
1.47088 0.065659 6.20019
1.50864 0.020079 9.14188
1.50148 0.208659 8.73111
1.59262 0.062129 8.76033
1.62386 0.084559 6.28263
1.48305 0.111009 6.80289
1.43598 0.123429 7.0433
1.5817 0.231489 7.16549
1.72026 0.075449 7.87684
1.45826 0.135379 6.78599
1.5073 0.186919 8.44774
1.63675 0.209279 8.13112
1.72372 0.272719 9.15035
1.64519 0.299429 9.59547
1.41686 0.192809 11.8953
1.65065 0.00952898 9.29426
1.61077 0.187629 8.55428
1.58837 0.025819 9.75953
1.6849 0.278299 6.08858
1.49058 0.273219 8.08046
1.47834 0.301999 5.77223
1.70917 8.898e-05 7.24223
1.48081 0.200849 9.98738
1.70404 0.072499 7.66866
1.62307 0.184579 7.27102
1.63364 0.043429 6.74294
1.49935 0.159429 10.0118
1.44798 0.308389 8.02934
1.48769 0.284189 8.04949
1.5499 0.276249 9.95921
1.4204 0.263239 8.86796
1.51642 0.289729 3.61214
1.62395 0.217409 6.46419
1.48433 0.138719 11.9383
1.59571 0.00336898 10.0623
