1.65302 0.180842 8.05486
1.51445 0.0794021 8.4622
1.632 0.185162 12.9946
1.7236 0.196632 8.86592
1.53552 0.281882 10.9959
1.70115 0.0262221 7.68539
1.58222 0.216612 8.34999
1.58545 0.202092 7.18179
1.61558 0.0901821 9.42662
1.7072 0.276762 10.1832
1.53462 0.149532 8.12468
1.68958 0.0185921 8.58276
1.5506 0.121592 9.85397
1.55644 0.209722 9.34602
1.62531 0.305012 8.37316
1.56964 0.224902 3.44991
1.51853 0.0998321 7.71378
1.63187 0.106952 9.26445
1.60273 0.123992 5.56933
1.56437 0.264842 9.52559
1.72542 0.142782 9.91415
1.60353 0.0295521 8.33872
1.63611 0.279602 8.82533
1.6851 0.178302 7.08542
1.67063 0.0604421 10.6433
1.61033 0.160792 8.57992
1.51999 0.109432 7.11264
1.6104 0.0890821 11.2182
1.62338 0.0360321 8.87567
1.66973 0.145732 7.65382
1.71748 0.259892 5.90922
1.52207 0.0669621 10.374
1.56011 0.0273621 12.61
1.64984 0.223162 5.52954
