1.44415 0.229919 6.08845
1.62854 0.284919 7.48317
1.63642 0.030229 8.05751
1.50037 0.276929 7.56495
1.69584 0.200569 9.83595
1.63947 0.00313905 6.04407
1.58548 0.286819 6.19134
1.50809 0.282139 6.40262
1.45406 0.200749 10.6224
1.55392 0.263429 7.01074
1.60932 0.277039 4.73505
1.70076 0.047509 7.43832
1.51457 0.302749 5.86146
1.61631 0.138909 6.51004
1.71572 0.131399 6.16769
1.49 0.214099 8.72814
1.41827 0.061999 7.35576
1.60957 0.167409 8.39158
1.50652 0.136159 8.85039
1.52524 0.033589 6.47321
1.50579 0.235389 7.24413
1.58116 0.173489 7.71318
1.44226 0.131719 6.34262
1.72013 0.256709 6.98397
1.51314 0.210359 10.6118
1.58812 0.064319 5.89698
1.57529 0.207489 10.5628
1.7136 0.090389 9.60221
1.50677 0.264369 6.53623
1.63952 0.235199 10.1498
1.4442 0.116759 10.2936
1.48072 0.124399 3.34318
1.6152 0.144529 10.1143
1.6798 0.013259 9.68054
1.43716 0.088389 7.59352
1.60259 0.00921905 8.46808
1.42424 0.118579 7.65242
1.61476 0.174089 10.3412
1.53413 0.068629 13.4192
1.50786 0.038059 5.29349
1.68817 0.070649 9.6493
1.54545 0.043909 9.37185
1.54426 0.106289 9.58671
1.64791 0.272369 7.16749
1.53531 0.172599 8.75734
1.71656 0.172439 8.42762
1.61209 0.115819 11.9621
1.65865 0.208249 6.43828
1.66596 0.164799 5.13396
