1.50498 0.244492 10.1494
1.58448 0.213912 5.25027
1.44625 0.196632 8.86592
1.46812 0.0960021 7.47419
1.71094 0.257542 5.85759
1.45933 0.141402 11.8625
1.42381 0.0262221 7.68539
1.42985 0.276762 10.1832
1.68647 0.189762 7.17606
1.45125 0.243702 7.96303
1.49299 0.105022 7.31622
1.50955 0.0320521 8.50235
1.47992 0.0295721 8.22871
1.69769 0.299712 9.59314
1.65727 0.266672 9.18508
1.51867 0.0916621 4.35333
1.4777 0.288292 7.68192
1.60588 0.273542 9.04583
1.67507 0.0445621 8.44953
1.47924 0.214462 9.98557
1.44808 0.142782 9.91415
1.64886 0.293662 4.94342
1.54566 0.151082 8.99765
1.60942 0.155312 7.66807
1.64379 0.193332 11.9139
1.46663 0.287532 10.1051
1.46385 0.217462 11.5685
1.45516 0.0584821 8.58008
1.64445 0.0978521 7.61263
1.71401 0.287392 7.86821
1.60116 0.0120821 11.683
1.58618 0.274662 7.06029
1.62835 0.140892 10.8821
1.6221 0.300692 5.51205
1.48205 0.290312 9.31114
1.64966 0.0119121 9.63411
1.51868 0.104552 7.68837
1.44013 0.259892 5.90922
1.67098 0.0955121 9.44892
