1.70822 0.00590893 10.7507
1.70054 0.0795989 9.70355
1.60659 0.0117189 9.21391
1.72312 0.0617089 4.49879
1.53164 0.0330489 6.90745
1.60437 0.278239 6.52664
1.70534 0.0187289 7.84762
1.72626 0.237449 8.84598
1.56409 0.216229 8.51821
1.72695 0.311009 11.4785
1.72437 0.278889 6.67077
1.65704 0.162409 10.158
1.65318 0.00375893 9.39325
1.55804 0.0495389 7.46348
1.59379 0.0761689 6.21301
1.65988 0.0664889 9.48503
1.65564 0.0512689 9.27945
1.70945 0.0853889 8.29129
1.63863 0.236919 8.55271
1.71271 0.198929 9.89814
1.56852 0.181929 10.6139
1.58403 0.134869 9.8477
1.6436 0.104819 8.25778
1.66078 0.119159 12.9376
1.53523 0.177319 9.25586
1.6711 0.00390893 9.466
1.66711 0.107069 7.04974
