1.57094 0.287748 6.19461
1.69814 0.291588 9.54773
1.48821 0.0795184 10.1985
1.63965 0.224788 7.54688
1.69001 0.207598 8.81649
1.66946 0.0421584 7.37324
1.70221 0.0914684 14.0718
1.61657 0.146418 8.13816
1.50737 0.168538 9.79795
1.44663 0.0650684 6.81326
1.45738 0.215608 7.94804
1.70125 0.107008 8.9649
1.50934 0.242378 9.26338
1.59068 0.124098 8.37107
1.58038 0.159648 8.42869
1.60484 0.0046184 6.94769
1.61611 0.253218 8.42056
1.49055 0.113028 9.9086
1.58078 0.245378 10.5699
1.4408 0.207148 10.2304
1.48821 0.0098184 8.92796
1.54834 0.181248 5.35347
1.58014 0.106218 7.07325
1.60623 0.209508 8.88135
1.63942 0.264368 7.49122
1.63849 0.0975784 7.57258
1.5905 0.0887184 7.9849
1.51121 0.209148 9.19404
1.46491 0.244578 9.34095
1.44291 0.124618 7.2218
1.54596 0.267198 6.53437
1.56469 0.0322984 12.3679
1.70849 0.161128 7.53375
1.51834 0.167998 9.51503
1.70283 0.120348 9.82356
1.44913 0.0602484 6.26427
