1.47389 0.0887221 8.37516
1.69903 0.299982 7.34627
1.70493 0.297522 7.9443
1.55856 0.227362 10.1369
1.67467 0.211852 9.96675
1.51614 0.140662 9.80098
1.53174 0.105132 7.66217
1.41586 0.163482 8.50576
1.55143 0.261292 8.01622
1.52347 0.0933821 7.39753
1.48513 0.150472 7.1591
1.57572 0.233182 8.31697
1.48626 0.0795121 8.10658
1.41525 0.116542 6.5804
1.5949 0.200462 9.96321
1.64778 0.269632 6.8438
1.69586 0.299412 10.4809
1.58364 0.123342 10.4059
1.68917 0.113502 8.08206
1.436 0.290302 8.92775
1.44716 0.123192 8.77708
1.61716 0.00783214 11.6119
1.58533 0.109542 10.3578
1.54565 0.313942 7.72788
1.65533 0.0364921 8.01005
1.569 0.114292 8.65119
1.67241 0.0168321 7.89155
1.4549 0.00495214 8.37628
1.65909 0.0182821 11.4016
1.69073 0.124662 6.9326
1.70546 0.288482 8.9252
1.58922 0.0435221 6.79222
1.57465 0.298522 9.21138
1.51471 0.225812 10.292
1.47256 0.170932 10.8239
1.4936 0.300332 6.02306
1.57066 0.274462 12.1938
1.63777 0.267272 9.6112
1.48361 0.166672 7.59257
1.6575 0.240332 6.09565
1.45081 0.182512 9.49395
1.6938 0.104842 8.72271
1.51674 0.0322821 9.43116
1.57675 0.208612 6.01365
1.66336 0.170212 7.62991
1.49678 0.114002 8.88375
1.53656 0.113442 11.3858
1.43396 0.255992 6.26307
1.44472 0.267612 10.8593
