1.62394 0.0506698 7.31245
1.55663 0.0138298 6.35737
1.53114 0.0990698 5.94039
1.61741 0.14435 10.4156
1.54127 0.29712 5.37733
1.60858 0.22414 9.98965
1.56074 0.15101 11.3613
1.71699 0.0528798 9.95805
1.56834 0.1082 7.58633
1.62176 0.0915098 7.48718
1.64243 0.16161 6.10942
1.52428 0.28681 8.4583
1.54798 0.25189 12.3485
1.50454 0.2677 8.08011
1.65927 0.11734 7.55338
1.5128 0.0829698 9.52581
1.7209 0.10283 8.10023
1.69552 0.18669 11.8419
1.51878 0.15893 11.7225
1.69803 0.0935898 9.74676
1.61519 0.0525498 11.0487
1.57488 0.0300098 9.65317
1.50327 0.23363 8.30835
1.49668 0.0441798 9.06267
1.57527 0.00914985 7.04585
1.48139 0.00671985 8.60217
1.42436 0.0542298 11.2664
1.5486 0.0463898 12.1529
1.42582 0.0519998 11.3707
1.58806 0.23268 9.2944
1.42256 0.24198 7.95035
1.61501 0.13795 9.7806
1.72617 0.26434 8.24007
1.48774 0.17842 7.93248
1.44823 0.15094 7.5046
1.54802 0.2379 6.53551
1.44629 0.19845 9.41331
1.48851 0.0648498 6.42572
1.49255 0.0820998 9.07474
1.54945 0.00174985 9.39255
1.62252 0.14756 7.51821
1.50393 0.23262 7.5089
1.65409 0.30745 10.8188
1.58127 0.17807 8.53727
1.42296 0.18974 5.94865
1.58968 0.0178698 7.93291
1.5562 0.0383098 9.50448
1.48935 0.14034 9.3563
1.70244 0.23519 11.0375
1.46702 0.19445 10.783
1.70618 0.13971 7.00371
1.64304 0.27966 7.26155
1.62281 0.00727985 8.8904
