1.72279 0.200756 8.13136
1.5959 0.170966 8.69853
1.65774 0.286626 9.42983
1.66744 0.229556 7.42089
1.66694 0.175486 7.92899
1.6385 0.102096 9.39184
1.58972 0.0407755 6.00485
1.6621 0.105966 9.35374
1.55851 0.165206 10.1846
1.54911 0.0589055 10.6279
1.67093 0.151376 11.9338
1.57453 0.0203155 5.92509
1.54589 0.148276 11.9504
1.62275 0.0172055 9.6978
1.48206 0.0272255 6.98397
1.5914 0.106936 12.7744
1.60814 0.0151155 9.42632
1.64311 0.00262552 7.91843
1.5637 0.0405355 9.52918
1.60484 0.297916 6.94769
1.71962 0.223926 9.14889
1.50811 0.288946 10.5855
1.63971 0.173336 8.95233
1.57008 0.0759455 4.57745
1.57528 0.270096 9.40788
1.49388 0.261956 7.6935
1.54615 0.0250455 7.50102
1.41434 0.238186 9.99024
1.48821 0.303116 8.92796
1.61102 0.0787955 9.03485
1.5055 0.129046 9.22838
1.54351 0.0915255 6.2887
1.54082 0.0507555 10.3397
1.72081 0.191096 7.56544
1.58178 0.103666 9.15752
1.52931 0.191866 8.99324
1.69407 0.179716 9.73365
1.6687 0.229856 8.25033
1.68159 0.162276 5.02904
1.69851 0.0723255 7.92413
1.70374 0.240156 9.7349
1.64726 0.0563755 8.68781
1.60954 0.117566 8.16371
1.47706 0.280976 6.92325
1.51276 0.148246 8.43044
1.517 0.0446555 9.07249
1.50513 0.0889455 9.93495
1.52908 0.161186 8.03211
1.60398 0.184266 6.16866
