1.72395 0.110882 6.08845
1.5444 0.299982 7.34627
1.5503 0.297522 7.9443
1.52004 0.211852 9.96675
1.7037 0.312302 8.89745
1.42109 0.233182 8.31697
1.44027 0.200462 9.96321
1.49316 0.269632 6.8438
1.54123 0.299412 10.4809
1.7138 0.272672 6.12329
1.59969 0.135512 10.6318
1.58925 0.128942 6.0343
1.42901 0.123342 10.4059
1.53454 0.113502 8.08206
1.46254 0.00783214 11.6119
1.72206 0.0126821 6.34262
1.4307 0.109542 10.3578
1.50071 0.0364921 8.01005
1.41437 0.114292 8.65119
1.51778 0.0168321 7.89155
1.64987 0.141462 6.42993
1.50446 0.0182821 11.4016
1.5361 0.124662 6.9326
1.55083 0.288482 8.9252
1.58089 0.242642 8.02927
1.68888 0.236032 5.35547
1.4346 0.0435221 6.79222
1.42003 0.298522 9.21138
1.63497 0.272412 8.96659
1.6339 0.106052 7.64219
1.41604 0.274462 12.1938
1.48314 0.267272 9.6112
1.50288 0.240332 6.09565
1.53917 0.104842 8.72271
1.58123 0.0825321 6.53478
1.42212 0.208612 6.01365
1.50874 0.170212 7.62991
1.57463 0.118682 6.89079
1.66671 0.0426121 8.85798
