1.72279 0.241253 8.13136
1.5959 0.211463 8.69853
1.45777 0.0115826 9.83595
1.66744 0.270053 7.42089
1.66694 0.215983 7.92899
1.6385 0.142593 9.39184
1.58972 0.0812726 6.00485
1.6621 0.146463 9.35374
1.53953 0.00424261 7.40473
1.55851 0.205703 10.1846
1.54911 0.0994026 10.6279
1.67093 0.191873 11.9338
1.57453 0.0608126 5.92509
1.54589 0.188773 11.9504
1.62275 0.0577026 9.6978
1.48206 0.0677226 6.98397
1.5914 0.147433 12.7744
1.60814 0.0556126 9.42632
1.64311 0.0431226 7.91843
1.5637 0.0810326 9.52918
1.71962 0.264423 9.14889
1.63971 0.213833 8.95233
1.57008 0.116443 4.57745
1.57528 0.310593 9.40788
1.49388 0.302453 7.6935
1.54615 0.0655426 7.50102
1.41434 0.278683 9.99024
1.61102 0.119293 9.03485
1.5055 0.169543 9.22838
1.54351 0.132023 6.2887
1.54082 0.0912526 10.3397
1.72081 0.231593 7.56544
1.58178 0.144163 9.15752
1.52931 0.232363 8.99324
1.69407 0.220213 9.73365
1.6687 0.270353 8.25033
1.50756 0.0401726 11.6866
1.68159 0.202773 5.02904
1.69851 0.112823 7.92413
1.70374 0.280653 9.7349
1.64726 0.0968726 8.68781
1.60954 0.158063 8.16371
1.51276 0.188743 8.43044
1.517 0.0851526 9.07249
1.50513 0.129443 9.93495
1.52908 0.201683 8.03211
1.42058 0.0192626 6.43828
1.60398 0.224763 6.16866
