1.45152 0.110882 6.08845
1.60092 0.298902 8.13111
1.53074 0.309702 12.0433
1.63591 0.165882 7.48317
1.50774 0.157892 7.56495
1.70321 0.0815321 9.83595
1.43127 0.312302 8.89745
1.5774 0.249672 4.83342
1.59285 0.167782 6.19134
1.51546 0.163102 6.40262
1.46143 0.0817121 10.6224
1.56129 0.144392 7.01074
1.62493 0.264422 9.37649
1.61669 0.158002 4.73505
1.62598 0.298742 9.01191
1.52194 0.183712 5.86146
1.62368 0.0198721 6.51004
1.72309 0.0123621 6.16769
1.44137 0.272672 6.12329
1.49737 0.0950621 8.72814
1.55187 0.312102 9.20542
1.61694 0.0483721 8.39158
1.51389 0.0171221 8.85039
1.51316 0.116352 7.24413
1.59596 0.301022 9.14497
1.58853 0.0544521 7.71318
1.44963 0.0126821 6.34262
1.7275 0.137672 6.98397
1.52051 0.0913221 10.6118
1.58266 0.0884521 10.5628
1.51414 0.145332 6.53623
1.64689 0.116162 10.1498
1.45791 0.289572 7.05007
1.56451 0.292162 6.67757
1.48809 0.00536214 3.34318
1.41645 0.236032 5.35547
1.62257 0.0254921 10.1143
1.59403 0.211012 12.5537
1.62213 0.0550521 10.3412
1.47139 0.216042 2.59703
1.61296 0.243852 6.83018
1.65528 0.153332 7.16749
1.54268 0.0535621 8.75734
1.55516 0.198432 8.34197
1.53711 0.252392 10.957
1.72393 0.0534021 8.42762
1.66602 0.0892121 6.43828
1.67333 0.0457621 5.13396
