1.53642 0.0918119 10.7507
1.52874 0.165502 9.70355
1.43478 0.0976219 9.21391
1.55131 0.147612 4.49879
1.45365 0.0776419 9.80259
1.57784 0.296862 4.90543
1.67052 0.0836019 7.8833
1.49251 0.0106219 12.1024
1.53353 0.104632 7.84762
1.6454 0.300772 8.97658
1.60745 0.247812 9.21965
1.66262 0.239272 10.3889
1.62958 0.161032 8.10052
1.71013 0.0822719 6.13027
1.57256 0.239262 8.75283
1.7231 0.0117619 6.36379
1.48524 0.248312 10.158
1.48138 0.0896619 9.39325
1.42199 0.162072 6.21301
1.48808 0.152392 9.48503
1.48521 0.00826185 10.9435
1.48383 0.137172 9.27945
1.67623 0.284722 10.331
1.53764 0.171292 8.29129
1.64137 0.227502 6.61368
1.69877 0.273022 7.00005
1.64411 0.0523219 9.5182
1.72283 0.0791419 6.32903
1.5654 0.243162 5.98188
1.48062 0.000131853 7.39632
1.5409 0.284832 9.89814
1.63778 0.0708919 6.68258
1.71802 0.133782 8.01433
1.69084 0.0350519 7.22465
1.7023 0.208142 3.15309
1.4718 0.190722 8.25778
1.60632 0.270412 7.46354
1.58329 0.0195219 5.51908
1.48897 0.205062 12.9376
1.69826 0.302102 8.2417
1.4993 0.0898119 9.466
1.53668 0.0683719 7.33525
1.48992 0.0256519 11.7481
1.65041 0.0517819 8.03522
1.49531 0.192972 7.04974
1.56002 0.296582 9.93891
