1.42494 0.213912 5.25027
1.72169 0.164212 8.53792
1.59125 0.00285214 8.6107
1.62266 0.0421221 7.29018
1.5514 0.257542 5.85759
1.66329 0.277702 5.91544
1.71034 0.0732221 6.35577
1.70415 0.250662 9.69625
1.52693 0.189762 7.17606
1.57106 0.00480214 7.2562
1.57951 0.0986121 7.14469
1.63765 0.219902 9.109
1.61373 0.188902 6.96768
1.69396 0.0488021 7.77202
1.53816 0.299712 9.59314
1.70942 0.0607121 8.49857
1.49773 0.266672 9.18508
1.44635 0.273542 9.04583
1.51554 0.0445621 8.44953
1.48933 0.293662 4.94342
1.44989 0.155312 7.66807
1.48426 0.193332 11.9139
1.65302 0.00304214 7.62395
1.56884 0.0139421 5.91364
1.67775 0.0278821 7.53214
1.48492 0.0978521 7.61263
1.64247 0.252882 8.19783
1.63599 0.0238921 4.54847
1.55448 0.287392 7.86821
1.61136 0.211032 7.07662
1.44163 0.0120821 11.683
1.42664 0.274662 7.06029
1.46881 0.140892 10.8821
1.71657 0.292732 8.51622
1.46257 0.300692 5.51205
1.49012 0.0119121 9.63411
1.62364 0.128922 9.28751
1.67493 0.209212 5.47545
1.51145 0.0955121 9.44892
1.60874 0.117052 9.48576
1.57368 0.212492 8.43702
