1.69408 0.0825522 6.35737
1.66858 0.167792 5.94039
1.42631 0.0947122 5.2493
1.63931 0.0584622 9.89792
1.49702 0.233172 10.0795
1.50221 0.191222 12.458
1.69819 0.219732 11.3613
1.55088 0.0881122 8.1405
1.71637 0.0120522 6.94054
1.70578 0.176922 7.58633
1.48414 0.132752 8.09945
1.47851 0.0443122 12.7998
1.49519 0.157072 9.85298
1.63021 0.0185122 5.04181
1.46472 0.129412 9.76161
1.50741 0.0247122 8.80065
1.65025 0.151692 9.52581
1.50299 0.300042 7.60748
1.49975 0.274062 7.75364
1.65622 0.227652 11.7225
1.71233 0.0987322 9.65317
1.64071 0.302352 8.30835
1.63413 0.112902 9.06267
1.45489 0.0642822 10.6129
1.71271 0.0778722 7.04585
1.61883 0.0754422 8.60217
1.56181 0.122952 11.2664
1.68605 0.115112 12.1529
1.63315 0.0610722 10.0811
1.56327 0.120722 11.3707
1.49153 0.199992 6.80955
1.72551 0.301402 9.2944
1.56001 0.310702 7.95035
1.53511 0.0771522 6.29525
1.62519 0.247142 7.93248
1.67584 0.0568422 9.79269
1.58567 0.219662 7.5046
1.68546 0.306622 6.53551
1.58373 0.267172 9.41331
1.62596 0.133572 6.42572
1.63 0.150822 9.07474
1.68689 0.0704722 9.39255
1.52948 0.206042 12.6634
1.44259 0.0166122 6.82729
1.64138 0.301342 7.5089
1.71871 0.246792 8.53727
1.47229 0.310762 6.57324
1.56041 0.258462 5.94865
1.41546 0.0830922 7.95658
1.72712 0.0865922 7.93291
1.69365 0.107032 9.50448
1.46729 0.105952 8.17665
1.41867 0.101242 7.72861
1.5077 0.00906219 5.86578
1.62679 0.209062 9.3563
1.60446 0.263172 10.783
1.43581 0.0136722 8.85094
1.4643 0.253212 6.34104
