1.58613 0.299982 7.34627
1.59203 0.297522 7.9443
1.44566 0.227362 10.1369
1.56177 0.211852 9.96675
1.41884 0.105132 7.66217
1.43853 0.261292 8.01622
1.46282 0.233182 8.31697
1.482 0.200462 9.96321
1.53488 0.269632 6.8438
1.58296 0.299412 10.4809
1.64142 0.135512 10.6318
1.63098 0.128942 6.0343
1.47074 0.123342 10.4059
1.57627 0.113502 8.08206
1.50426 0.00783214 11.6119
1.47243 0.109542 10.3578
1.43275 0.313942 7.72788
1.54243 0.0364921 8.01005
1.4561 0.114292 8.65119
1.55951 0.0168321 7.89155
1.6916 0.141462 6.42993
1.54619 0.0182821 11.4016
1.57783 0.124662 6.9326
1.59256 0.288482 8.9252
1.62262 0.242642 8.02927
1.47632 0.0435221 6.79222
1.46175 0.298522 9.21138
1.6767 0.272412 8.96659
1.67563 0.106052 7.64219
1.45776 0.274462 12.1938
1.52487 0.267272 9.6112
1.5446 0.240332 6.09565
1.5809 0.104842 8.72271
1.62296 0.0825321 6.53478
1.46385 0.208612 6.01365
1.55046 0.170212 7.62991
1.42366 0.113442 11.3858
1.61636 0.118682 6.89079
1.70844 0.0426121 8.85798
