1.5281 0.165057 10.0326
1.7273 0.151827 7.83831
1.54068 0.286687 10.873
1.4904 0.0449575 10.769
1.58234 0.214437 8.57833
1.62655 0.211237 8.04085
1.51789 0.273537 12.4246
1.44414 0.131277 12.4847
1.54568 0.252957 9.47512
1.67932 0.298127 6.38876
1.49271 0.143087 7.52218
1.42529 0.256287 3.57622
1.43837 0.00398747 5.50001
1.71768 0.0133475 7.87222
1.51456 0.307877 12.4949
1.4858 0.128987 8.41301
1.54568 0.156127 7.94907
1.43423 0.0693275 7.07294
1.592 0.102477 9.69777
1.72473 0.286457 5.89735
1.42287 0.307057 12.4948
1.47625 0.0525775 9.56019
1.68815 0.0299975 6.74909
1.48184 0.0336475 9.36655
1.44705 0.163457 12.3368
1.46771 0.289877 6.2232
1.46711 0.229557 8.19064
1.53183 0.00742747 8.96678
1.70835 0.244467 5.2127
1.54412 0.199337 10.9849
1.64918 0.139057 9.11596
1.46778 0.284197 10.2854
1.63255 0.241977 8.8865
1.48821 0.313487 5.82223
1.5951 0.114427 8.8961
1.50412 0.280497 8.98904
1.44624 0.304917 7.99221
1.44781 0.232017 5.42487
1.60566 0.0586375 5.10995
1.66134 0.275267 5.61222
1.4198 0.0248075 9.41877
1.52919 0.303627 11.5061
1.47342 0.165187 9.33733
1.64237 0.154927 9.34989
1.55785 0.306637 8.26861
