1.53742 0.110882 6.08845
1.68682 0.298902 8.13111
1.61664 0.309702 12.0433
1.72181 0.165882 7.48317
1.59364 0.157892 7.56495
1.51717 0.312302 8.89745
1.6633 0.249672 4.83342
1.67875 0.167782 6.19134
1.60136 0.163102 6.40262
1.54733 0.0817121 10.6224
1.64719 0.144392 7.01074
1.71083 0.264422 9.37649
1.70259 0.158002 4.73505
1.71188 0.298742 9.01191
1.60784 0.183712 5.86146
1.70958 0.0198721 6.51004
1.52727 0.272672 6.12329
1.58327 0.0950621 8.72814
1.63777 0.312102 9.20542
1.70284 0.0483721 8.39158
1.59979 0.0171221 8.85039
1.59906 0.116352 7.24413
1.68186 0.301022 9.14497
1.67443 0.0544521 7.71318
1.53553 0.0126821 6.34262
1.60641 0.0913221 10.6118
1.66856 0.0884521 10.5628
1.60004 0.145332 6.53623
1.46334 0.141462 6.42993
1.54381 0.289572 7.05007
1.65041 0.292162 6.67757
1.57399 0.00536214 3.34318
1.50235 0.236032 5.35547
1.70847 0.0254921 10.1143
1.67993 0.211012 12.5537
1.44844 0.272412 8.96659
1.44737 0.106052 7.64219
1.70803 0.0550521 10.3412
1.55729 0.216042 2.59703
1.69886 0.243852 6.83018
1.62858 0.0535621 8.75734
1.64106 0.198432 8.34197
1.62301 0.252392 10.957
1.48018 0.0426121 8.85798
