1.57094 0.174847 6.19461
1.49313 0.270057 9.37164
1.69814 0.178687 9.54773
1.63709 0.310777 9.44493
1.68153 0.212107 9.10726
1.63965 0.111887 7.54688
1.69001 0.0946974 8.81649
1.6093 0.276777 7.76683
1.6636 0.293577 7.36461
1.61657 0.0335174 8.13816
1.50737 0.0556374 9.79795
1.49735 0.298397 10.3085
1.45738 0.102707 7.94804
1.50934 0.129477 9.26338
1.72 0.283187 6.78061
1.59068 0.0111974 8.37107
1.58038 0.0467474 8.42869
1.57886 0.304707 10.926
1.65069 0.276857 6.57205
1.61611 0.140317 8.42056
1.49055 0.000127409 9.9086
1.58078 0.132477 10.5699
1.4408 0.0942474 10.2304
1.54834 0.0683474 5.35347
1.60623 0.0966074 8.88135
1.63942 0.151467 7.49122
1.51121 0.0962474 9.19404
1.46491 0.131677 9.34095
1.44291 0.0117174 7.2218
1.54596 0.154297 6.53437
1.61131 0.299297 12.0975
1.70849 0.0482274 7.53375
1.51834 0.0550974 9.51503
1.5433 0.226357 8.74354
1.70283 0.00744741 9.82356
