1.66276 0.13602 10.1919
1.44714 0.0385798 5.93884
1.41878 0.21388 4.49879
1.51531 0.0636598 4.12123
1.61224 0.13762 5.21027
1.53799 0.14987 7.8833
1.60556 0.30445 7.81723
1.65797 0.19241 8.02336
1.4154 0.000649823 8.35606
1.47492 0.31408 9.21965
1.71656 0.26655 6.7586
1.66491 0.26801 7.54989
1.53008 0.30554 10.3889
1.66701 0.1521 10.0676
1.62821 0.00838982 11.8414
1.49704 0.2273 8.10052
1.57759 0.14854 6.13027
1.65247 0.11381 7.31655
1.66117 0.2311 13.0983
1.44003 0.30553 8.75283
1.59057 0.0780298 6.36379
1.71635 0.31315 11.0329
1.63145 0.17047 7.17227
1.48718 0.0519798 7.65143
1.6533 0.10998 7.71969
1.50883 0.29377 6.61368
1.65605 0.0912998 9.53535
1.51157 0.11859 9.5182
1.59029 0.14541 6.32903
1.43286 0.30943 5.98188
1.50524 0.13716 6.68258
1.58548 0.20005 8.01433
1.5583 0.10132 7.22465
1.60284 0.2727 9.28761
1.56977 0.27441 3.15309
1.71296 0.14977 6.5519
1.6021 0.00965982 11.5361
1.6878 0.0191198 12.6999
1.71005 0.0617298 7.67328
1.67363 0.14285 11.0413
1.45075 0.0857898 5.51908
1.41777 0.0548498 6.03551
1.4761 0.0515198 6.97603
1.50931 0.0302998 12.9282
1.64706 0.14901 10.3814
1.62688 0.17033 5.54356
1.63116 0.23061 6.85474
1.56463 0.0211998 7.5048
1.51787 0.11805 8.03522
