1.72279 0.108717 8.13136
1.5959 0.0789267 8.69853
1.65774 0.194587 9.42983
1.48821 0.280777 10.1985
1.66744 0.137517 7.42089
1.66694 0.0834467 7.92899
1.6385 0.0100567 9.39184
1.66946 0.243417 7.37324
1.6621 0.0139267 9.35374
1.70221 0.292727 14.0718
1.55851 0.0731667 10.1846
1.67093 0.0593367 11.9338
1.54589 0.0562367 11.9504
1.44663 0.266327 6.81326
1.70125 0.308267 8.9649
1.5914 0.0148967 12.7744
1.60484 0.205877 6.94769
1.71962 0.131887 9.14889
1.50811 0.196907 10.5855
1.63971 0.0812967 8.95233
1.57528 0.178057 9.40788
1.49388 0.169917 7.6935
1.41434 0.146147 9.99024
1.48821 0.211077 8.92796
1.58014 0.307477 7.07325
1.5055 0.0370067 9.22838
1.63849 0.298837 7.57258
1.72081 0.0990567 7.56544
1.58178 0.0116267 9.15752
1.52931 0.0998267 8.99324
1.5905 0.289977 7.9849
1.69407 0.0876767 9.73365
1.6687 0.137817 8.25033
1.68159 0.0702367 5.02904
1.56469 0.233557 12.3679
1.70374 0.148117 9.7349
1.60954 0.0255267 8.16371
1.47706 0.188937 6.92325
1.51276 0.0562067 8.43044
1.52908 0.0691467 8.03211
1.44913 0.261507 6.26427
1.60398 0.0922267 6.16866
