1.57094 0.108579 6.19461
1.49313 0.203789 9.37164
1.71404 0.268779 9.70339
1.69814 0.112419 9.54773
1.63709 0.244509 9.44493
1.68153 0.145839 9.10726
1.43573 0.307559 5.41518
1.63965 0.0456194 7.54688
1.69001 0.0284294 8.81649
1.70721 0.271039 7.33901
1.6093 0.210509 7.76683
1.60936 0.311629 9.65105
1.6636 0.227309 7.36461
1.54492 0.257659 11.2008
1.49735 0.232129 10.3085
1.45738 0.0364394 7.94804
1.50934 0.0632094 9.26338
1.72 0.216919 6.78061
1.72652 0.266189 9.18662
1.57886 0.238439 10.926
1.65069 0.210589 6.57205
1.65499 0.292259 8.01684
1.61611 0.0740494 8.42056
1.58078 0.0662094 10.5699
1.4408 0.0279794 10.2304
1.54834 0.00207944 5.35347
1.66064 0.289449 11.0462
1.60623 0.0303394 8.88135
1.63942 0.0851994 7.49122
1.51121 0.0299794 9.19404
1.46491 0.0654094 9.34095
1.46823 0.260409 9.37908
1.54596 0.0880294 6.53437
1.62247 0.286079 9.28645
1.61131 0.233029 12.0975
1.47107 0.263839 9.39051
1.44929 0.254939 3.84092
1.5433 0.160089 8.74354
