1.57094 0.157667 6.19461
1.49313 0.252877 9.37164
1.69814 0.161507 9.54773
1.63709 0.293597 9.44493
1.68153 0.194927 9.10726
1.63965 0.0947068 7.54688
1.69001 0.0775168 8.81649
1.6093 0.259597 7.76683
1.6636 0.276397 7.36461
1.61657 0.0163368 8.13816
1.50737 0.0384568 9.79795
1.54492 0.306747 11.2008
1.49735 0.281217 10.3085
1.45738 0.0855268 7.94804
1.50934 0.112297 9.26338
1.72 0.266007 6.78061
1.58038 0.0295668 8.42869
1.57886 0.287527 10.926
1.65069 0.259677 6.57205
1.61611 0.123137 8.42056
1.58078 0.115297 10.5699
1.4408 0.0770668 10.2304
1.54834 0.0511668 5.35347
1.60623 0.0794268 8.88135
1.63942 0.134287 7.49122
1.51121 0.0790668 9.19404
1.46491 0.114497 9.34095
1.46823 0.309497 9.37908
1.54596 0.137117 6.53437
1.61131 0.282117 12.0975
1.70849 0.0310468 7.53375
1.47107 0.312927 9.39051
1.51834 0.0379168 9.51503
1.44929 0.304027 3.84092
1.5433 0.209177 8.74354
