1.72279 0.109944 8.13136
1.5959 0.0801539 8.69853
1.65774 0.195814 9.42983
1.48821 0.282004 10.1985
1.66744 0.138744 7.42089
1.66694 0.0846739 7.92899
1.6385 0.0112839 9.39184
1.66946 0.244644 7.37324
1.6621 0.0151539 9.35374
1.70221 0.293954 14.0718
1.55851 0.0743939 10.1846
1.67093 0.0605639 11.9338
1.54589 0.0574639 11.9504
1.44663 0.267554 6.81326
1.70125 0.309494 8.9649
1.5914 0.0161239 12.7744
1.60484 0.207104 6.94769
1.71962 0.133114 9.14889
1.50811 0.198134 10.5855
1.63971 0.0825239 8.95233
1.57528 0.179284 9.40788
1.49388 0.171144 7.6935
1.41434 0.147374 9.99024
1.48821 0.212304 8.92796
1.58014 0.308704 7.07325
1.5055 0.0382339 9.22838
1.63849 0.300064 7.57258
1.54351 0.000713859 6.2887
1.72081 0.100284 7.56544
1.58178 0.0128539 9.15752
1.52931 0.101054 8.99324
1.5905 0.291204 7.9849
1.69407 0.0889039 9.73365
1.6687 0.139044 8.25033
1.68159 0.0714639 5.02904
1.56469 0.234784 12.3679
1.70374 0.149344 9.7349
1.60954 0.0267539 8.16371
1.47706 0.190164 6.92325
1.51276 0.0574339 8.43044
1.52908 0.0703739 8.03211
1.44913 0.262734 6.26427
1.60398 0.0934539 6.16866
