1.58925 0.0887221 8.37516
1.45917 0.0831221 8.00668
1.44189 0.164212 8.53792
1.46048 0.209422 12.258
1.67392 0.227362 10.1369
1.6315 0.140662 9.80098
1.6471 0.105132 7.66217
1.51528 0.0987021 11.3447
1.53122 0.163482 8.50576
1.66678 0.261292 8.01622
1.45815 0.0452621 4.44041
1.43054 0.0732221 6.35577
1.63883 0.0933821 7.39753
1.60049 0.150472 7.1591
1.69108 0.233182 8.31697
1.60162 0.0795121 8.10658
1.53061 0.116542 6.5804
1.71025 0.200462 9.96321
1.42435 0.250662 9.69625
1.44898 0.0638321 9.79893
1.49296 0.0320121 9.72888
1.50648 0.148892 8.46218
1.69899 0.123342 10.4059
1.41417 0.0488021 7.77202
1.55136 0.290302 8.92775
1.56251 0.123192 8.77708
1.42963 0.0607121 8.49857
1.70068 0.109542 10.3578
1.66101 0.313942 7.72788
1.68435 0.114292 8.65119
1.49721 0.101372 6.30768
1.49066 0.271372 11.0207
1.57026 0.00495214 8.37628
1.49536 0.191592 9.36411
1.70458 0.0435221 6.79222
1.50064 0.289552 9.32196
1.46623 0.190262 4.37022
1.4668 0.250652 5.50157
1.69001 0.298522 9.21138
1.50628 0.0687621 6.05026
1.63007 0.225812 10.292
1.58791 0.170932 10.8239
1.60896 0.300332 6.02306
1.68602 0.274462 12.1938
1.52551 0.0526421 9.84142
1.59897 0.166672 7.59257
1.56616 0.182512 9.49395
1.43677 0.292732 8.51622
1.6321 0.0322821 9.43116
1.45218 0.152602 7.21765
1.6921 0.208612 6.01365
1.4841 0.0895821 4.86179
1.61213 0.114002 8.88375
1.65192 0.113442 11.3858
1.54932 0.255992 6.26307
1.56007 0.267612 10.8593
