1.47115 0.243418 6.08845
1.65554 0.298418 7.48317
1.66342 0.0437281 8.05751
1.52737 0.290428 7.56495
1.72284 0.214068 9.83595
1.66647 0.0166381 6.04407
1.43399 0.0847681 9.49836
1.61248 0.300318 6.19134
1.53509 0.295638 6.40262
1.48106 0.214248 10.6224
1.56067 0.00664808 6.69315
1.58092 0.276928 7.01074
1.63632 0.290538 4.73505
1.72776 0.0610081 7.43832
1.64331 0.152408 6.51004
1.517 0.227598 8.72814
1.44527 0.0754981 7.35576
1.63657 0.180908 8.39158
1.53352 0.149658 8.85039
1.55224 0.0470881 6.47321
1.53279 0.248888 7.24413
1.68552 0.00482808 8.68026
1.60816 0.186988 7.71318
1.46926 0.145218 6.34262
1.54014 0.223858 10.6118
1.61512 0.0778181 5.89698
1.60229 0.220988 10.5628
1.53377 0.277868 6.53623
1.66652 0.248698 10.1498
1.4712 0.130258 10.2936
1.64437 0.00325808 10.0651
1.50772 0.137898 3.34318
1.6422 0.158028 10.1143
1.7068 0.0267581 9.68054
1.46416 0.101888 7.59352
1.62959 0.0227181 8.46808
1.45124 0.132078 7.65242
1.64176 0.187588 10.3412
1.56113 0.0821281 13.4192
1.53486 0.0515581 5.29349
1.71517 0.0841481 9.6493
1.57245 0.0574081 9.37185
1.43327 0.0454181 6.87043
1.57126 0.119788 9.58671
1.67491 0.285868 7.16749
1.56231 0.186098 8.75734
1.63909 0.129318 11.9621
1.41391 0.175148 8.85798
1.68565 0.221748 6.43828
1.69296 0.178298 5.13396
