1.64365 0.12945 7.18776
1.48985 0.13428 6.57907
1.52344 0.21047 5.39164
1.43573 0.0326701 5.41518
1.65218 0.12853 9.33824
1.60936 0.0367401 9.65105
1.69398 0.20548 8.04004
1.46964 0.14002 10.8164
1.59249 0.0590101 7.87974
1.46012 0.19084 10.0605
1.48132 0.0865601 9.38908
1.58353 0.16356 8.8288
1.59931 0.0526601 7.88671
1.58481 0.3004 9.07765
1.59249 0.20681 9.83798
1.4541 0.21217 11.9089
1.60666 0.15992 4.65153
1.56008 0.1774 10.6401
1.4268 0.149 7.48278
1.59827 0.0526901 8.5693
1.60213 0.0594901 5.27358
1.63531 0.17439 11.3125
1.47317 0.12267 9.88451
1.65499 0.0173701 8.01684
1.52067 0.23199 9.50062
1.71585 0.14463 10.1045
1.67896 0.28174 5.5814
1.70958 0.16066 10.4344
1.47227 0.30709 8.86507
1.4544 0.0863601 10.8479
1.66064 0.0145601 11.0462
1.59362 0.21392 1.79944
1.66493 0.0683201 4.13992
1.67068 0.0916301 7.31184
1.49846 0.0941301 9.96904
1.681 0.30286 6.18782
1.64491 0.19451 6.68269
1.45691 0.0668401 6.67278
1.46863 0.21718 7.73531
1.4166 0.20485 10.2291
1.56995 0.0574401 10.9693
1.59941 0.25363 5.76839
1.49261 0.27205 3.32247
1.64802 0.23753 10.4545
1.56737 0.22226 9.17467
1.61347 0.10275 12.2061
1.62247 0.0111901 9.28645
1.47571 0.23595 7.30187
1.62887 0.0646901 10.4939
