1.57094 0.162576 6.19461
1.49313 0.257786 9.37164
1.69814 0.166416 9.54773
1.63709 0.298506 9.44493
1.68153 0.199836 9.10726
1.63965 0.0996156 7.54688
1.69001 0.0824256 8.81649
1.6093 0.264506 7.76683
1.6636 0.281306 7.36461
1.61657 0.0212456 8.13816
1.50737 0.0433656 9.79795
1.54492 0.311656 11.2008
1.49735 0.286126 10.3085
1.45738 0.0904356 7.94804
1.50934 0.117206 9.26338
1.72 0.270916 6.78061
1.58038 0.0344756 8.42869
1.57886 0.292436 10.926
1.65069 0.264586 6.57205
1.61611 0.128046 8.42056
1.58078 0.120206 10.5699
1.4408 0.0819756 10.2304
1.54834 0.0560756 5.35347
1.60623 0.0843356 8.88135
1.63942 0.139196 7.49122
1.51121 0.0839756 9.19404
1.46491 0.119406 9.34095
1.54596 0.142026 6.53437
1.61131 0.287026 12.0975
1.70849 0.0359556 7.53375
1.51834 0.0428256 9.51503
1.44929 0.308936 3.84092
1.5433 0.214086 8.74354
