1.64365 0.288984 7.18776
1.49313 0.0884341 9.37164
1.71404 0.153424 9.70339
1.63709 0.129154 9.44493
1.68153 0.0304841 9.10726
1.48985 0.293814 6.57907
1.43573 0.192204 5.41518
1.65218 0.288064 9.33824
1.70721 0.155684 7.33901
1.6093 0.0951541 7.76683
1.60936 0.196274 9.65105
1.6636 0.111954 7.36461
1.46964 0.299554 10.8164
1.59249 0.218544 7.87974
1.48132 0.246094 9.38908
1.59931 0.212194 7.88671
1.54492 0.142304 11.2008
1.49735 0.116774 10.3085
1.4268 0.308534 7.48278
1.59827 0.212224 8.5693
1.72 0.101564 6.78061
1.60213 0.219024 5.27358
1.72652 0.150834 9.18662
1.57886 0.123084 10.926
1.47317 0.282204 9.88451
1.65069 0.0952341 6.57205
1.65499 0.176904 8.01684
1.71585 0.304164 10.1045
1.4544 0.245894 10.8479
1.66064 0.174094 11.0462
1.66493 0.227854 4.13992
1.67068 0.251164 7.31184
1.49846 0.253664 9.96904
1.45691 0.226374 6.67278
1.46823 0.145054 9.37908
1.56995 0.216974 10.9693
1.61347 0.262284 12.2061
1.62247 0.170724 9.28645
1.61131 0.117674 12.0975
1.47107 0.148484 9.39051
1.44929 0.139584 3.84092
1.5433 0.0447341 8.74354
1.62887 0.224224 10.4939
