1.54478 0.110882 6.08845
1.69418 0.298902 8.13111
1.624 0.309702 12.0433
1.601 0.157892 7.56495
1.52453 0.312302 8.89745
1.67066 0.249672 4.83342
1.68611 0.167782 6.19134
1.60872 0.163102 6.40262
1.55469 0.0817121 10.6224
1.65455 0.144392 7.01074
1.71819 0.264422 9.37649
1.70995 0.158002 4.73505
1.71924 0.298742 9.01191
1.6152 0.183712 5.86146
1.71694 0.0198721 6.51004
1.53463 0.272672 6.12329
1.59063 0.0950621 8.72814
1.42052 0.135512 10.6318
1.64513 0.312102 9.20542
1.7102 0.0483721 8.39158
1.60715 0.0171221 8.85039
1.60642 0.116352 7.24413
1.68922 0.301022 9.14497
1.68179 0.0544521 7.71318
1.54289 0.0126821 6.34262
1.61377 0.0913221 10.6118
1.67592 0.0884521 10.5628
1.6074 0.145332 6.53623
1.4707 0.141462 6.42993
1.55117 0.289572 7.05007
1.65777 0.292162 6.67757
1.58135 0.00536214 3.34318
1.50971 0.236032 5.35547
1.71583 0.0254921 10.1143
1.68729 0.211012 12.5537
1.4558 0.272412 8.96659
1.45473 0.106052 7.64219
1.71539 0.0550521 10.3412
1.56465 0.216042 2.59703
1.70622 0.243852 6.83018
1.63594 0.0535621 8.75734
1.64842 0.198432 8.34197
1.63037 0.252392 10.957
1.48754 0.0426121 8.85798
