1.72279 0.273159 8.13136
1.5959 0.243369 8.69853
1.45777 0.0434894 9.83595
1.66744 0.301959 7.42089
1.66694 0.247889 7.92899
1.6385 0.174499 9.39184
1.58972 0.113179 6.00485
1.58366 0.0293394 8.80242
1.6621 0.178369 9.35374
1.53953 0.0361494 7.40473
1.56946 0.00552941 6.64655
1.55851 0.237609 10.1846
1.54911 0.131309 10.6279
1.67093 0.223779 11.9338
1.57453 0.0927194 5.92509
1.54589 0.220679 11.9504
1.62275 0.0896094 9.6978
1.48206 0.0996294 6.98397
1.5914 0.179339 12.7744
1.60814 0.0875194 9.42632
1.64311 0.0750294 7.91843
1.5637 0.112939 9.52918
1.71962 0.296329 9.14889
1.63971 0.245739 8.95233
1.57008 0.148349 4.57745
1.65118 0.0157694 10.4128
1.54615 0.0974494 7.50102
1.41434 0.310589 9.99024
1.61102 0.151199 9.03485
1.5055 0.201449 9.22838
1.54351 0.163929 6.2887
1.54082 0.123159 10.3397
1.72081 0.263499 7.56544
1.58178 0.176069 9.15752
1.52931 0.264269 8.99324
1.69407 0.252119 9.73365
1.6687 0.302259 8.25033
1.50756 0.0720794 11.6866
1.68159 0.234679 5.02904
1.69851 0.144729 7.92413
1.70374 0.312559 9.7349
1.64726 0.128779 8.68781
1.60954 0.189969 8.16371
1.51276 0.220649 8.43044
1.517 0.117059 9.07249
1.47849 0.0153594 8.42762
1.50513 0.161349 9.93495
1.52908 0.233589 8.03211
1.42058 0.0511694 6.43828
1.60398 0.256669 6.16866
1.42789 0.00771941 5.13396
