1.72279 0.186029 8.13136
1.5959 0.156239 8.69853
1.65774 0.271899 9.42983
1.66744 0.214829 7.42089
1.66694 0.160759 7.92899
1.6385 0.0873693 9.39184
1.58972 0.0260493 6.00485
1.6621 0.0912393 9.35374
1.55851 0.150479 10.1846
1.54911 0.0441793 10.6279
1.67093 0.136649 11.9338
1.57453 0.00558931 5.92509
1.54589 0.133549 11.9504
1.62275 0.00247931 9.6978
1.48206 0.0124993 6.98397
1.5914 0.0922093 12.7744
1.60814 0.000389306 9.42632
1.5637 0.0258093 9.52918
1.60484 0.283189 6.94769
1.71962 0.209199 9.14889
1.50811 0.274219 10.5855
1.63971 0.158609 8.95233
1.57008 0.0612193 4.57745
1.57528 0.255369 9.40788
1.49388 0.247229 7.6935
1.54615 0.0103193 7.50102
1.41434 0.223459 9.99024
1.48821 0.288389 8.92796
1.61102 0.0640693 9.03485
1.5055 0.114319 9.22838
1.54351 0.0767993 6.2887
1.54082 0.0360293 10.3397
1.72081 0.176369 7.56544
1.58178 0.0889393 9.15752
1.52931 0.177139 8.99324
1.69407 0.164989 9.73365
1.6687 0.215129 8.25033
1.68159 0.147549 5.02904
1.56469 0.310869 12.3679
1.69851 0.0575993 7.92413
1.70374 0.225429 9.7349
1.64726 0.0416493 8.68781
1.60954 0.102839 8.16371
1.47706 0.266249 6.92325
1.51276 0.133519 8.43044
1.517 0.0299293 9.07249
1.50513 0.0742193 9.93495
1.52908 0.146459 8.03211
1.60398 0.169539 6.16866
