1.57221 0.0232321 10.1853
1.44692 0.165882 7.48317
1.65235 0.281412 8.69853
1.51422 0.0815321 9.83595
1.72339 0.285932 7.92899
1.69495 0.212542 9.39184
1.64617 0.151222 6.00485
1.43594 0.264422 9.37649
1.64011 0.0673821 8.80242
1.64626 0.0237521 9.6439
1.4277 0.158002 4.73505
1.43699 0.298742 9.01191
1.43469 0.0198721 6.51004
1.71855 0.216412 9.35374
1.5341 0.0123621 6.16769
1.59598 0.0741921 7.40473
1.62591 0.0435721 6.64655
1.61496 0.275652 10.1846
1.60556 0.169352 10.6279
1.72738 0.261822 11.9338
1.42795 0.0483721 8.39158
1.63098 0.130762 5.92509
1.60234 0.258722 11.9504
1.6792 0.127652 9.6978
1.53851 0.137672 6.98397
1.64785 0.217382 12.7744
1.66459 0.125562 9.42632
1.69956 0.113072 7.91843
1.62015 0.150982 9.52918
1.4579 0.116162 10.1498
1.58092 0.0160621 7.55029
1.69616 0.283782 8.95233
1.62653 0.186392 4.57745
1.70763 0.0538121 10.4128
1.6026 0.135492 7.50102
1.43358 0.0254921 10.1143
1.66747 0.189242 9.03485
1.56195 0.239492 9.22838
1.59996 0.201972 6.2887
1.59727 0.161202 10.3397
1.63823 0.214112 9.15752
1.58576 0.302312 8.99324
1.43314 0.0550521 10.3412
1.56401 0.110122 11.6866
1.42397 0.243852 6.83018
1.46629 0.153332 7.16749
1.70371 0.166822 8.68781
1.66599 0.228012 8.16371
1.56921 0.258692 8.43044
1.57345 0.155102 9.07249
1.53494 0.0534021 8.42762
1.56158 0.199392 9.93495
1.58553 0.271632 8.03211
1.47703 0.0892121 6.43828
1.66043 0.294712 6.16866
1.48434 0.0457621 5.13396
