1.56716 0.0887221 8.37516
1.43708 0.0831221 8.00668
1.4198 0.164212 8.53792
1.43839 0.209422 12.258
1.65183 0.227362 10.1369
1.60941 0.140662 9.80098
1.62501 0.105132 7.66217
1.49319 0.0987021 11.3447
1.50913 0.163482 8.50576
1.6447 0.261292 8.01622
1.43606 0.0452621 4.44041
1.61674 0.0933821 7.39753
1.5784 0.150472 7.1591
1.66899 0.233182 8.31697
1.57953 0.0795121 8.10658
1.50852 0.116542 6.5804
1.68816 0.200462 9.96321
1.42689 0.0638321 9.79893
1.47087 0.0320121 9.72888
1.48439 0.148892 8.46218
1.6769 0.123342 10.4059
1.52927 0.290302 8.92775
1.54042 0.123192 8.77708
1.71043 0.00783214 11.6119
1.67859 0.109542 10.3578
1.63892 0.313942 7.72788
1.66226 0.114292 8.65119
1.47512 0.101372 6.30768
1.46857 0.271372 11.0207
1.54817 0.00495214 8.37628
1.47327 0.191592 9.36411
1.68249 0.0435221 6.79222
1.47855 0.289552 9.32196
1.44414 0.190262 4.37022
1.44471 0.250652 5.50157
1.66792 0.298522 9.21138
1.48419 0.0687621 6.05026
1.60798 0.225812 10.292
1.56582 0.170932 10.8239
1.58687 0.300332 6.02306
1.66393 0.274462 12.1938
1.50342 0.0526421 9.84142
1.57688 0.166672 7.59257
1.54407 0.182512 9.49395
1.41469 0.292732 8.51622
1.61001 0.0322821 9.43116
1.43009 0.152602 7.21765
1.67001 0.208612 6.01365
1.46201 0.0895821 4.86179
1.59005 0.114002 8.88375
1.62983 0.113442 11.3858
1.52723 0.255992 6.26307
1.53799 0.267612 10.8593
