1.61625 0.223976 11.2358
1.49494 0.194932 5.49643
1.45007 0.185514 8.70002
1.42463 0.215729 11.5783
1.58481 0.0733709 9.07765
1.48246 0.106131 10.1957
1.64348 0.263988 8.03949
1.58136 0.189426 8.61454
1.44641 0.130481 8.2235
1.70908 0.0913709 9.48351
1.58665 0.231719 9.15397
1.52921 0.175603 7.47052
1.66922 0.270284 7.31087
1.46039 0.174263 5.86824
1.611 0.259749 9.11878
1.41507 0.17899 9.94106
1.44799 0.295194 9.83102
1.7228 0.0887609 5.64483
1.52067 0.00496093 9.50062
1.67896 0.0547109 5.5814
1.47781 0.285061 8.75275
1.5799 0.29393 9.00137
1.47227 0.0800609 8.86507
1.59063 0.161312 8.29084
1.65906 0.126111 9.66419
1.62826 0.161281 6.58664
1.681 0.0758309 6.18782
1.42311 0.264735 8.00612
1.70245 0.286866 6.308
1.5314 0.0906909 5.05418
1.52161 0.105251 11.0336
1.51991 0.144447 10.8973
1.59941 0.0266009 5.76839
1.49261 0.0450209 3.32247
1.64802 0.0105009 10.4545
1.67213 0.174184 5.63548
1.47571 0.00892093 7.30187
