1.72279 0.119761 8.13136
1.5959 0.0899713 8.69853
1.65774 0.205631 9.42983
1.48821 0.291821 10.1985
1.66744 0.148561 7.42089
1.66694 0.0944913 7.92899
1.6385 0.0211013 9.39184
1.66946 0.254461 7.37324
1.6621 0.0249713 9.35374
1.70221 0.303771 14.0718
1.55851 0.0842113 10.1846
1.67093 0.0703813 11.9338
1.54589 0.0672813 11.9504
1.44663 0.277371 6.81326
1.5914 0.0259413 12.7744
1.60484 0.216921 6.94769
1.71962 0.142931 9.14889
1.50811 0.207951 10.5855
1.63971 0.0923413 8.95233
1.57528 0.189101 9.40788
1.49388 0.180961 7.6935
1.41434 0.157191 9.99024
1.48821 0.222121 8.92796
1.5055 0.0480513 9.22838
1.63849 0.309881 7.57258
1.54351 0.0105313 6.2887
1.72081 0.110101 7.56544
1.58178 0.0226713 9.15752
1.52931 0.110871 8.99324
1.5905 0.301021 7.9849
1.69407 0.0987213 9.73365
1.6687 0.148861 8.25033
1.68159 0.0812813 5.02904
1.56469 0.244601 12.3679
1.70374 0.159161 9.7349
1.60954 0.0365713 8.16371
1.47706 0.199981 6.92325
1.51276 0.0672513 8.43044
1.50513 0.00795134 9.93495
1.52908 0.0801913 8.03211
1.44913 0.272551 6.26427
1.60398 0.103271 6.16866
