1.71933 0.0887221 8.37516
1.58925 0.0831221 8.00668
1.57197 0.164212 8.53792
1.59056 0.209422 12.258
1.64536 0.0987021 11.3447
1.44153 0.00285214 8.6107
1.47295 0.0421221 7.29018
1.6613 0.163482 8.50576
1.51357 0.277702 5.91544
1.58823 0.0452621 4.44041
1.56062 0.0732221 6.35577
1.66069 0.116542 6.5804
1.55444 0.250662 9.69625
1.57906 0.0638321 9.79893
1.42135 0.00480214 7.2562
1.62304 0.0320121 9.72888
1.63656 0.148892 8.46218
1.4298 0.0986121 7.14469
1.48794 0.219902 9.109
1.46402 0.188902 6.96768
1.54425 0.0488021 7.77202
1.68144 0.290302 8.92775
1.6926 0.123192 8.77708
1.55971 0.0607121 8.49857
1.62729 0.101372 6.30768
1.62074 0.271372 11.0207
1.70034 0.00495214 8.37628
1.62544 0.191592 9.36411
1.50331 0.00304214 7.62395
1.41913 0.0139421 5.91364
1.52804 0.0278821 7.53214
1.63073 0.289552 9.32196
1.59631 0.190262 4.37022
1.59689 0.250652 5.50157
1.49275 0.252882 8.19783
1.63636 0.0687621 6.05026
1.718 0.170932 10.8239
1.48628 0.0238921 4.54847
1.65559 0.0526421 9.84142
1.46165 0.211032 7.07662
1.69624 0.182512 9.49395
1.56686 0.292732 8.51622
1.58226 0.152602 7.21765
1.61418 0.0895821 4.86179
1.47393 0.128922 9.28751
1.52521 0.209212 5.47545
1.6794 0.255992 6.26307
1.45903 0.117052 9.48576
1.69016 0.267612 10.8593
1.42397 0.212492 8.43702
