1.55258 0.0416399 10.1853
1.42729 0.18429 7.48317
1.63272 0.29982 8.69853
1.49459 0.0999399 9.83595
1.70376 0.30434 7.92899
1.67532 0.23095 9.39184
1.62654 0.16963 6.00485
1.41631 0.28283 9.37649
1.62048 0.0857899 8.80242
1.62663 0.0421599 9.6439
1.41506 0.0382799 6.51004
1.69892 0.23482 9.35374
1.51447 0.0307699 6.16769
1.57635 0.0925999 7.40473
1.60628 0.0619799 6.64655
1.59533 0.29406 10.1846
1.58593 0.18776 10.6279
1.70775 0.28023 11.9338
1.61135 0.14917 5.92509
1.58271 0.27713 11.9504
1.65957 0.14606 9.6978
1.51888 0.15608 6.98397
1.62822 0.23579 12.7744
1.64496 0.14397 9.42632
1.67993 0.13148 7.91843
1.60052 0.16939 9.52918
1.43827 0.13457 10.1498
1.56129 0.0344699 7.55029
1.67653 0.30219 8.95233
1.6069 0.2048 4.57745
1.688 0.0722199 10.4128
1.58297 0.1539 7.50102
1.41395 0.0438999 10.1143
1.64784 0.20765 9.03485
1.54232 0.2579 9.22838
1.58033 0.22038 6.2887
1.57764 0.17961 10.3397
1.6186 0.23252 9.15752
1.54438 0.12853 11.6866
1.71841 0.29113 5.02904
1.44666 0.17174 7.16749
1.68408 0.18523 8.68781
1.64636 0.24642 8.16371
1.54958 0.2771 8.43044
1.55382 0.17351 9.07249
1.51531 0.0718099 8.42762
1.54195 0.2178 9.93495
1.5659 0.29004 8.03211
1.72479 0.0157199 7.85834
1.4574 0.10762 6.43828
1.6408 0.31312 6.16866
1.46471 0.0641699 5.13396
