1.64365 0.0914074 7.18776
1.48985 0.0962374 6.57907
1.52344 0.172427 5.39164
1.65218 0.0904874 9.33824
1.69398 0.167437 8.04004
1.46964 0.101977 10.8164
1.59249 0.0209674 7.87974
1.46012 0.152797 10.0605
1.48132 0.0485174 9.38908
1.58353 0.125517 8.8288
1.59931 0.0146174 7.88671
1.58481 0.262357 9.07765
1.48246 0.295117 10.1957
1.59249 0.168767 9.83798
1.4541 0.174127 11.9089
1.60666 0.121877 4.65153
1.56008 0.139357 10.6401
1.70908 0.280357 9.48351
1.4268 0.110957 7.48278
1.59827 0.0146474 8.5693
1.60213 0.0214474 5.27358
1.63531 0.136347 11.3125
1.47317 0.0846274 9.88451
1.7228 0.277747 5.64483
1.52067 0.193947 9.50062
1.71585 0.106587 10.1045
1.67896 0.243697 5.5814
1.70958 0.122617 10.4344
1.47227 0.269047 8.86507
1.4544 0.0483174 10.8479
1.59362 0.175877 1.79944
1.66493 0.0302774 4.13992
1.67068 0.0535874 7.31184
1.49846 0.0560874 9.96904
1.681 0.264817 6.18782
1.64491 0.156467 6.68269
1.45691 0.0287974 6.67278
1.46863 0.179137 7.73531
1.4166 0.166807 10.2291
1.56995 0.0193974 10.9693
1.5314 0.279677 5.05418
1.52161 0.294237 11.0336
1.59941 0.215587 5.76839
1.49261 0.234007 3.32247
1.64802 0.199487 10.4545
1.56737 0.184217 9.17467
1.61347 0.0647074 12.2061
1.47571 0.197907 7.30187
1.62887 0.0266474 10.4939
