1.60643 0.0887221 8.37516
1.47635 0.0831221 8.00668
1.45907 0.164212 8.53792
1.47766 0.209422 12.258
1.6911 0.227362 10.1369
1.64868 0.140662 9.80098
1.66428 0.105132 7.66217
1.53246 0.0987021 11.3447
1.5484 0.163482 8.50576
1.68397 0.261292 8.01622
1.47533 0.0452621 4.44041
1.44772 0.0732221 6.35577
1.65601 0.0933821 7.39753
1.61767 0.150472 7.1591
1.70826 0.233182 8.31697
1.6188 0.0795121 8.10658
1.54779 0.116542 6.5804
1.72743 0.200462 9.96321
1.44154 0.250662 9.69625
1.46616 0.0638321 9.79893
1.51014 0.0320121 9.72888
1.52366 0.148892 8.46218
1.71617 0.123342 10.4059
1.43135 0.0488021 7.77202
1.56854 0.290302 8.92775
1.57969 0.123192 8.77708
1.44681 0.0607121 8.49857
1.71786 0.109542 10.3578
1.67819 0.313942 7.72788
1.70153 0.114292 8.65119
1.51439 0.101372 6.30768
1.50784 0.271372 11.0207
1.58744 0.00495214 8.37628
1.51254 0.191592 9.36411
1.72176 0.0435221 6.79222
1.41514 0.0278821 7.53214
1.51782 0.289552 9.32196
1.48341 0.190262 4.37022
1.48398 0.250652 5.50157
1.70719 0.298522 9.21138
1.52346 0.0687621 6.05026
1.64725 0.225812 10.292
1.60509 0.170932 10.8239
1.62614 0.300332 6.02306
1.7032 0.274462 12.1938
1.54269 0.0526421 9.84142
1.61615 0.166672 7.59257
1.58334 0.182512 9.49395
1.45396 0.292732 8.51622
1.64928 0.0322821 9.43116
1.46936 0.152602 7.21765
1.70928 0.208612 6.01365
1.50128 0.0895821 4.86179
1.62932 0.114002 8.88375
1.6691 0.113442 11.3858
1.5665 0.255992 6.26307
1.57726 0.267612 10.8593
