1.42019 0.159283 7.21136
1.57631 0.0250928 7.34627
1.58221 0.0226328 7.9443
1.45506 0.294463 9.63044
1.53237 0.231153 12.5412
1.4216 0.148963 4.93978
1.67737 0.138063 10.1573
1.45016 0.172403 9.01314
1.41461 0.200693 9.69773
1.63957 0.292953 7.7608
1.57314 0.0245228 10.4809
1.50359 0.0586528 8.74073
1.44091 0.0434328 9.38867
1.62135 0.0719028 9.05278
1.54845 0.188093 11.7962
1.67622 0.0689428 7.48382
1.6752 0.0873728 7.6065
1.71056 0.236433 7.17228
1.47568 0.0484128 9.46531
1.55686 0.190193 6.37953
1.56017 0.241883 7.9826
1.49691 0.187123 7.87684
1.6577 0.0645328 9.31824
1.59891 0.279723 9.71725
1.42293 0.0390528 7.72788
1.64261 0.184163 9.22614
1.61631 0.186093 6.55013
1.55904 0.231753 8.39931
1.71335 0.243483 11.6453
1.67479 0.262943 7.09406
1.65961 0.214033 5.34713
1.59325 0.221613 11.87
1.4273 0.121203 9.29426
1.58274 0.0135928 8.9252
1.53431 0.162143 8.88217
1.60842 0.0400328 7.94901
1.45194 0.0236328 9.21138
1.66308 0.210413 8.30364
1.47158 0.0516728 5.73656
1.48582 0.111763 7.24223
1.48069 0.184173 7.66866
1.61303 0.0731128 6.99795
1.55721 0.310403 5.1787
1.61817 0.217573 8.2391
1.58082 0.153423 6.55971
1.7175 0.0666628 9.26881
1.56125 0.211333 9.40187
