1.61625 0.247292 11.2358
1.49494 0.218248 5.49643
1.52344 0.00675743 5.39164
1.69398 0.00176743 8.04004
1.45007 0.208831 8.70002
1.42463 0.239045 11.5783
1.58481 0.0966874 9.07765
1.48246 0.129447 10.1957
1.59249 0.00309743 9.83798
1.4541 0.00845743 11.9089
1.64348 0.287305 8.03949
1.58136 0.212742 8.61454
1.44641 0.153797 8.2235
1.70908 0.114687 9.48351
1.58665 0.255036 9.15397
1.52921 0.19892 7.47052
1.66922 0.293601 7.31087
1.46039 0.19758 5.86824
1.611 0.283066 9.11878
1.41507 0.202307 9.94106
1.7228 0.112077 5.64483
1.52067 0.0282774 9.50062
1.67896 0.0780274 5.5814
1.47781 0.308378 8.75275
1.47227 0.103377 8.86507
1.59063 0.184628 8.29084
1.65906 0.149427 9.66419
1.59362 0.0102074 1.79944
1.62826 0.184597 6.58664
1.681 0.0991474 6.18782
1.42311 0.288052 8.00612
1.70245 0.310183 6.308
1.46863 0.0134674 7.73531
1.4166 0.00113743 10.2291
1.5314 0.114007 5.05418
1.52161 0.128567 11.0336
1.51991 0.167764 10.8973
1.59941 0.0499174 5.76839
1.49261 0.0683374 3.32247
1.64802 0.0338174 10.4545
1.56737 0.0185474 9.17467
1.67213 0.197501 5.63548
1.47571 0.0322374 7.30187
