1.53785 0.0121875 10.1853
1.61799 0.270367 8.69853
1.47986 0.0704875 9.83595
1.68903 0.274887 7.92899
1.66059 0.201497 9.39184
1.61181 0.140177 6.00485
1.60575 0.0563375 8.80242
1.6119 0.0127075 9.6439
1.68419 0.205367 9.35374
1.49974 0.00131748 6.16769
1.56162 0.0631475 7.40473
1.59155 0.0325275 6.64655
1.5806 0.264607 10.1846
1.5712 0.158307 10.6279
1.69302 0.250777 11.9338
1.59662 0.119717 5.92509
1.56798 0.247677 11.9504
1.64484 0.116607 9.6978
1.50415 0.126627 6.98397
1.61349 0.206337 12.7744
1.63023 0.114517 9.42632
1.6652 0.102027 7.91843
1.58579 0.139937 9.52918
1.42354 0.105117 10.1498
1.54656 0.00501748 7.55029
1.6618 0.272737 8.95233
1.59217 0.175347 4.57745
1.67327 0.0427675 10.4128
1.56824 0.124447 7.50102
1.63311 0.178197 9.03485
1.52759 0.228447 9.22838
1.5656 0.190927 6.2887
1.56291 0.150157 10.3397
1.60387 0.203067 9.15752
1.5514 0.291267 8.99324
1.71616 0.279117 9.73365
1.52965 0.0990775 11.6866
1.70368 0.261677 5.02904
1.7206 0.171727 7.92413
1.43193 0.142287 7.16749
1.66935 0.155777 8.68781
1.63163 0.216967 8.16371
1.53485 0.247647 8.43044
1.53909 0.144057 9.07249
1.50058 0.0423575 8.42762
1.52722 0.188347 9.93495
1.55117 0.260587 8.03211
1.44267 0.0781675 6.43828
1.62607 0.283667 6.16866
1.44998 0.0347175 5.13396
