1.4417 0.228692 6.08845
1.62609 0.283692 7.48317
1.63397 0.0290019 8.05751
1.49792 0.275702 7.56495
1.69339 0.199342 9.83595
1.63702 0.00191186 6.04407
1.58303 0.285592 6.19134
1.50564 0.280912 6.40262
1.45161 0.199522 10.6224
1.55147 0.262202 7.01074
1.60687 0.275812 4.73505
1.69831 0.0462819 7.43832
1.51212 0.301522 5.86146
1.61386 0.137682 6.51004
1.71327 0.130172 6.16769
1.48755 0.212872 8.72814
1.41582 0.0607719 7.35576
1.60712 0.166182 8.39158
1.50407 0.134932 8.85039
1.52279 0.0323619 6.47321
1.50334 0.234162 7.24413
1.57871 0.172262 7.71318
1.43981 0.130492 6.34262
1.71768 0.255482 6.98397
1.51069 0.209132 10.6118
1.58567 0.0630919 5.89698
1.57284 0.206262 10.5628
1.71115 0.0891619 9.60221
1.50432 0.263142 6.53623
1.63707 0.233972 10.1498
1.44175 0.115532 10.2936
1.47827 0.123172 3.34318
1.61275 0.143302 10.1143
1.67735 0.0120319 9.68054
1.43471 0.0871619 7.59352
1.60014 0.00799186 8.46808
1.42179 0.117352 7.65242
1.61231 0.172862 10.3412
1.53168 0.0674019 13.4192
1.50541 0.0368319 5.29349
1.68572 0.0694219 9.6493
1.543 0.0426819 9.37185
1.54181 0.105062 9.58671
1.64546 0.271142 7.16749
1.53286 0.171372 8.75734
1.71411 0.171212 8.42762
1.60964 0.114592 11.9621
1.6562 0.207022 6.43828
1.66351 0.163572 5.13396
