1.71471 0.0120206 7.21136
1.68768 0.276161 8.00685
1.51281 0.207821 7.32341
1.68149 0.000920626 8.27018
1.6922 0.0955906 5.18956
1.43072 0.0609006 6.45865
1.5145 0.195811 7.17194
1.71613 0.00170063 4.93978
1.56698 0.0738306 10.3407
1.70913 0.0534306 9.69773
1.57048 0.190781 12.5877
1.54206 0.0300706 6.20019
1.57265 0.173071 8.73111
1.66379 0.0265406 8.76033
1.69504 0.0489706 6.28263
1.55423 0.0754206 6.80289
1.50716 0.0878406 7.0433
1.65288 0.195901 7.16549
1.52943 0.0997906 6.78599
1.57848 0.151331 8.44774
1.70793 0.173691 8.13112
1.71636 0.263841 9.59547
1.48804 0.157221 11.8953
1.68194 0.152041 8.55428
1.4724 0.310571 8.34567
1.56176 0.237631 8.08046
1.54952 0.266411 5.77223
1.55198 0.165261 9.98738
1.52579 0.308041 7.09459
1.69425 0.148991 7.27102
1.70482 0.00784063 6.74294
1.57053 0.123841 10.0118
1.51916 0.272801 8.02934
1.43968 0.311341 11.414
1.55886 0.248601 8.04949
1.62108 0.240661 9.95921
1.49158 0.227651 8.86796
1.47881 0.141631 11.6245
1.5876 0.254141 3.61214
1.69513 0.181821 6.46419
1.4606 0.155261 9.51136
1.55551 0.103131 11.9383
1.44467 0.210541 9.62859
