1.61625 0.141754 11.2358
1.49494 0.11271 5.49643
1.6456 0.28625 6.82155
1.45007 0.103293 8.70002
1.42463 0.133508 11.5783
1.48246 0.0239096 10.1957
1.45852 0.304369 9.14711
1.44792 0.257325 6.65722
1.50655 0.26693 11.3427
1.66063 0.27679 7.19434
1.64348 0.181767 8.03949
1.58136 0.107204 8.61454
1.44641 0.0482596 8.2235
1.70908 0.00914956 9.48351
1.58665 0.149498 9.15397
1.53114 0.26472 11.752
1.52921 0.0933817 7.47052
1.66922 0.188063 7.31087
1.46039 0.0920417 5.86824
1.611 0.177528 9.11878
1.41819 0.311512 9.16685
1.41507 0.096769 9.94106
1.69906 0.29396 8.4487
1.44799 0.212973 9.83102
1.7228 0.00653956 5.64483
1.59516 0.241346 7.97113
1.47781 0.20284 8.75275
1.55168 0.251215 6.60827
1.5799 0.211709 9.00137
1.59063 0.0790903 8.29084
1.65906 0.0438896 9.66419
1.62826 0.0790593 6.58664
1.58023 0.267529 6.05235
1.42311 0.182514 8.00612
1.70245 0.204645 6.308
1.5314 0.00846956 5.05418
1.52161 0.0230296 11.0336
1.51991 0.0622261 10.8973
1.53501 0.299423 6.05723
1.67213 0.0919627 5.63548
