1.56832 0.0758585 10.7507
1.56064 0.149548 9.70355
1.46669 0.0816685 9.21391
1.70383 0.304418 11.5523
1.58322 0.131658 4.49879
1.48555 0.0616885 9.80259
1.60974 0.280908 4.90543
1.71246 0.307568 6.02329
1.70243 0.0676485 7.8833
1.56544 0.0886785 7.84762
1.58637 0.307398 8.84598
1.67731 0.284818 8.97658
1.63936 0.231858 9.21965
1.42419 0.286178 8.51821
1.69453 0.223318 10.3889
1.66149 0.145078 8.10052
1.60447 0.223308 8.75283
1.51714 0.232358 10.158
1.44373 0.0133585 9.57321
1.51329 0.0737085 9.39325
1.41814 0.119488 7.46348
1.45389 0.146118 6.21301
1.51998 0.136438 9.48503
1.51574 0.121218 9.27945
1.70813 0.268768 10.331
1.56955 0.155338 8.29129
1.67328 0.211548 6.61368
1.67602 0.0363685 9.5182
1.66972 0.303188 8.89808
1.59731 0.227208 5.98188
1.49873 0.306868 8.55271
1.57281 0.268878 9.89814
1.66969 0.0549385 6.68258
1.42862 0.251878 10.6139
1.72274 0.0190985 7.22465
1.44414 0.204818 9.8477
1.5037 0.174768 8.25778
1.63823 0.254458 7.46354
1.61519 0.00356845 5.51908
1.52088 0.189108 12.9376
1.5312 0.0738585 9.466
1.56858 0.0524185 7.33525
1.52182 0.00969845 11.7481
1.68231 0.0358285 8.03522
1.52721 0.177018 7.04974
1.59192 0.280628 9.93891
