1.69969 0.047745 7.46459
1.47484 0.167495 8.90281
1.67666 0.219885 5.2493
1.52461 0.192015 7.80137
1.60112 0.067555 8.74819
1.51763 0.308285 7.12786
1.59055 0.284365 7.15422
1.64653 0.272535 10.5645
1.64839 0.279225 11.2394
1.47476 0.146955 8.17431
1.65242 0.083235 13.2212
1.49045 0.238205 10.2848
1.52969 0.049365 8.56252
1.46915 0.165985 6.57714
1.62583 0.237875 4.88651
1.43244 0.013655 8.41439
1.71506 0.254585 9.76161
1.70523 0.189455 10.6129
1.4206 0.156195 10.8744
1.65623 0.128645 8.85913
1.52728 0.200365 8.36558
1.49387 0.231925 8.23762
1.52613 0.291315 7.70532
1.41691 0.00999502 9.21655
1.58 0.132315 5.27226
1.64024 0.086125 10.1091
1.70846 0.124555 7.63856
1.62821 0.109605 9.2042
1.60112 0.168995 9.48219
1.49662 0.00541502 10.1704
1.55919 0.182325 5.92395
1.51019 0.124665 7.89086
1.51556 0.159965 9.31683
1.47865 0.228545 6.04908
1.60573 0.114575 9.01659
1.42702 0.053055 7.74214
1.60193 0.294655 7.78005
1.69294 0.141785 6.82729
1.66581 0.208265 7.95658
1.48158 0.054115 9.22537
1.71764 0.231125 8.17665
1.49508 0.200505 6.67414
1.66902 0.226415 7.72861
1.55088 0.185435 7.02854
1.64566 0.270265 7.12577
1.63167 0.047515 10.7218
1.54669 0.091235 10.1543
1.68615 0.138845 8.85094
1.44556 0.102395 11.3588
1.46481 0.210405 7.31318
1.56832 0.111915 10.1321
1.48466 0.118465 5.26847
