1.72279 0.120989 8.13136
1.5959 0.0911985 8.69853
1.65774 0.206859 9.42983
1.48821 0.293049 10.1985
1.66744 0.149789 7.42089
1.66694 0.0957185 7.92899
1.6385 0.0223285 9.39184
1.66946 0.255689 7.37324
1.6621 0.0261985 9.35374
1.70221 0.304999 14.0718
1.55851 0.0854385 10.1846
1.67093 0.0716085 11.9338
1.54589 0.0685085 11.9504
1.44663 0.278599 6.81326
1.5914 0.0271685 12.7744
1.60484 0.218149 6.94769
1.71962 0.144159 9.14889
1.50811 0.209179 10.5855
1.63971 0.0935685 8.95233
1.57528 0.190329 9.40788
1.49388 0.182189 7.6935
1.41434 0.158419 9.99024
1.48821 0.223349 8.92796
1.5055 0.0492785 9.22838
1.63849 0.311109 7.57258
1.54351 0.0117585 6.2887
1.72081 0.111329 7.56544
1.58178 0.0238985 9.15752
1.52931 0.112099 8.99324
1.5905 0.302249 7.9849
1.69407 0.0999485 9.73365
1.6687 0.150089 8.25033
1.68159 0.0825085 5.02904
1.56469 0.245829 12.3679
1.70374 0.160389 9.7349
1.60954 0.0377985 8.16371
1.47706 0.201209 6.92325
1.51276 0.0684785 8.43044
1.50513 0.00917852 9.93495
1.52908 0.0814185 8.03211
1.44913 0.273779 6.26427
1.60398 0.104499 6.16866
