1.72279 0.0854002 8.13136
1.5959 0.0556102 8.69853
1.65774 0.17127 9.42983
1.48821 0.25746 10.1985
1.66744 0.1142 7.42089
1.66694 0.0601302 7.92899
1.66946 0.2201 7.37324
1.70221 0.26941 14.0718
1.55851 0.0498502 10.1846
1.67093 0.0360202 11.9338
1.54589 0.0329202 11.9504
1.44663 0.24301 6.81326
1.70125 0.28495 8.9649
1.59068 0.30204 8.37107
1.60484 0.18256 6.94769
1.71962 0.10857 9.14889
1.50811 0.17359 10.5855
1.63971 0.0579802 8.95233
1.57528 0.15474 9.40788
1.49388 0.1466 7.6935
1.49055 0.29097 9.9086
1.41434 0.12283 9.99024
1.48821 0.18776 8.92796
1.58014 0.28416 7.07325
1.5055 0.0136902 9.22838
1.63849 0.27552 7.57258
1.72081 0.0757402 7.56544
1.52931 0.0765102 8.99324
1.5905 0.26666 7.9849
1.69407 0.0643602 9.73365
1.6687 0.1145 8.25033
1.44291 0.30256 7.2218
1.68159 0.0469202 5.02904
1.56469 0.21024 12.3679
1.70374 0.1248 9.7349
1.60954 0.00221017 8.16371
1.47706 0.16562 6.92325
1.51276 0.0328902 8.43044
1.52908 0.0458302 8.03211
1.70283 0.29829 9.82356
1.44913 0.23819 6.26427
1.60398 0.0689102 6.16866
