1.61625 0.140527 11.2358
1.49494 0.111483 5.49643
1.6456 0.285023 6.82155
1.45007 0.102065 8.70002
1.42463 0.13228 11.5783
1.48246 0.0226824 10.1957
1.45852 0.303142 9.14711
1.44792 0.256098 6.65722
1.50655 0.265703 11.3427
1.66063 0.275563 7.19434
1.64348 0.18054 8.03949
1.58136 0.105977 8.61454
1.44641 0.0470324 8.2235
1.70908 0.00792237 9.48351
1.58665 0.148271 9.15397
1.53114 0.263493 11.752
1.52921 0.0921545 7.47052
1.66922 0.186836 7.31087
1.46039 0.0908145 5.86824
1.611 0.176301 9.11878
1.41819 0.310285 9.16685
1.41507 0.0955418 9.94106
1.69906 0.292733 8.4487
1.44799 0.211746 9.83102
1.7228 0.00531237 5.64483
1.59516 0.240119 7.97113
1.47781 0.201613 8.75275
1.55168 0.249988 6.60827
1.5799 0.210482 9.00137
1.59063 0.0778631 8.29084
1.65906 0.0426624 9.66419
1.62826 0.0778321 6.58664
1.58023 0.266302 6.05235
1.42311 0.181287 8.00612
1.70245 0.203418 6.308
1.5314 0.00724237 5.05418
1.52161 0.0218024 11.0336
1.51991 0.0609989 10.8973
1.53501 0.298196 6.05723
1.67213 0.0907355 5.63548
