1.67515 0.0887221 8.37516
1.54507 0.0831221 8.00668
1.52779 0.164212 8.53792
1.54638 0.209422 12.258
1.7174 0.140662 9.80098
1.60118 0.0987021 11.3447
1.42877 0.0421221 7.29018
1.61712 0.163482 8.50576
1.46939 0.277702 5.91544
1.54405 0.0452621 4.44041
1.51644 0.0732221 6.35577
1.72473 0.0933821 7.39753
1.68639 0.150472 7.1591
1.68752 0.0795121 8.10658
1.61651 0.116542 6.5804
1.51026 0.250662 9.69625
1.53488 0.0638321 9.79893
1.57887 0.0320121 9.72888
1.59238 0.148892 8.46218
1.44376 0.219902 9.109
1.41984 0.188902 6.96768
1.50007 0.0488021 7.77202
1.63726 0.290302 8.92775
1.64842 0.123192 8.77708
1.51553 0.0607121 8.49857
1.58311 0.101372 6.30768
1.57656 0.271372 11.0207
1.65616 0.00495214 8.37628
1.58126 0.191592 9.36411
1.45913 0.00304214 7.62395
1.48386 0.0278821 7.53214
1.58655 0.289552 9.32196
1.55213 0.190262 4.37022
1.55271 0.250652 5.50157
1.44857 0.252882 8.19783
1.59218 0.0687621 6.05026
1.71597 0.225812 10.292
1.67382 0.170932 10.8239
1.4421 0.0238921 4.54847
1.69486 0.300332 6.02306
1.61141 0.0526421 9.84142
1.41747 0.211032 7.07662
1.68487 0.166672 7.59257
1.65206 0.182512 9.49395
1.52268 0.292732 8.51622
1.718 0.0322821 9.43116
1.53808 0.152602 7.21765
1.57 0.0895821 4.86179
1.42975 0.128922 9.28751
1.69804 0.114002 8.88375
1.48103 0.209212 5.47545
1.63522 0.255992 6.26307
1.41485 0.117052 9.48576
1.64598 0.267612 10.8593
