1.62115 0.0887221 8.37516
1.49108 0.0831221 8.00668
1.4738 0.164212 8.53792
1.49238 0.209422 12.258
1.70582 0.227362 10.1369
1.6634 0.140662 9.80098
1.67901 0.105132 7.66217
1.54718 0.0987021 11.3447
1.56312 0.163482 8.50576
1.69869 0.261292 8.01622
1.41539 0.277702 5.91544
1.49006 0.0452621 4.44041
1.46245 0.0732221 6.35577
1.67074 0.0933821 7.39753
1.63239 0.150472 7.1591
1.72298 0.233182 8.31697
1.63352 0.0795121 8.10658
1.56251 0.116542 6.5804
1.45626 0.250662 9.69625
1.48089 0.0638321 9.79893
1.52487 0.0320121 9.72888
1.53838 0.148892 8.46218
1.44607 0.0488021 7.77202
1.58327 0.290302 8.92775
1.59442 0.123192 8.77708
1.46153 0.0607121 8.49857
1.69292 0.313942 7.72788
1.71626 0.114292 8.65119
1.52911 0.101372 6.30768
1.52256 0.271372 11.0207
1.60216 0.00495214 8.37628
1.52727 0.191592 9.36411
1.42986 0.0278821 7.53214
1.53255 0.289552 9.32196
1.49814 0.190262 4.37022
1.49871 0.250652 5.50157
1.72192 0.298522 9.21138
1.53819 0.0687621 6.05026
1.66197 0.225812 10.292
1.61982 0.170932 10.8239
1.64087 0.300332 6.02306
1.71793 0.274462 12.1938
1.55742 0.0526421 9.84142
1.63088 0.166672 7.59257
1.59807 0.182512 9.49395
1.46868 0.292732 8.51622
1.66401 0.0322821 9.43116
1.48409 0.152602 7.21765
1.72401 0.208612 6.01365
1.51601 0.0895821 4.86179
1.64404 0.114002 8.88375
1.42704 0.209212 5.47545
1.68383 0.113442 11.3858
1.58122 0.255992 6.26307
1.59198 0.267612 10.8593
