1.64365 0.108588 7.18776
1.48985 0.113418 6.57907
1.52344 0.189608 5.39164
1.43573 0.0118079 5.41518
1.65218 0.107668 9.33824
1.60936 0.0158779 9.65105
1.69398 0.184618 8.04004
1.46964 0.119158 10.8164
1.59249 0.0381479 7.87974
1.46012 0.169978 10.0605
1.48132 0.0656979 9.38908
1.58353 0.142698 8.8288
1.59931 0.0317979 7.88671
1.58481 0.279538 9.07765
1.48246 0.312298 10.1957
1.59249 0.185948 9.83798
1.4541 0.191308 11.9089
1.60666 0.139058 4.65153
1.56008 0.156538 10.6401
1.70908 0.297538 9.48351
1.4268 0.128138 7.48278
1.59827 0.0318279 8.5693
1.60213 0.0386279 5.27358
1.63531 0.153528 11.3125
1.47317 0.101808 9.88451
1.7228 0.294928 5.64483
1.52067 0.211128 9.50062
1.71585 0.123768 10.1045
1.67896 0.260878 5.5814
1.70958 0.139798 10.4344
1.47227 0.286228 8.86507
1.4544 0.0654979 10.8479
1.59362 0.193058 1.79944
1.66493 0.0474579 4.13992
1.67068 0.0707679 7.31184
1.49846 0.0732679 9.96904
1.681 0.281998 6.18782
1.64491 0.173648 6.68269
1.45691 0.0459779 6.67278
1.46863 0.196318 7.73531
1.4166 0.183988 10.2291
1.56995 0.0365779 10.9693
1.5314 0.296858 5.05418
1.52161 0.311418 11.0336
1.59941 0.232768 5.76839
1.49261 0.251188 3.32247
1.64802 0.216668 10.4545
1.56737 0.201398 9.17467
1.61347 0.0818879 12.2061
1.47571 0.215088 7.30187
1.62887 0.0438279 10.4939
