1.68518 0.243597 10.0326
1.70909 0.0212673 10.154
1.64748 0.123497 10.769
1.52646 0.119907 6.35558
1.60122 0.209817 12.4847
1.53626 0.105807 9.08387
1.65865 0.0249473 8.93041
1.702 0.0342973 9.60549
1.64008 0.000327286 7.41871
1.64979 0.221627 7.52218
1.59545 0.0825273 5.50001
1.64288 0.207527 8.41301
1.70276 0.234667 7.94907
1.59131 0.147867 7.07294
1.49008 0.0226773 7.18692
1.63333 0.131117 9.56019
1.63892 0.112187 9.36655
1.60413 0.241997 12.3368
1.66641 0.0728773 11.5721
1.62483 0.0404173 8.0656
1.54294 0.152407 10.1404
1.62419 0.308097 8.19064
1.68891 0.0859673 8.96678
1.49541 0.106577 5.80099
1.7012 0.277877 10.9849
1.6927 0.0679373 11.7209
1.53944 0.313927 8.7648
1.49164 0.00141729 12.0625
1.48429 0.107277 9.88572
1.4792 0.205147 10.087
1.56679 0.227047 4.73315
1.60282 0.0746073 7.21255
1.69889 0.00342729 8.07593
1.53773 0.0892273 10.4478
1.715 0.0581573 8.18619
1.57765 0.0520873 13.8328
1.59335 0.0489973 7.52441
1.60489 0.310557 5.42487
1.5624 0.0615073 8.90965
1.57688 0.103347 9.41877
1.52918 0.194087 5.20822
1.6305 0.243727 9.33733
