1.61067 0.299982 7.34627
1.61657 0.297522 7.9443
1.4702 0.227362 10.1369
1.58631 0.211852 9.96675
1.42778 0.140662 9.80098
1.44339 0.105132 7.66217
1.46307 0.261292 8.01622
1.43512 0.0933821 7.39753
1.48736 0.233182 8.31697
1.50654 0.200462 9.96321
1.55943 0.269632 6.8438
1.6075 0.299412 10.4809
1.66596 0.135512 10.6318
1.65552 0.128942 6.0343
1.49528 0.123342 10.4059
1.60081 0.113502 8.08206
1.52881 0.00783214 11.6119
1.49697 0.109542 10.3578
1.4573 0.313942 7.72788
1.56697 0.0364921 8.01005
1.48064 0.114292 8.65119
1.58405 0.0168321 7.89155
1.71614 0.141462 6.42993
1.57073 0.0182821 11.4016
1.60237 0.124662 6.9326
1.6171 0.288482 8.9252
1.64716 0.242642 8.02927
1.50087 0.0435221 6.79222
1.4863 0.298522 9.21138
1.70124 0.272412 8.96659
1.42635 0.225812 10.292
1.70017 0.106052 7.64219
1.48231 0.274462 12.1938
1.54941 0.267272 9.6112
1.56914 0.240332 6.09565
1.60544 0.104842 8.72271
1.42839 0.0322821 9.43116
1.6475 0.0825321 6.53478
1.48839 0.208612 6.01365
1.57501 0.170212 7.62991
1.44821 0.113442 11.3858
1.6409 0.118682 6.89079
