1.50602 0.154013 10.0326
1.70521 0.140783 7.83831
1.51859 0.275643 10.873
1.46831 0.0339128 10.769
1.56025 0.203393 8.57833
1.60446 0.200193 8.04085
1.4958 0.262493 12.4246
1.42205 0.120233 12.4847
1.72206 0.158463 8.41439
1.52359 0.241913 9.47512
1.65723 0.287083 6.38876
1.57373 0.304363 11.5704
1.47062 0.132043 7.52218
1.69559 0.00230281 7.87222
1.49247 0.296833 12.4949
1.46371 0.117943 8.41301
1.52359 0.145083 7.94907
1.71696 0.0200428 6.3415
1.56991 0.0914328 9.69777
1.70264 0.275413 5.89735
1.71022 0.301003 10.8744
1.45416 0.0415328 9.56019
1.66606 0.0189528 6.74909
1.45975 0.0226028 9.36655
1.42496 0.152413 12.3368
1.70653 0.154803 9.21655
1.44562 0.278833 6.2232
1.44502 0.218513 8.19064
1.68626 0.233423 5.2127
1.52203 0.188293 10.9849
1.62709 0.128013 9.11596
1.44569 0.273153 10.2854
1.61046 0.230933 8.8865
1.46612 0.302443 5.82223
1.57301 0.103383 8.8961
1.71664 0.197863 7.74214
1.52649 0.309553 12.2699
1.48203 0.269453 8.98904
1.42415 0.293873 7.99221
1.42572 0.220973 5.42487
1.58358 0.0475928 5.10995
1.63925 0.264223 5.61222
1.5071 0.292583 11.5061
1.45134 0.154143 9.33733
1.62028 0.143883 9.34989
1.53576 0.295593 8.26861
