1.45209 0.143329 7.21136
1.60822 0.00913938 7.34627
1.41887 0.132229 8.27018
1.42958 0.226899 5.18956
1.61412 0.00667938 7.9443
1.48697 0.278509 9.63044
1.56428 0.215199 12.5412
1.45351 0.133009 4.93978
1.70928 0.122109 10.1573
1.42905 0.110779 5.76332
1.48207 0.156449 9.01314
1.44651 0.184739 9.69773
1.67148 0.276999 7.7608
1.60505 0.00856938 10.4809
1.5355 0.0426994 8.74073
1.47281 0.0274794 9.38867
1.65326 0.0559494 9.05278
1.58035 0.172139 11.7962
1.43242 0.180279 6.28263
1.70813 0.0529894 7.48382
1.70711 0.0714194 7.6065
1.50759 0.0324594 9.46531
1.58877 0.174239 6.37953
1.59208 0.225929 7.9826
1.52882 0.171169 7.87684
1.68961 0.0485794 9.31824
1.63082 0.263769 9.71725
1.45484 0.0230994 7.72788
1.67452 0.168209 9.22614
1.64822 0.170139 6.55013
1.44531 0.304999 8.13112
1.59095 0.215799 8.39931
1.7067 0.246989 7.09406
1.69152 0.198079 5.34713
1.62516 0.205659 11.87
1.4592 0.105249 9.29426
1.41932 0.283349 8.55428
1.56622 0.146189 8.88217
1.64033 0.0240794 7.94901
1.48384 0.00767938 9.21138
1.69499 0.194459 8.30364
1.50349 0.0357194 5.73656
1.51773 0.0958094 7.24223
1.5126 0.168219 7.66866
1.43163 0.280299 7.27102
1.4422 0.139149 6.74294
1.64494 0.0571594 6.99795
1.58912 0.294449 5.1787
1.65008 0.201619 8.2391
1.43251 0.313129 6.46419
1.61273 0.137469 6.55971
1.59316 0.195379 9.40187
