1.61163 0.0635624 7.21136
1.57841 0.0524624 8.27018
1.58912 0.147132 5.18956
1.6465 0.198742 9.63044
1.72382 0.135432 12.5412
1.61304 0.0532424 4.93978
1.58858 0.0310124 5.76332
1.4639 0.125372 10.3407
1.67657 0.246132 7.73981
1.6416 0.0766824 9.01314
1.51921 0.0212124 10.6604
1.60605 0.104972 9.69773
1.4674 0.242322 12.5877
1.43897 0.0816124 6.20019
1.47673 0.0360324 9.14188
1.46957 0.224612 8.73111
1.54306 0.00513238 8.46639
1.56071 0.0780824 8.76033
1.59195 0.100512 6.28263
1.45115 0.126962 6.80289
1.54979 0.247442 7.16549
1.68835 0.0914024 7.87684
1.42635 0.151332 6.78599
1.70331 0.272192 9.01126
1.47539 0.202872 8.44774
1.60484 0.225232 8.13112
1.69182 0.288672 9.15035
1.61874 0.0254824 9.29426
1.57886 0.203582 8.55428
1.72575 0.0664224 8.88217
1.55647 0.0417724 9.75953
1.65299 0.294252 6.08858
1.45868 0.289172 8.08046
1.67726 0.0160424 7.24223
1.4489 0.216802 9.98738
1.67213 0.0884524 7.66866
1.59117 0.200532 7.27102
1.60174 0.0593824 6.74294
1.46744 0.175382 10.0118
1.45578 0.300142 8.04949
1.518 0.292202 9.95921
1.48452 0.305682 3.61214
1.59205 0.233362 6.46419
1.70372 0.243022 9.66441
1.45242 0.154672 11.9383
1.5638 0.0193224 10.0623
