1.48097 0.110882 6.08845
1.63037 0.298902 8.13111
1.56019 0.309702 12.0433
1.66536 0.165882 7.48317
1.53719 0.157892 7.56495
1.46072 0.312302 8.89745
1.60685 0.249672 4.83342
1.6223 0.167782 6.19134
1.54491 0.163102 6.40262
1.49088 0.0817121 10.6224
1.59074 0.144392 7.01074
1.65438 0.264422 9.37649
1.64614 0.158002 4.73505
1.65543 0.298742 9.01191
1.55139 0.183712 5.86146
1.65313 0.0198721 6.51004
1.47082 0.272672 6.12329
1.52682 0.0950621 8.72814
1.58132 0.312102 9.20542
1.64639 0.0483721 8.39158
1.54334 0.0171221 8.85039
1.54261 0.116352 7.24413
1.62541 0.301022 9.14497
1.61798 0.0544521 7.71318
1.47908 0.0126821 6.34262
1.54996 0.0913221 10.6118
1.61211 0.0884521 10.5628
1.54359 0.145332 6.53623
1.67634 0.116162 10.1498
1.48736 0.289572 7.05007
1.59396 0.292162 6.67757
1.51754 0.00536214 3.34318
1.4459 0.236032 5.35547
1.65202 0.0254921 10.1143
1.62348 0.211012 12.5537
1.65158 0.0550521 10.3412
1.50084 0.216042 2.59703
1.64241 0.243852 6.83018
1.68473 0.153332 7.16749
1.57213 0.0535621 8.75734
1.58461 0.198432 8.34197
1.56656 0.252392 10.957
1.42373 0.0426121 8.85798
1.69547 0.0892121 6.43828
1.70278 0.0457621 5.13396
