1.60492 0.232536 8.90281
1.54567 0.0610158 7.83831
1.71626 0.0261358 7.14035
1.65469 0.257056 7.80137
1.60484 0.211996 8.17431
1.44492 0.120426 8.04085
1.58243 0.00646581 9.97669
1.62053 0.303246 10.2848
1.65977 0.114406 8.56252
1.59923 0.231026 6.57714
1.52246 0.297676 7.57764
1.56252 0.0786958 8.41439
1.52402 0.249636 7.72265
1.4977 0.207316 6.38876
1.4142 0.224596 11.5704
1.62857 0.0121558 8.50433
1.54311 0.195646 5.89735
1.55068 0.221236 10.8744
1.64307 0.0107158 6.74028
1.65736 0.265406 8.36558
1.62395 0.296966 8.23762
1.547 0.0750358 9.21655
1.71008 0.197356 5.27226
1.6086 0.0472358 8.22786
1.49785 0.302006 7.62204
1.6267 0.0704558 10.1704
1.68927 0.247366 5.92395
1.52673 0.153656 5.2127
1.46756 0.0482458 9.11596
1.64027 0.189706 7.89086
1.45093 0.151166 8.8865
1.64565 0.225006 9.31683
1.60873 0.293586 6.04908
1.57758 0.00350581 10.5989
1.5571 0.118096 7.74214
1.63876 0.00948581 10.3586
1.42175 0.293556 9.70022
1.61166 0.119156 9.22537
1.62516 0.265546 6.67414
1.68096 0.250476 7.02854
1.47972 0.184456 5.61222
1.48062 0.308276 12.079
1.50332 0.286306 5.12397
1.67677 0.156276 10.1543
1.57565 0.167436 11.3588
1.59489 0.275446 7.31318
1.6984 0.176956 10.1321
1.46074 0.0641158 9.34989
1.61474 0.183506 5.26847
