1.64953 0.242194 6.53953
1.48359 0.225604 10.1919
1.71653 0.105964 7.32341
1.43307 0.227204 5.21027
1.71821 0.0939543 7.17194
1.4788 0.281994 8.02336
1.54618 0.0088943 10.3827
1.55519 0.278814 6.60112
1.48784 0.241684 10.0676
1.57233 0.234624 8.81692
1.44904 0.0979743 11.8414
1.4733 0.203394 7.31655
1.43865 0.0176143 11.4721
1.57796 0.285074 10.097
1.45228 0.260054 7.17227
1.61399 0.0311543 11.0715
1.47413 0.199564 7.71969
1.62351 0.278024 8.87112
1.43214 0.0193343 8.23512
1.47688 0.180884 9.53535
1.56755 0.0792143 3.82463
1.47861 0.0547343 6.39183
1.69175 0.0553643 11.8953
1.47826 0.0223143 8.20971
1.6969 0.312584 8.59988
1.58859 0.266134 9.47317
1.67611 0.208714 8.34567
1.55532 0.263474 6.9164
1.53379 0.239354 6.5519
1.42293 0.0992443 11.5361
1.50864 0.108704 12.6999
1.58731 0.212884 9.81325
1.53088 0.151314 7.67328
1.72287 0.170944 8.02934
1.6434 0.209484 11.414
1.49446 0.232434 11.0413
1.42324 0.0824943 6.95572
1.69529 0.125794 8.86796
1.56108 0.112054 11.6204
1.68252 0.0397743 11.6245
1.58258 0.164754 9.27702
1.58019 0.000974301 8.56464
1.66431 0.0534043 9.51136
1.46789 0.238594 10.3814
1.44771 0.259914 5.54356
1.64838 0.108684 9.62859
