1.56854 0.282691 6.53953
1.63553 0.146461 7.32341
1.63721 0.134451 7.17194
1.6897 0.0124714 10.3407
1.46519 0.0493914 10.3827
1.6932 0.129421 12.5877
1.69537 0.111711 8.73111
1.49133 0.275121 8.81692
1.67695 0.0140614 6.80289
1.62987 0.0264814 7.0433
1.53299 0.0716514 11.0715
1.65215 0.0384314 6.78599
1.7012 0.0899714 8.44774
1.41891 0.0232414 12.3629
1.48656 0.119711 3.82463
1.61076 0.0958614 11.8953
1.5076 0.306631 9.47317
1.59512 0.249211 8.34567
1.68448 0.176271 8.08046
1.67224 0.205051 5.77223
1.6747 0.103901 9.98738
1.64851 0.246681 7.09459
1.47433 0.303971 6.9164
1.4528 0.279851 6.5519
1.42764 0.149201 12.6999
1.50631 0.253381 9.81325
1.69325 0.0624814 10.0118
1.44989 0.191811 7.67328
1.64188 0.211441 8.02934
1.5624 0.249981 11.414
1.68158 0.187241 8.04949
1.6143 0.166291 8.86796
1.48009 0.152551 11.6204
1.60153 0.0802714 11.6245
1.71032 0.192781 3.61214
1.50159 0.205251 9.27702
1.4992 0.0414714 8.56464
1.51118 0.0240614 8.59993
1.58331 0.0939014 9.51136
1.67822 0.0417714 11.9383
1.56738 0.149181 9.62859
