1.43491 0.15192 7.21136
1.59103 0.0177297 7.34627
1.59693 0.0152697 7.9443
1.46979 0.2871 9.63044
1.5471 0.22379 12.5412
1.43633 0.1416 4.93978
1.69209 0.1307 10.1573
1.46489 0.16504 9.01314
1.42933 0.19333 9.69773
1.65429 0.28559 7.7608
1.58786 0.0171597 10.4809
1.51831 0.0512897 8.74073
1.45563 0.0360697 9.38867
1.63607 0.0645397 9.05278
1.56317 0.18073 11.7962
1.41524 0.18887 6.28263
1.69094 0.0615797 7.48382
1.68992 0.0800097 7.6065
1.72528 0.22907 7.17228
1.49041 0.0410497 9.46531
1.57158 0.18283 6.37953
1.57489 0.23452 7.9826
1.51164 0.17976 7.87684
1.67242 0.0571697 9.31824
1.61363 0.27236 9.71725
1.43766 0.0316897 7.72788
1.65733 0.1768 9.22614
1.63103 0.17873 6.55013
1.42813 0.31359 8.13112
1.57376 0.22439 8.39931
1.68951 0.25558 7.09406
1.67433 0.20667 5.34713
1.60797 0.21425 11.87
1.44202 0.11384 9.29426
1.59746 0.00622967 8.9252
1.54904 0.15478 8.88217
1.62314 0.0326697 7.94901
1.46666 0.0162697 9.21138
1.6778 0.20305 8.30364
1.48631 0.0443097 5.73656
1.50055 0.1044 7.24223
1.49542 0.17681 7.66866
1.41445 0.28889 7.27102
1.42502 0.14774 6.74294
1.62775 0.0657497 6.99795
1.57193 0.30304 5.1787
1.63289 0.21021 8.2391
1.59554 0.14606 6.55971
1.57597 0.20397 9.40187
