1.57094 0.188346 6.19461
1.49313 0.283556 9.37164
1.69814 0.192186 9.54773
1.68153 0.225606 9.10726
1.63965 0.125386 7.54688
1.69001 0.108196 8.81649
1.6093 0.290276 7.76683
1.6636 0.307076 7.36461
1.61657 0.0470164 8.13816
1.50737 0.0691364 9.79795
1.49735 0.311896 10.3085
1.45738 0.116206 7.94804
1.70125 0.00760644 8.9649
1.50934 0.142976 9.26338
1.72 0.296686 6.78061
1.59068 0.0246964 8.37107
1.58038 0.0602464 8.42869
1.65069 0.290356 6.57205
1.61611 0.153816 8.42056
1.49055 0.0136264 9.9086
1.58078 0.145976 10.5699
1.4408 0.107746 10.2304
1.54834 0.0818464 5.35347
1.58014 0.00681644 7.07325
1.60623 0.110106 8.88135
1.63942 0.164966 7.49122
1.51121 0.109746 9.19404
1.46491 0.145176 9.34095
1.44291 0.0252164 7.2218
1.54596 0.167796 6.53437
1.61131 0.312796 12.0975
1.70849 0.0617264 7.53375
1.51834 0.0685964 9.51503
1.5433 0.239856 8.74354
1.70283 0.0209464 9.82356
