1.72279 0.0792642 8.13136
1.5959 0.0494742 8.69853
1.65774 0.165134 9.42983
1.48821 0.251324 10.1985
1.66744 0.108064 7.42089
1.66694 0.0539942 7.92899
1.66946 0.213964 7.37324
1.70221 0.263274 14.0718
1.55851 0.0437142 10.1846
1.67093 0.0298842 11.9338
1.54589 0.0267842 11.9504
1.44663 0.236874 6.81326
1.70125 0.278814 8.9649
1.59068 0.295904 8.37107
1.60484 0.176424 6.94769
1.71962 0.102434 9.14889
1.50811 0.167454 10.5855
1.63971 0.0518442 8.95233
1.57528 0.148604 9.40788
1.49388 0.140464 7.6935
1.49055 0.284834 9.9086
1.41434 0.116694 9.99024
1.48821 0.181624 8.92796
1.58014 0.278024 7.07325
1.5055 0.00755424 9.22838
1.63849 0.269384 7.57258
1.72081 0.0696042 7.56544
1.52931 0.0703742 8.99324
1.5905 0.260524 7.9849
1.69407 0.0582242 9.73365
1.6687 0.108364 8.25033
1.44291 0.296424 7.2218
1.68159 0.0407842 5.02904
1.56469 0.204104 12.3679
1.70374 0.118664 9.7349
1.47706 0.159484 6.92325
1.51276 0.0267542 8.43044
1.52908 0.0396942 8.03211
1.70283 0.292154 9.82356
1.44913 0.232054 6.26427
1.60398 0.0627742 6.16866
