1.43925 0.227465 6.08845
1.62364 0.282465 7.48317
1.63152 0.0277747 8.05751
1.49547 0.274475 7.56495
1.69094 0.198115 9.83595
1.63457 0.000684678 6.04407
1.58058 0.284365 6.19134
1.50319 0.279685 6.40262
1.44916 0.198295 10.6224
1.54902 0.260975 7.01074
1.60442 0.274585 4.73505
1.69586 0.0450547 7.43832
1.50967 0.300295 5.86146
1.61141 0.136455 6.51004
1.71082 0.128945 6.16769
1.4851 0.211645 8.72814
1.60467 0.164955 8.39158
1.50162 0.133705 8.85039
1.52034 0.0311347 6.47321
1.50089 0.232935 7.24413
1.57626 0.171035 7.71318
1.43736 0.129265 6.34262
1.71523 0.254255 6.98397
1.50824 0.207905 10.6118
1.58322 0.0618647 5.89698
1.57039 0.205035 10.5628
1.7087 0.0879347 9.60221
1.50187 0.261915 6.53623
1.63462 0.232745 10.1498
1.4393 0.114305 10.2936
1.47582 0.121945 3.34318
1.6103 0.142075 10.1143
1.6749 0.0108047 9.68054
1.43226 0.0859347 7.59352
1.59769 0.00676468 8.46808
1.41934 0.116125 7.65242
1.60986 0.171635 10.3412
1.52923 0.0661747 13.4192
1.50296 0.0356047 5.29349
1.68327 0.0681947 9.6493
1.54055 0.0414547 9.37185
1.53936 0.103835 9.58671
1.64301 0.269915 7.16749
1.53041 0.170145 8.75734
1.71166 0.169985 8.42762
1.60719 0.113365 11.9621
1.65375 0.205795 6.43828
1.66106 0.162345 5.13396
