1.71825 0.207833 6.53953
1.55231 0.191243 10.1919
1.50179 0.192843 5.21027
1.64102 0.304123 8.77379
1.42754 0.205093 7.8833
1.54753 0.247633 8.02336
1.43704 0.0227131 8.89304
1.62391 0.244453 6.60112
1.55656 0.207323 10.0676
1.64105 0.200263 8.81692
1.51776 0.0636131 11.8414
1.46715 0.203763 6.13027
1.54203 0.169033 7.31655
1.55072 0.286323 13.0983
1.48012 0.133253 6.36379
1.64668 0.250713 10.097
1.52101 0.225693 7.17227
1.54286 0.165203 7.71969
1.69223 0.243663 8.87112
1.5456 0.146523 9.53535
1.44182 0.0177231 7.73634
1.63628 0.0448531 3.82463
1.47985 0.200633 6.32903
1.54733 0.0203731 6.39183
1.47504 0.255273 8.01433
1.4251 0.0491731 7.00851
1.65732 0.231773 9.47317
1.44785 0.156543 7.22465
1.62405 0.229113 6.9164
1.60252 0.204993 6.5519
1.49165 0.0648831 11.5361
1.57736 0.0743431 12.6999
1.65603 0.178523 9.81325
1.59961 0.116953 7.67328
1.71212 0.175123 11.414
1.56318 0.198073 11.0413
1.49196 0.0481331 6.95572
1.6298 0.0776931 11.6204
1.65131 0.130393 9.27702
1.53662 0.204233 10.3814
1.51643 0.225553 5.54356
1.52071 0.285833 6.85474
1.45418 0.0764231 7.5048
1.7171 0.0743231 9.62859
