1.65306 0.0831221 8.00668
1.63579 0.164212 8.53792
1.65437 0.209422 12.258
1.70917 0.0987021 11.3447
1.50534 0.00285214 8.6107
1.53676 0.0421221 7.29018
1.4655 0.257542 5.85759
1.72511 0.163482 8.50576
1.57738 0.277702 5.91544
1.65205 0.0452621 4.44041
1.62444 0.0732221 6.35577
1.7245 0.116542 6.5804
1.61825 0.250662 9.69625
1.44103 0.189762 7.17606
1.64287 0.0638321 9.79893
1.48516 0.00480214 7.2562
1.68686 0.0320121 9.72888
1.70037 0.148892 8.46218
1.49361 0.0986121 7.14469
1.55175 0.219902 9.109
1.52783 0.188902 6.96768
1.60806 0.0488021 7.77202
1.45225 0.299712 9.59314
1.62352 0.0607121 8.49857
1.42963 0.0445621 8.44953
1.6911 0.101372 6.30768
1.68455 0.271372 11.0207
1.68926 0.191592 9.36411
1.56712 0.00304214 7.62395
1.48294 0.0139421 5.91364
1.59185 0.0278821 7.53214
1.69454 0.289552 9.32196
1.66013 0.190262 4.37022
1.6607 0.250652 5.50157
1.55656 0.252882 8.19783
1.70017 0.0687621 6.05026
1.55009 0.0238921 4.54847
1.46857 0.287392 7.86821
1.71941 0.0526421 9.84142
1.52546 0.211032 7.07662
1.63067 0.292732 8.51622
1.64608 0.152602 7.21765
1.67799 0.0895821 4.86179
1.53774 0.128922 9.28751
1.58902 0.209212 5.47545
1.42555 0.0955121 9.44892
1.52284 0.117052 9.48576
1.48778 0.212492 8.43702
