1.72279 0.0559477 8.13136
1.5959 0.0261577 8.69853
1.65774 0.141818 9.42983
1.48821 0.228008 10.1985
1.66744 0.0847477 7.42089
1.66694 0.0306777 7.92899
1.66946 0.190648 7.37324
1.70221 0.239958 14.0718
1.61657 0.294908 8.13816
1.55851 0.0203977 10.1846
1.67093 0.00656774 11.9338
1.54589 0.00346774 11.9504
1.44663 0.213558 6.81326
1.70125 0.255498 8.9649
1.59068 0.272588 8.37107
1.58038 0.308138 8.42869
1.60484 0.153108 6.94769
1.71962 0.0791177 9.14889
1.50811 0.144138 10.5855
1.63971 0.0285277 8.95233
1.57528 0.125288 9.40788
1.49388 0.117148 7.6935
1.49055 0.261518 9.9086
1.41434 0.0933777 9.99024
1.48821 0.158308 8.92796
1.58014 0.254708 7.07325
1.63849 0.246068 7.57258
1.72081 0.0462877 7.56544
1.52931 0.0470577 8.99324
1.5905 0.237208 7.9849
1.69407 0.0349077 9.73365
1.6687 0.0850477 8.25033
1.44291 0.273108 7.2218
1.68159 0.0174677 5.02904
1.56469 0.180788 12.3679
1.70374 0.0953477 9.7349
1.70849 0.309618 7.53375
1.47706 0.136168 6.92325
1.51276 0.00343774 8.43044
1.52908 0.0163777 8.03211
1.70283 0.268838 9.82356
1.44913 0.208738 6.26427
1.60398 0.0394577 6.16866
