1.41773 0.16051 7.21136
1.57385 0.02632 7.34627
1.57975 0.02386 7.9443
1.45261 0.29569 9.63044
1.52992 0.23238 12.5412
1.41915 0.15019 4.93978
1.67491 0.13929 10.1573
1.44771 0.17363 9.01314
1.63711 0.29418 7.7608
1.57068 0.02575 10.4809
1.50113 0.05988 8.74073
1.43845 0.04466 9.38867
1.61889 0.07313 9.05278
1.54599 0.18932 11.7962
1.67376 0.07017 7.48382
1.67274 0.0886 7.6065
1.7081 0.23766 7.17228
1.47323 0.04964 9.46531
1.5544 0.19142 6.37953
1.55771 0.24311 7.9826
1.49446 0.18835 7.87684
1.65524 0.06576 9.31824
1.59645 0.28095 9.71725
1.42048 0.04028 7.72788
1.64015 0.18539 9.22614
1.61385 0.18732 6.55013
1.55658 0.23298 8.39931
1.71089 0.24471 11.6453
1.67233 0.26417 7.09406
1.65715 0.21526 5.34713
1.59079 0.22284 11.87
1.42484 0.12243 9.29426
1.58028 0.01482 8.9252
1.53186 0.16337 8.88217
1.60596 0.04126 7.94901
1.44948 0.02486 9.21138
1.66062 0.21164 8.30364
1.46913 0.0529 5.73656
1.48337 0.11299 7.24223
1.47824 0.1854 7.66866
1.44549 0.000799966 12.1938
1.61057 0.07434 6.99795
1.55475 0.31163 5.1787
1.61571 0.2188 8.2391
1.57836 0.15465 6.55971
1.71504 0.06789 9.26881
1.55879 0.21256 9.40187
