1.72026 0.143326 6.86862
1.66327 0.120716 12.0433
1.67237 0.222556 10.6259
1.5638 0.123316 8.89745
1.70993 0.0606857 4.83342
1.50556 0.223966 10.1573
1.64218 0.249706 6.92432
1.64181 0.256826 10.6023
1.5739 0.0836857 6.12329
1.6094 0.172906 10.248
1.44954 0.157806 9.05278
1.50441 0.154846 7.48382
1.50339 0.173276 7.6065
1.6844 0.123116 9.20542
1.62004 0.142526 7.25093
1.48589 0.150436 9.31824
1.4708 0.270066 9.22614
1.4445 0.271996 6.55013
1.59044 0.100586 7.05007
1.66247 0.267206 2.86335
1.4878 0.299936 5.34713
1.42144 0.307516 11.87
1.69704 0.103176 6.67757
1.44099 0.0536557 8.02927
1.54898 0.0470457 5.35547
1.72656 0.0220257 12.5537
1.43661 0.125936 7.94901
1.62104 0.167166 10.6196
1.49127 0.296316 8.30364
1.49507 0.0834257 8.96659
1.57784 0.291016 8.85975
1.70592 0.161736 6.37333
1.59199 0.264326 7.24938
1.72378 0.296046 9.80952
1.44122 0.159016 6.99795
1.60392 0.0270557 2.59703
1.44636 0.303476 8.2391
1.63685 0.197046 6.44337
1.70309 0.173166 7.59023
1.68769 0.00944571 8.34197
1.70215 0.128666 10.9833
1.66964 0.0634057 10.957
1.54569 0.152566 9.26881
