1.46184 0.131923 10.0326
1.72028 0.290213 8.90281
1.66103 0.118693 7.83831
1.47441 0.253553 10.873
1.42413 0.0118235 10.769
1.51607 0.181303 8.57833
1.7202 0.269673 8.17431
1.56028 0.178103 8.04085
1.69779 0.0641435 9.97669
1.45162 0.240403 12.4246
1.71458 0.288703 6.57714
1.67788 0.136373 8.41439
1.63938 0.307313 7.72265
1.47941 0.219823 9.47512
1.61306 0.264993 6.38876
1.52956 0.282273 11.5704
1.42644 0.109953 7.52218
1.44829 0.274743 12.4949
1.41953 0.0958535 8.41301
1.47941 0.122993 7.94907
1.52573 0.0693435 9.69777
1.65847 0.253323 5.89735
1.66604 0.278913 10.8744
1.41557 0.000513485 9.36655
1.66235 0.132713 9.21655
1.72395 0.104913 8.22786
1.64208 0.211333 5.2127
1.47785 0.166203 10.9849
1.58292 0.105923 9.11596
1.56628 0.208843 8.8865
1.42194 0.280353 5.82223
1.69293 0.0611835 10.5989
1.52884 0.0812935 8.8961
1.67246 0.175773 7.74214
1.72701 0.176833 9.22537
1.48231 0.287463 12.2699
1.43786 0.247363 8.98904
1.5394 0.0255035 5.10995
1.59507 0.242133 5.61222
1.46292 0.270493 11.5061
1.691 0.225113 11.3588
1.5761 0.121793 9.34989
1.49158 0.273503 8.26861
