1.49494 0.288198 5.49643
1.48985 0.000516957 6.57907
1.52344 0.076707 5.39164
1.69398 0.071717 8.04004
1.46964 0.00625696 10.8164
1.45007 0.27878 8.70002
1.46012 0.057077 10.0605
1.58353 0.029797 8.8288
1.42463 0.308995 11.5783
1.58481 0.166637 9.07765
1.48246 0.199397 10.1957
1.59249 0.073047 9.83798
1.4541 0.078407 11.9089
1.60666 0.026157 4.65153
1.58136 0.282692 8.61454
1.44641 0.223747 8.2235
1.56008 0.043637 10.6401
1.70908 0.184637 9.48351
1.4268 0.015237 7.48278
1.52921 0.268869 7.47052
1.46039 0.267529 5.86824
1.63531 0.040627 11.3125
1.41507 0.272256 9.94106
1.7228 0.182027 5.64483
1.52067 0.098227 9.50062
1.71585 0.010867 10.1045
1.67896 0.147977 5.5814
1.70958 0.026897 10.4344
1.47227 0.173327 8.86507
1.59063 0.254578 8.29084
1.65906 0.219377 9.66419
1.59362 0.080157 1.79944
1.62826 0.254547 6.58664
1.681 0.169097 6.18782
1.64491 0.060747 6.68269
1.46863 0.083417 7.73531
1.4166 0.071087 10.2291
1.5314 0.183957 5.05418
1.52161 0.198517 11.0336
1.51991 0.237714 10.8973
1.59941 0.119867 5.76839
1.49261 0.138287 3.32247
1.64802 0.103767 10.4545
1.56737 0.088497 9.17467
1.67213 0.26745 5.63548
1.47571 0.102187 7.30187
