1.72702 0.102212 7.31245
1.65971 0.0653716 6.35737
1.63422 0.150612 5.94039
1.41865 0.308632 8.4936
1.72049 0.195892 10.4156
1.60495 0.0412816 9.89792
1.46266 0.215992 10.0795
1.46785 0.174042 12.458
1.71166 0.275682 9.98965
1.66383 0.202552 11.3613
1.51652 0.0709316 8.1405
1.67142 0.159742 7.58633
1.72484 0.143052 7.48718
1.44978 0.115572 8.09945
1.44414 0.0271316 12.7998
1.46083 0.139892 9.85298
1.59584 0.0013316 5.04181
1.65106 0.303432 12.3485
1.43035 0.112232 9.76161
1.47304 0.0075316 8.80065
1.61589 0.134512 9.52581
1.46862 0.282862 7.60748
1.46538 0.256882 7.75364
1.62186 0.210472 11.7225
1.71828 0.104092 11.0487
1.67796 0.0815516 9.65317
1.69536 0.0097216 6.87333
1.60635 0.285172 8.30835
1.59976 0.0957216 9.06267
1.42052 0.0471016 10.6129
1.67835 0.0606916 7.04585
1.58447 0.0582616 8.60217
1.52744 0.105772 11.2664
1.65169 0.0979316 12.1529
1.59878 0.0438916 10.0811
1.5289 0.103542 11.3707
1.45717 0.182812 6.80955
1.69115 0.284222 9.2944
1.52565 0.293522 7.95035
1.7181 0.189492 9.7806
1.50075 0.0599716 6.29525
1.59083 0.229962 7.93248
1.64148 0.0396616 9.79269
1.55131 0.202482 7.5046
1.6511 0.289442 6.53551
1.54937 0.249992 9.41331
1.59159 0.116392 6.42572
1.59564 0.133642 9.07474
1.65253 0.0532916 9.39255
1.49512 0.188862 12.6634
1.7256 0.199102 7.51821
1.60702 0.284162 7.5089
1.68435 0.229612 8.53727
1.43793 0.293582 6.57324
1.52604 0.241282 5.94865
1.69276 0.0694116 7.93291
1.65929 0.0898516 9.50448
1.43293 0.0887716 8.17665
1.59243 0.191882 9.3563
1.5701 0.245992 10.783
1.42993 0.236032 6.34104
1.72589 0.0588216 8.8904
