1.72279 0.178666 8.13136
1.5959 0.148876 8.69853
1.65774 0.264536 9.42983
1.66744 0.207466 7.42089
1.66694 0.153396 7.92899
1.6385 0.0800062 9.39184
1.58972 0.0186862 6.00485
1.66946 0.313366 7.37324
1.6621 0.0838762 9.35374
1.55851 0.143116 10.1846
1.54911 0.0368162 10.6279
1.67093 0.129286 11.9338
1.54589 0.126186 11.9504
1.48206 0.0051362 6.98397
1.5914 0.0848462 12.7744
1.5637 0.0184462 9.52918
1.60484 0.275826 6.94769
1.71962 0.201836 9.14889
1.50811 0.266856 10.5855
1.63971 0.151246 8.95233
1.57008 0.0538562 4.57745
1.57528 0.248006 9.40788
1.49388 0.239866 7.6935
1.54615 0.0029562 7.50102
1.41434 0.216096 9.99024
1.48821 0.281026 8.92796
1.61102 0.0567062 9.03485
1.5055 0.106956 9.22838
1.54351 0.0694362 6.2887
1.54082 0.0286662 10.3397
1.72081 0.169006 7.56544
1.58178 0.0815762 9.15752
1.52931 0.169776 8.99324
1.69407 0.157626 9.73365
1.6687 0.207766 8.25033
1.68159 0.140186 5.02904
1.56469 0.303506 12.3679
1.69851 0.0502362 7.92413
1.70374 0.218066 9.7349
1.64726 0.0342862 8.68781
1.60954 0.0954762 8.16371
1.47706 0.258886 6.92325
1.51276 0.126156 8.43044
1.517 0.0225662 9.07249
1.50513 0.0668562 9.93495
1.52908 0.139096 8.03211
1.60398 0.162176 6.16866
