1.64365 0.242351 7.18776
1.49313 0.0418011 9.37164
1.71404 0.106791 9.70339
1.63709 0.0825211 9.44493
1.48985 0.247181 6.57907
1.43573 0.145571 5.41518
1.65218 0.241431 9.33824
1.70721 0.109051 7.33901
1.6093 0.0485211 7.76683
1.60936 0.149641 9.65105
1.6636 0.0653211 7.36461
1.46964 0.252921 10.8164
1.59249 0.171911 7.87974
1.46012 0.303741 10.0605
1.48132 0.199461 9.38908
1.58353 0.276461 8.8288
1.59931 0.165561 7.88671
1.60666 0.272821 4.65153
1.54492 0.0956711 11.2008
1.56008 0.290301 10.6401
1.49735 0.0701411 10.3085
1.4268 0.261901 7.48278
1.59827 0.165591 8.5693
1.72 0.0549311 6.78061
1.60213 0.172391 5.27358
1.63531 0.287291 11.3125
1.72652 0.104201 9.18662
1.57886 0.0764511 10.926
1.47317 0.235571 9.88451
1.65069 0.0486011 6.57205
1.65499 0.130271 8.01684
1.71585 0.257531 10.1045
1.70958 0.273561 10.4344
1.4544 0.199261 10.8479
1.66064 0.127461 11.0462
1.66493 0.181221 4.13992
1.67068 0.204531 7.31184
1.49846 0.207031 9.96904
1.64491 0.307411 6.68269
1.45691 0.179741 6.67278
1.46823 0.0984211 9.37908
1.56995 0.170341 10.9693
1.61347 0.215651 12.2061
1.62247 0.124091 9.28645
1.61131 0.0710411 12.0975
1.47107 0.101851 9.39051
1.44929 0.0929511 3.84092
1.62887 0.177591 10.4939
