1.68988 0.0887221 8.37516
1.5598 0.0831221 8.00668
1.54252 0.164212 8.53792
1.56111 0.209422 12.258
1.61591 0.0987021 11.3447
1.44349 0.0421221 7.29018
1.63184 0.163482 8.50576
1.48412 0.277702 5.91544
1.55878 0.0452621 4.44041
1.53117 0.0732221 6.35577
1.70112 0.150472 7.1591
1.70224 0.0795121 8.10658
1.63123 0.116542 6.5804
1.52498 0.250662 9.69625
1.54961 0.0638321 9.79893
1.59359 0.0320121 9.72888
1.6071 0.148892 8.46218
1.45848 0.219902 9.109
1.43456 0.188902 6.96768
1.5148 0.0488021 7.77202
1.65199 0.290302 8.92775
1.66314 0.123192 8.77708
1.53026 0.0607121 8.49857
1.59784 0.101372 6.30768
1.59128 0.271372 11.0207
1.67088 0.00495214 8.37628
1.59599 0.191592 9.36411
1.47385 0.00304214 7.62395
1.49858 0.0278821 7.53214
1.60127 0.289552 9.32196
1.56686 0.190262 4.37022
1.56743 0.250652 5.50157
1.4633 0.252882 8.19783
1.60691 0.0687621 6.05026
1.68854 0.170932 10.8239
1.45683 0.0238921 4.54847
1.70959 0.300332 6.02306
1.62614 0.0526421 9.84142
1.43219 0.211032 7.07662
1.6996 0.166672 7.59257
1.66679 0.182512 9.49395
1.5374 0.292732 8.51622
1.55281 0.152602 7.21765
1.58473 0.0895821 4.86179
1.44447 0.128922 9.28751
1.71276 0.114002 8.88375
1.49576 0.209212 5.47545
1.64995 0.255992 6.26307
1.42958 0.117052 9.48576
1.6607 0.267612 10.8593
