1.57094 0.0558105 6.19461
1.49313 0.15102 9.37164
1.71404 0.21601 9.70339
1.69814 0.0596505 9.54773
1.63709 0.19174 9.44493
1.68153 0.0930705 9.10726
1.43573 0.25479 5.41518
1.70721 0.21827 7.33901
1.6093 0.15774 7.76683
1.60936 0.25886 9.65105
1.6636 0.17454 7.36461
1.59249 0.28113 7.87974
1.48132 0.30868 9.38908
1.59931 0.27478 7.88671
1.54492 0.20489 11.2008
1.49735 0.17936 10.3085
1.50934 0.0104405 9.26338
1.59827 0.27481 8.5693
1.72 0.16415 6.78061
1.60213 0.28161 5.27358
1.72652 0.21342 9.18662
1.57886 0.18567 10.926
1.65069 0.15782 6.57205
1.65499 0.23949 8.01684
1.61611 0.0212805 8.42056
1.58078 0.0134405 10.5699
1.4544 0.30848 10.8479
1.66064 0.23668 11.0462
1.63942 0.0324305 7.49122
1.66493 0.29044 4.13992
1.67068 0.31375 7.31184
1.45691 0.28896 6.67278
1.46491 0.0126405 9.34095
1.46823 0.20764 9.37908
1.56995 0.27956 10.9693
1.54596 0.0352605 6.53437
1.62247 0.23331 9.28645
1.61131 0.18026 12.0975
1.47107 0.21107 9.39051
1.44929 0.20217 3.84092
1.5433 0.10732 8.74354
1.62887 0.28681 10.4939
