1.42993 0.11597 10.0326
1.68837 0.27426 8.90281
1.62912 0.10274 7.83831
1.47784 0.30786 11.7371
1.4425 0.2376 10.873
1.48416 0.16535 8.57833
1.68829 0.25372 8.17431
1.52837 0.16215 8.04085
1.66588 0.0481901 9.97669
1.41971 0.22445 12.4246
1.68268 0.27275 6.57714
1.70239 0.0402201 10.4727
1.64597 0.12042 8.41439
1.60747 0.29136 7.72265
1.44751 0.20387 9.47512
1.58115 0.24904 6.38876
1.49765 0.26632 11.5704
1.41638 0.25879 12.4949
1.71202 0.0538801 8.50433
1.4475 0.10704 7.94907
1.49382 0.0533901 9.69777
1.62656 0.23737 5.89735
1.63413 0.26296 10.8744
1.72651 0.0524401 6.74028
1.63044 0.11676 9.21655
1.69205 0.0889601 8.22786
1.71015 0.11218 10.1704
1.61017 0.19538 5.2127
1.44594 0.15025 10.9849
1.55101 0.0899701 9.11596
1.72372 0.23143 7.89086
1.53438 0.19289 8.8865
1.66102 0.0452301 10.5989
1.49693 0.0653401 8.8961
1.64055 0.15982 7.74214
1.72221 0.0512101 10.3586
1.69511 0.16088 9.22537
1.4504 0.27151 12.2699
1.70861 0.30727 6.67414
1.50749 0.00955008 5.10995
1.56316 0.22618 5.61222
1.43101 0.25454 11.5061
1.65909 0.20916 11.3588
1.54419 0.10584 9.34989
1.45967 0.25755 8.26861
1.69819 0.22523 5.26847
