1.56621 0.164662 5.2493
1.63692 0.303122 10.0795
1.64211 0.261172 12.458
1.41416 0.136792 7.80137
1.49067 0.0123317 8.74819
1.4801 0.229142 7.15422
1.53608 0.217312 10.5645
1.53795 0.224002 11.2394
1.69078 0.158062 8.1405
1.54197 0.0280117 13.2212
1.67837 0.0612317 11.1315
1.45431 0.304472 7.75577
1.62404 0.202702 8.09945
1.6184 0.114262 12.7998
1.63509 0.227022 9.85298
1.51539 0.182652 4.88651
1.60461 0.199362 9.76161
1.6473 0.0946617 8.80065
1.64742 0.0106417 8.41183
1.59479 0.134232 10.6129
1.70171 0.192902 11.2664
1.70316 0.190672 11.3707
1.63143 0.269942 6.80955
1.54578 0.0734217 8.85913
1.41684 0.145142 8.36558
1.41569 0.236092 7.70532
1.46956 0.0770917 5.27226
1.5298 0.0309017 10.1091
1.59801 0.0693317 7.63856
1.51776 0.0543817 9.2042
1.49067 0.113772 9.48219
1.67501 0.147102 6.29525
1.44875 0.127102 5.92395
1.72557 0.289612 7.5046
1.49528 0.0593517 9.01659
1.66938 0.275992 12.6634
1.49148 0.239432 7.78005
1.58249 0.0865617 6.82729
1.55536 0.153042 7.95658
1.41695 0.272222 8.41201
1.60719 0.175902 8.17665
1.55857 0.171192 7.72861
1.71584 0.0399917 8.63258
1.44043 0.130212 7.02854
1.6476 0.0790117 5.86578
1.53521 0.215042 7.12577
1.43624 0.0360117 10.1543
1.57571 0.0836217 8.85094
1.45787 0.0566917 10.1321
