1.62145 0.0586536 7.21136
1.41955 0.254454 7.32341
1.58823 0.0475536 8.27018
1.59894 0.142224 5.18956
1.65632 0.193834 9.63044
1.42123 0.242444 7.17194
1.62286 0.0483336 4.93978
1.5984 0.0261036 5.76332
1.47371 0.120464 10.3407
1.68639 0.241224 7.73981
1.65142 0.0717736 9.01314
1.52903 0.0163036 10.6604
1.61587 0.100064 9.69773
1.47721 0.237414 12.5877
1.44879 0.0767036 6.20019
1.48655 0.0311236 9.14188
1.47939 0.219704 8.73111
1.55288 0.000223642 8.46639
1.57053 0.0731736 8.76033
1.60177 0.0956036 6.28263
1.46096 0.122054 6.80289
1.41389 0.134474 7.0433
1.55961 0.242534 7.16549
1.69817 0.0864936 7.87684
1.43617 0.146424 6.78599
1.71313 0.267284 9.01126
1.48521 0.197964 8.44774
1.61466 0.220324 8.13112
1.70163 0.283764 9.15035
1.6231 0.310474 9.59547
1.62856 0.0205736 9.29426
1.58868 0.198674 8.55428
1.56628 0.0368636 9.75953
1.66281 0.289344 6.08858
1.46849 0.284264 8.08046
1.45625 0.313044 5.77223
1.68708 0.0111336 7.24223
1.45872 0.211894 9.98738
1.68195 0.0835436 7.66866
1.60098 0.195624 7.27102
1.61155 0.0544736 6.74294
1.47726 0.170474 10.0118
1.4656 0.295234 8.04949
1.52781 0.287294 9.95921
1.49433 0.300774 3.61214
1.60186 0.228454 6.46419
1.71354 0.238114 9.66441
1.46224 0.149764 11.9383
1.57362 0.0144136 10.0623
