1.53294 0.0146418 10.1853
1.61308 0.272822 8.69853
1.47495 0.0729418 9.83595
1.68412 0.277342 7.92899
1.65568 0.203952 9.39184
1.6069 0.142632 6.00485
1.60084 0.0587918 8.80242
1.60699 0.0151618 9.6439
1.67928 0.207822 9.35374
1.49483 0.00377185 6.16769
1.55671 0.0656018 7.40473
1.58664 0.0349818 6.64655
1.57569 0.267062 10.1846
1.56629 0.160762 10.6279
1.68811 0.253232 11.9338
1.59171 0.122172 5.92509
1.56307 0.250132 11.9504
1.63993 0.119062 9.6978
1.49924 0.129082 6.98397
1.60858 0.208792 12.7744
1.62532 0.116972 9.42632
1.66029 0.104482 7.91843
1.58088 0.142392 9.52918
1.41863 0.107572 10.1498
1.54165 0.00747185 7.55029
1.65689 0.275192 8.95233
1.58726 0.177802 4.57745
1.66836 0.0452218 10.4128
1.56333 0.126902 7.50102
1.6282 0.180652 9.03485
1.52268 0.230902 9.22838
1.56069 0.193382 6.2887
1.558 0.152612 10.3397
1.59896 0.205522 9.15752
1.54649 0.293722 8.99324
1.71125 0.281572 9.73365
1.52474 0.101532 11.6866
1.69877 0.264132 5.02904
1.71569 0.174182 7.92413
1.42702 0.144742 7.16749
1.66444 0.158232 8.68781
1.62672 0.219422 8.16371
1.52994 0.250102 8.43044
1.53418 0.146512 9.07249
1.49567 0.0448118 8.42762
1.52231 0.190802 9.93495
1.54626 0.263042 8.03211
1.43776 0.0806218 6.43828
1.62116 0.286122 6.16866
1.44507 0.0371718 5.13396
