1.72279 0.238798 8.13136
1.5959 0.209008 8.69853
1.45777 0.00912825 9.83595
1.66744 0.267598 7.42089
1.66694 0.213528 7.92899
1.6385 0.140138 9.39184
1.58972 0.0788182 6.00485
1.6621 0.144008 9.35374
1.53953 0.00178825 7.40473
1.55851 0.203248 10.1846
1.54911 0.0969482 10.6279
1.67093 0.189418 11.9338
1.57453 0.0583582 5.92509
1.54589 0.186318 11.9504
1.62275 0.0552482 9.6978
1.48206 0.0652682 6.98397
1.5914 0.144978 12.7744
1.60814 0.0531582 9.42632
1.64311 0.0406682 7.91843
1.5637 0.0785782 9.52918
1.71962 0.261968 9.14889
1.63971 0.211378 8.95233
1.57008 0.113988 4.57745
1.57528 0.308138 9.40788
1.49388 0.299998 7.6935
1.54615 0.0630882 7.50102
1.41434 0.276228 9.99024
1.61102 0.116838 9.03485
1.5055 0.167088 9.22838
1.54351 0.129568 6.2887
1.54082 0.0887982 10.3397
1.72081 0.229138 7.56544
1.58178 0.141708 9.15752
1.52931 0.229908 8.99324
1.69407 0.217758 9.73365
1.6687 0.267898 8.25033
1.50756 0.0377182 11.6866
1.68159 0.200318 5.02904
1.69851 0.110368 7.92413
1.70374 0.278198 9.7349
1.64726 0.0944182 8.68781
1.60954 0.155608 8.16371
1.51276 0.186288 8.43044
1.517 0.0826982 9.07249
1.50513 0.126988 9.93495
1.52908 0.199228 8.03211
1.42058 0.0168082 6.43828
1.60398 0.222308 6.16866
