1.62954 0.171449 6.35558
1.7043 0.261359 12.4847
1.63934 0.157349 9.08387
1.62951 0.023309 10.0863
1.69853 0.134069 5.50001
1.6944 0.199409 7.07294
1.59316 0.074219 7.18692
1.642 0.049619 6.57828
1.70721 0.293539 12.3368
1.64602 0.203949 10.1404
1.5985 0.158119 5.80099
1.59473 0.052959 12.0625
1.58737 0.158819 9.88572
1.58229 0.256689 10.087
1.66987 0.278589 4.73315
1.7059 0.126149 7.21255
1.64082 0.140769 10.4478
1.68073 0.103629 13.8328
1.69643 0.100539 7.52441
1.66549 0.113049 8.90965
1.67996 0.154889 9.41877
1.63226 0.245629 5.20822
