1.41923 0.103633 7.34627
1.678 0.113353 12.0433
1.42513 0.101173 7.9443
1.6871 0.215193 10.6259
1.57853 0.115953 8.89745
1.72466 0.0533226 4.83342
1.52029 0.216603 10.1573
1.65691 0.242343 6.92432
1.65654 0.249463 10.6023
1.41606 0.103063 10.4809
1.58863 0.0763226 6.12329
1.62413 0.165543 10.248
1.46427 0.150443 9.05278
1.51914 0.147483 7.48382
1.51812 0.165913 7.6065
1.69913 0.115753 9.20542
1.63477 0.135163 7.25093
1.50062 0.143073 9.31824
1.48553 0.262703 9.22614
1.45923 0.264633 6.55013
1.60517 0.0932226 7.05007
1.6772 0.259843 2.86335
1.50253 0.292573 5.34713
1.43617 0.300153 11.87
1.71177 0.0958126 6.67757
1.42566 0.0921326 8.9252
1.45572 0.0462926 8.02927
1.56371 0.0396826 5.35547
1.45134 0.118573 7.94901
1.63577 0.159803 10.6196
1.506 0.288953 8.30364
1.5098 0.0760626 8.96659
1.59257 0.283653 8.85975
1.72065 0.154373 6.37333
1.60672 0.256963 7.24938
1.45595 0.151653 6.99795
1.61865 0.0196926 2.59703
1.46109 0.296113 8.2391
1.65158 0.189683 6.44337
1.71782 0.165803 7.59023
1.42374 0.231963 6.55971
1.70242 0.0020826 8.34197
1.71688 0.121303 10.9833
1.68437 0.0560426 10.957
1.56042 0.145203 9.26881
