1.59445 0.0721527 7.21136
1.56123 0.0610527 8.27018
1.57194 0.155723 5.18956
1.62932 0.207333 9.63044
1.70663 0.144023 12.5412
1.59586 0.0618327 4.93978
1.5714 0.0396027 5.76332
1.44672 0.133963 10.3407
1.65939 0.254723 7.73981
1.62442 0.0852727 9.01314
1.50203 0.0298027 10.6604
1.58887 0.113563 9.69773
1.45022 0.250913 12.5877
1.42179 0.0902027 6.20019
1.45955 0.0446227 9.14188
1.45239 0.233203 8.73111
1.52588 0.0137227 8.46639
1.54353 0.0866727 8.76033
1.72271 0.100963 11.7962
1.57477 0.109103 6.28263
1.43397 0.135553 6.80289
1.53261 0.256033 7.16549
1.67117 0.0999927 7.87684
1.68613 0.280783 9.01126
1.45821 0.211463 8.44774
1.58766 0.233823 8.13112
1.67463 0.297263 9.15035
1.60156 0.0340727 9.29426
1.56168 0.212173 8.55428
1.71458 0.259913 8.09062
1.70857 0.0750127 8.88217
1.53929 0.0503627 9.75953
1.63581 0.302843 6.08858
1.4415 0.297763 8.08046
1.66008 0.0246327 7.24223
1.43172 0.225393 9.98738
1.65495 0.0970427 7.66866
1.57399 0.209123 7.27102
1.58456 0.0679727 6.74294
1.45026 0.183973 10.0118
1.4386 0.308733 8.04949
1.50081 0.300793 9.95921
1.57487 0.241953 6.46419
1.68654 0.251613 9.66441
1.43524 0.163263 11.9383
1.54662 0.0279127 10.0623
