1.61625 0.233793 11.2358
1.49494 0.204749 5.49643
1.45007 0.195332 8.70002
1.42463 0.225546 11.5783
1.58481 0.0831884 9.07765
1.48246 0.115948 10.1957
1.64348 0.273806 8.03949
1.58136 0.199243 8.61454
1.44641 0.140298 8.2235
1.70908 0.101188 9.48351
1.58665 0.241537 9.15397
1.52921 0.185421 7.47052
1.66922 0.280102 7.31087
1.46039 0.184081 5.86824
1.611 0.269567 9.11878
1.41507 0.188808 9.94106
1.44799 0.305012 9.83102
1.7228 0.0985784 5.64483
1.52067 0.0147784 9.50062
1.67896 0.0645284 5.5814
1.47781 0.294879 8.75275
1.5799 0.303748 9.00137
1.47227 0.0898784 8.86507
1.59063 0.171129 8.29084
1.65906 0.135928 9.66419
1.62826 0.171098 6.58664
1.681 0.0856484 6.18782
1.42311 0.274553 8.00612
1.70245 0.296684 6.308
1.5314 0.100508 5.05418
1.52161 0.115068 11.0336
1.51991 0.154265 10.8973
1.59941 0.0364184 5.76839
1.49261 0.0548384 3.32247
1.64802 0.0203184 10.4545
1.56737 0.0050484 9.17467
1.67213 0.184002 5.63548
1.47571 0.0187384 7.30187
