1.45765 0.274634 6.86862
1.47084 0.241224 8.13111
1.52184 0.273474 10.9825
1.50583 0.108204 7.48317
1.71126 0.223734 8.69853
1.57313 0.0238545 9.83595
1.44732 0.191994 4.83342
1.46277 0.110104 6.19134
1.43121 0.0867145 7.01074
1.70508 0.0935445 6.00485
1.49485 0.206744 9.37649
1.69902 0.00970446 8.80242
1.48661 0.100324 4.73505
1.4959 0.241064 9.01191
1.65489 0.0165145 7.40473
1.67387 0.217974 10.1846
1.52806 0.304394 6.3685
1.66447 0.111674 10.6279
1.42179 0.254424 9.20542
1.68989 0.0730845 5.92509
1.46588 0.243344 9.14497
1.66125 0.201044 11.9504
1.59742 0.0799945 6.98397
1.70676 0.159704 12.7744
1.7235 0.0678845 9.42632
1.67906 0.0933045 9.52918
1.45258 0.0307745 10.5628
1.51681 0.0584845 10.1498
1.68544 0.128714 4.57745
1.43443 0.234484 6.67757
1.66151 0.0778145 7.50102
1.5297 0.290954 9.99024
1.46395 0.153334 12.5537
1.72638 0.131564 9.03485
1.62086 0.181814 9.22838
1.65887 0.144294 6.2887
1.65618 0.103524 10.3397
1.44331 0.293044 6.37333
1.69714 0.156434 9.15752
1.64467 0.244634 8.99324
1.44048 0.304474 7.59023
1.62292 0.0524445 11.6866
1.48288 0.186174 6.83018
1.5252 0.0956545 7.16749
1.7249 0.170334 8.16371
1.42508 0.140754 8.34197
1.43954 0.259974 10.9833
1.62812 0.201014 8.43044
1.63236 0.0974245 9.07249
1.62049 0.141714 9.93495
1.64444 0.213954 8.03211
1.53594 0.0315345 6.43828
1.71934 0.237034 6.16866
