1.57094 0.206754 6.19461
1.49313 0.301964 9.37164
1.69814 0.210594 9.54773
1.68153 0.244014 9.10726
1.63965 0.143794 7.54688
1.69001 0.126604 8.81649
1.6093 0.308684 7.76683
1.70221 0.0104742 14.0718
1.61657 0.0654242 8.13816
1.50737 0.0875442 9.79795
1.45738 0.134614 7.94804
1.70125 0.0260142 8.9649
1.50934 0.161384 9.26338
1.59068 0.0431042 8.37107
1.58038 0.0786542 8.42869
1.65069 0.308764 6.57205
1.61611 0.172224 8.42056
1.49055 0.0320342 9.9086
1.58078 0.164384 10.5699
1.4408 0.126154 10.2304
1.54834 0.100254 5.35347
1.58014 0.0252242 7.07325
1.60623 0.128514 8.88135
1.63942 0.183374 7.49122
1.63849 0.0165842 7.57258
1.5905 0.00772421 7.9849
1.51121 0.128154 9.19404
1.46491 0.163584 9.34095
1.44291 0.0436242 7.2218
1.54596 0.186204 6.53437
1.70849 0.0801342 7.53375
1.51834 0.0870042 9.51503
1.5433 0.258264 8.74354
1.70283 0.0393542 9.82356
