1.47606 0.110882 6.08845
1.62546 0.298902 8.13111
1.55528 0.309702 12.0433
1.66045 0.165882 7.48317
1.53228 0.157892 7.56495
1.72775 0.0815321 9.83595
1.45581 0.312302 8.89745
1.60194 0.249672 4.83342
1.61739 0.167782 6.19134
1.54 0.163102 6.40262
1.48597 0.0817121 10.6224
1.58583 0.144392 7.01074
1.64947 0.264422 9.37649
1.64123 0.158002 4.73505
1.65052 0.298742 9.01191
1.54648 0.183712 5.86146
1.64822 0.0198721 6.51004
1.46591 0.272672 6.12329
1.52191 0.0950621 8.72814
1.57641 0.312102 9.20542
1.64148 0.0483721 8.39158
1.53843 0.0171221 8.85039
1.5377 0.116352 7.24413
1.6205 0.301022 9.14497
1.61307 0.0544521 7.71318
1.47417 0.0126821 6.34262
1.54505 0.0913221 10.6118
1.6072 0.0884521 10.5628
1.53868 0.145332 6.53623
1.67143 0.116162 10.1498
1.48245 0.289572 7.05007
1.58905 0.292162 6.67757
1.51263 0.00536214 3.34318
1.44099 0.236032 5.35547
1.64711 0.0254921 10.1143
1.61857 0.211012 12.5537
1.64667 0.0550521 10.3412
1.49593 0.216042 2.59703
1.6375 0.243852 6.83018
1.67982 0.153332 7.16749
1.56722 0.0535621 8.75734
1.5797 0.198432 8.34197
1.56165 0.252392 10.957
1.41882 0.0426121 8.85798
1.69056 0.0892121 6.43828
1.69787 0.0457621 5.13396
