1.63126 0.0537449 7.21136
1.42937 0.249545 7.32341
1.59804 0.0426449 8.27018
1.60875 0.137315 5.18956
1.66614 0.188925 9.63044
1.43105 0.237535 7.17194
1.63268 0.0434249 4.93978
1.60821 0.0211949 5.76332
1.48353 0.115555 10.3407
1.69621 0.236315 7.73981
1.66124 0.0668649 9.01314
1.53884 0.0113949 10.6604
1.62568 0.0951549 9.69773
1.48703 0.232505 12.5877
1.45861 0.0717949 6.20019
1.49637 0.0262149 9.14188
1.48921 0.214795 8.73111
1.58034 0.0682649 8.76033
1.61159 0.0906949 6.28263
1.47078 0.117145 6.80289
1.42371 0.129565 7.0433
1.56943 0.237625 7.16549
1.70799 0.0815849 7.87684
1.44599 0.141515 6.78599
1.72295 0.262375 9.01126
1.49503 0.193055 8.44774
1.62448 0.215415 8.13112
1.71145 0.278855 9.15035
1.63291 0.305565 9.59547
1.63837 0.0156649 9.29426
1.59849 0.193765 8.55428
1.5761 0.0319549 9.75953
1.67263 0.284435 6.08858
1.47831 0.279355 8.08046
1.46607 0.308135 5.77223
1.6969 0.0062249 7.24223
1.46853 0.206985 9.98738
1.69177 0.0786349 7.66866
1.6108 0.190715 7.27102
1.62137 0.0495649 6.74294
1.48708 0.165565 10.0118
1.47541 0.290325 8.04949
1.53763 0.282385 9.95921
1.50415 0.295865 3.61214
1.61168 0.223545 6.46419
1.72336 0.233205 9.66441
1.47206 0.144855 11.9383
1.58344 0.0095049 10.0623
