1.5688 0.244492 10.1494
1.64829 0.213912 5.25027
1.43949 0.180842 8.05486
1.41847 0.185162 12.9946
1.51007 0.196632 8.86592
1.53194 0.0960021 7.47419
1.52314 0.141402 11.8625
1.48762 0.0262221 7.68539
1.49367 0.276762 10.1832
1.47605 0.0185921 8.58276
1.51506 0.243702 7.96303
1.5568 0.105022 7.31622
1.41834 0.106952 9.26445
1.57337 0.0320521 8.50235
1.54374 0.0295721 8.22871
1.72108 0.266672 9.18508
1.58248 0.0916621 4.35333
1.54151 0.288292 7.68192
1.66969 0.273542 9.04583
1.54306 0.214462 9.98557
1.51189 0.142782 9.91415
1.71267 0.293662 4.94342
1.60947 0.151082 8.99765
1.67323 0.155312 7.66807
1.70761 0.193332 11.9139
1.53044 0.287532 10.1051
1.52766 0.217462 11.5685
1.51898 0.0584821 8.58008
1.42258 0.279602 8.82533
1.47157 0.178302 7.08542
1.70827 0.0978521 7.61263
1.4571 0.0604421 10.6433
1.66497 0.0120821 11.683
1.64999 0.274662 7.06029
1.69216 0.140892 10.8821
1.68591 0.300692 5.51205
1.54586 0.290312 9.31114
1.71347 0.0119121 9.63411
1.58249 0.104552 7.68837
1.4562 0.145732 7.65382
1.50395 0.259892 5.90922
1.43631 0.223162 5.52954
