1.70923 0.110882 6.08845
1.52968 0.299982 7.34627
1.53558 0.297522 7.9443
1.50532 0.211852 9.96675
1.68898 0.312302 8.89745
1.71914 0.0817121 10.6224
1.42554 0.200462 9.96321
1.47843 0.269632 6.8438
1.52651 0.299412 10.4809
1.69908 0.272672 6.12329
1.58497 0.135512 10.6318
1.57453 0.128942 6.0343
1.41428 0.123342 10.4059
1.51982 0.113502 8.08206
1.44781 0.00783214 11.6119
1.70734 0.0126821 6.34262
1.41597 0.109542 10.3578
1.48598 0.0364921 8.01005
1.50306 0.0168321 7.89155
1.63515 0.141462 6.42993
1.71562 0.289572 7.05007
1.48974 0.0182821 11.4016
1.52138 0.124662 6.9326
1.53611 0.288482 8.9252
1.56617 0.242642 8.02927
1.67416 0.236032 5.35547
1.41987 0.0435221 6.79222
1.62025 0.272412 8.96659
1.61918 0.106052 7.64219
1.46842 0.267272 9.6112
1.48815 0.240332 6.09565
1.52445 0.104842 8.72271
1.56651 0.0825321 6.53478
1.49401 0.170212 7.62991
1.55991 0.118682 6.89079
1.65199 0.0426121 8.85798
