1.57569 0.0721769 10.7507
1.56801 0.145867 9.70355
1.47405 0.0779869 9.21391
1.7112 0.300737 11.5523
1.59058 0.127977 4.49879
1.49292 0.0580069 9.80259
1.61711 0.277227 4.90543
1.71982 0.303887 6.02329
1.70979 0.0639669 7.8833
1.5728 0.0849969 7.84762
1.59373 0.303717 8.84598
1.68467 0.281137 8.97658
1.64672 0.228177 9.21965
1.43155 0.282497 8.51821
1.70189 0.219637 10.3889
1.62011 0.312967 6.90622
1.66885 0.141397 8.10052
1.61183 0.219627 8.75283
1.52451 0.228677 10.158
1.45109 0.0096769 9.57321
1.52065 0.0700269 9.39325
1.4255 0.115807 7.46348
1.46126 0.142437 6.21301
1.52735 0.132757 9.48503
1.5231 0.117537 9.27945
1.7155 0.265087 10.331
1.70247 0.312137 8.71038
1.57691 0.151657 8.29129
1.68064 0.207867 6.61368
1.68338 0.0326869 9.5182
1.67709 0.299507 8.89808
1.60467 0.223527 5.98188
1.50609 0.303187 8.55271
1.58017 0.265197 9.89814
1.67705 0.0512569 6.68258
1.43599 0.248197 10.6139
1.4515 0.201137 9.8477
1.51107 0.171087 8.25778
1.64559 0.250777 7.46354
1.52824 0.185427 12.9376
1.53857 0.0701769 9.466
1.57595 0.0487369 7.33525
1.52919 0.0060169 11.7481
1.68968 0.0321469 8.03522
1.53458 0.173337 7.04974
1.59929 0.276947 9.93891
