1.5294 0.146254 5.2493
1.46963 0.310624 5.42979
1.6001 0.284714 10.0795
1.6053 0.242764 12.458
1.44329 0.210734 7.15422
1.49926 0.198904 10.5645
1.50113 0.205594 11.2394
1.72123 0.0129639 6.82659
1.65397 0.139654 8.1405
1.50515 0.00960394 13.2212
1.64156 0.0428239 11.1315
1.4175 0.286064 7.75577
1.58723 0.184294 8.09945
1.70972 0.0222539 7.26213
1.58159 0.0958539 12.7998
1.59827 0.208614 9.85298
1.47857 0.164244 4.88651
1.5678 0.180954 9.76161
1.61049 0.0762539 8.80065
1.55797 0.115824 10.6129
1.72192 0.126984 8.60217
1.66489 0.174494 11.2664
1.66635 0.172264 11.3707
1.59461 0.251534 6.80955
1.50897 0.0550139 8.85913
1.43274 0.0586839 5.27226
1.46207 0.305704 5.97961
1.49298 0.0124939 10.1091
1.5612 0.0509239 7.63856
1.48095 0.0359739 9.2042
1.45386 0.0953639 9.48219
1.63819 0.128694 6.29525
1.68875 0.271204 7.5046
1.45847 0.0409439 9.01659
1.63257 0.257584 12.6634
1.45467 0.221024 7.78005
1.54567 0.0681539 6.82729
1.66349 0.310004 5.94865
1.51855 0.134634 7.95658
1.57038 0.157494 8.17665
1.52176 0.152784 7.72861
1.67902 0.0215839 8.63258
1.61079 0.0606039 5.86578
1.4984 0.196634 7.12577
1.53889 0.0652139 8.85094
1.42105 0.0382839 10.1321
1.56738 0.304754 6.34104
