1.7111 0.101016 7.16428
1.48978 0.0805362 10.4156
1.66597 0.0818362 9.4377
1.48095 0.160326 9.98965
1.43312 0.0871962 11.3613
1.66225 0.198896 9.49836
1.44071 0.0443862 7.58633
1.49413 0.0276962 7.48718
1.5148 0.0977962 6.10942
1.64919 0.0162962 9.17
1.42035 0.188076 12.3485
1.67353 0.189626 7.35576
1.53164 0.0535262 7.55338
1.6056 0.202736 4.68986
1.59327 0.0390162 8.10023
1.56789 0.122876 11.8419
1.5704 0.0297762 9.74676
1.43799 0.254496 11.6119
1.69752 0.259346 6.34262
1.47616 0.283156 8.01005
1.46044 0.168866 9.2944
1.48739 0.0741362 9.7806
1.49324 0.263496 7.89155
1.59854 0.200526 8.24007
1.47992 0.264946 11.4016
1.69946 0.244386 10.2936
1.63245 0.218696 4.94607
1.42039 0.174086 6.53551
1.69242 0.216016 7.59352
1.49489 0.0837462 7.51821
1.52646 0.243636 10.8188
1.6795 0.246206 7.65242
1.45364 0.114256 8.53727
1.71852 0.0481362 7.99526
1.60789 0.148406 7.43245
1.66153 0.159546 6.87043
1.57481 0.171376 11.0375
1.67359 0.00477625 4.91108
1.57855 0.0758962 7.00371
1.51541 0.215846 7.26155
1.64217 0.289276 8.85798
