1.59683 0.199419 10.0326
1.55912 0.0793186 10.769
1.65106 0.248799 8.57833
1.69527 0.245599 8.04085
1.4381 0.0757286 6.35558
1.58661 0.307899 12.4246
1.51286 0.165639 12.4847
1.4479 0.0616286 9.08387
1.61441 0.287319 9.47512
1.56143 0.177449 7.52218
1.49401 0.290649 3.57622
1.50709 0.0383486 5.50001
1.55452 0.163349 8.41301
1.6144 0.190489 7.94907
1.50296 0.103689 7.07294
1.66072 0.136839 9.69777
1.54497 0.0869386 9.56019
1.55056 0.0680086 9.36655
1.51577 0.197819 12.3368
1.57805 0.0286986 11.5721
1.45458 0.108229 10.1404
1.53583 0.263919 8.19064
1.42258 0.271749 8.44727
1.60055 0.0417886 8.96678
1.61284 0.233699 10.9849
1.71791 0.173419 9.11596
1.70128 0.276339 8.8865
1.60435 0.0237586 11.7209
1.45109 0.269749 8.7648
1.66383 0.148789 8.8961
1.47843 0.182869 4.73315
1.51446 0.0304286 7.21255
1.44938 0.0450486 10.4478
1.62664 0.0139786 8.18619
1.48929 0.00790864 13.8328
1.50499 0.00481864 7.52441
1.51654 0.266379 5.42487
1.67439 0.0929986 5.10995
1.47405 0.0173286 8.90965
1.48852 0.0591686 9.41877
1.44082 0.149909 5.20822
1.54215 0.199549 9.33733
1.71109 0.189289 9.34989
