1.72279 0.0571749 8.13136
1.5959 0.0273849 8.69853
1.65774 0.143045 9.42983
1.48821 0.229235 10.1985
1.66744 0.0859749 7.42089
1.66694 0.0319049 7.92899
1.66946 0.191875 7.37324
1.70221 0.241185 14.0718
1.61657 0.296135 8.13816
1.55851 0.0216249 10.1846
1.67093 0.00779492 11.9338
1.54589 0.00469492 11.9504
1.44663 0.214785 6.81326
1.70125 0.256725 8.9649
1.59068 0.273815 8.37107
1.58038 0.309365 8.42869
1.60484 0.154335 6.94769
1.71962 0.0803449 9.14889
1.50811 0.145365 10.5855
1.63971 0.0297549 8.95233
1.57528 0.126515 9.40788
1.49388 0.118375 7.6935
1.49055 0.262745 9.9086
1.41434 0.0946049 9.99024
1.48821 0.159535 8.92796
1.58014 0.255935 7.07325
1.63849 0.247295 7.57258
1.72081 0.0475149 7.56544
1.52931 0.0482849 8.99324
1.5905 0.238435 7.9849
1.69407 0.0361349 9.73365
1.6687 0.0862749 8.25033
1.44291 0.274335 7.2218
1.68159 0.0186949 5.02904
1.56469 0.182015 12.3679
1.70374 0.0965749 9.7349
1.70849 0.310845 7.53375
1.47706 0.137395 6.92325
1.51276 0.00466492 8.43044
1.52908 0.0176049 8.03211
1.70283 0.270065 9.82356
1.44913 0.209965 6.26427
1.60398 0.0406849 6.16866
