1.51411 0.18713 8.90281
1.45486 0.01561 7.83831
1.71593 0.23952 5.2493
1.56388 0.21165 7.80137
1.64039 0.08719 8.74819
1.62982 0.304 7.15422
1.6858 0.29217 10.5645
1.68766 0.29886 11.2394
1.51403 0.16659 8.17431
1.69169 0.10287 13.2212
1.52972 0.25784 10.2848
1.44169 0.28485 8.53616
1.56896 0.069 8.56252
1.50842 0.18562 6.57714
1.43164 0.25227 7.57764
1.6651 0.25751 4.88651
1.47171 0.03329 8.41439
1.43321 0.20423 7.72265
1.42171 0.27408 7.1919
1.4523 0.15024 5.89735
1.45987 0.17583 10.8744
1.6955 0.14828 8.85913
1.56655 0.22 8.36558
1.53314 0.25156 8.23762
1.5654 0.31095 7.70532
1.45618 0.02963 9.21655
1.61927 0.15195 5.27226
1.51779 0.00182998 8.22786
1.67951 0.10576 10.1091
1.66748 0.12924 9.2042
1.64039 0.18863 9.48219
1.53589 0.02505 10.1704
1.59846 0.20196 5.92395
1.43591 0.10825 5.2127
1.54946 0.1443 7.89086
1.55483 0.1796 9.31683
1.51792 0.24818 6.04908
1.645 0.13421 9.01659
1.46629 0.07269 7.74214
1.70508 0.2279 7.95658
1.52085 0.07375 9.22537
1.53435 0.22014 6.67414
1.70829 0.24605 7.72861
1.59015 0.20507 7.02854
1.68493 0.2899 7.12577
1.67094 0.06715 10.7218
1.58596 0.11087 10.1543
1.72542 0.15848 8.85094
1.48483 0.12203 11.3588
1.50408 0.23004 7.31318
1.60759 0.13155 10.1321
1.52393 0.1381 5.26847
