1.48883 0.145423 10.0326
1.68803 0.132193 7.83831
1.50141 0.267053 10.873
1.45113 0.0253225 10.769
1.54307 0.194803 8.57833
1.58728 0.191603 8.04085
1.72479 0.0776425 9.97669
1.47862 0.253903 12.4246
1.70487 0.149873 8.41439
1.50641 0.233323 9.47512
1.64005 0.278493 6.38876
1.55655 0.295773 11.5704
1.45344 0.123453 7.52218
1.47529 0.288243 12.4949
1.44653 0.109353 8.41301
1.50641 0.136493 7.94907
1.69978 0.0114525 6.3415
1.55273 0.0828425 9.69777
1.68546 0.266823 5.89735
1.69303 0.292413 10.8744
1.43698 0.0329425 9.56019
1.64888 0.0103625 6.74909
1.44257 0.0140125 9.36655
1.68935 0.146213 9.21655
1.42844 0.270243 6.2232
1.42784 0.209923 8.19064
1.66908 0.224833 5.2127
1.50485 0.179703 10.9849
1.60991 0.119423 9.11596
1.42851 0.264563 10.2854
1.59328 0.222343 8.8865
1.44894 0.293853 5.82223
1.71993 0.0746825 10.5989
1.55583 0.0947925 8.8961
1.69946 0.189273 7.74214
1.50931 0.300963 12.2699
1.46485 0.260863 8.98904
1.56639 0.0390025 5.10995
1.62207 0.255633 5.61222
1.48992 0.283993 11.5061
1.43415 0.145553 9.33733
1.718 0.238613 11.3588
1.6031 0.135293 9.34989
1.51858 0.287003 8.26861
