1.72279 0.0694468 8.13136
1.5959 0.0396568 8.69853
1.65774 0.155317 9.42983
1.48821 0.241507 10.1985
1.66744 0.0982468 7.42089
1.66694 0.0441768 7.92899
1.66946 0.204147 7.37324
1.70221 0.253457 14.0718
1.61657 0.308407 8.13816
1.55851 0.0338968 10.1846
1.67093 0.0200668 11.9338
1.54589 0.0169668 11.9504
1.44663 0.227057 6.81326
1.70125 0.268997 8.9649
1.59068 0.286087 8.37107
1.60484 0.166607 6.94769
1.71962 0.0926168 9.14889
1.50811 0.157637 10.5855
1.63971 0.0420268 8.95233
1.57528 0.138787 9.40788
1.49388 0.130647 7.6935
1.49055 0.275017 9.9086
1.41434 0.106877 9.99024
1.48821 0.171807 8.92796
1.58014 0.268207 7.07325
1.63849 0.259567 7.57258
1.72081 0.0597868 7.56544
1.52931 0.0605568 8.99324
1.5905 0.250707 7.9849
1.69407 0.0484068 9.73365
1.6687 0.0985468 8.25033
1.44291 0.286607 7.2218
1.68159 0.0309668 5.02904
1.56469 0.194287 12.3679
1.70374 0.108847 9.7349
1.47706 0.149667 6.92325
1.51276 0.0169368 8.43044
1.52908 0.0298768 8.03211
1.70283 0.282337 9.82356
1.44913 0.222237 6.26427
1.60398 0.0529568 6.16866
