1.68917 0.0800978 6.35737
1.66368 0.165338 5.94039
1.4214 0.0922578 5.2493
1.6344 0.0560078 9.89792
1.49211 0.230718 10.0795
1.49731 0.188768 12.458
1.69328 0.217278 11.3613
1.54597 0.0856578 8.1405
1.71146 0.00959782 6.94054
1.70087 0.174468 7.58633
1.47923 0.130298 8.09945
1.4736 0.0418578 12.7998
1.49028 0.154618 9.85298
1.6253 0.0160578 5.04181
1.45981 0.126958 9.76161
1.5025 0.0222578 8.80065
1.64534 0.149238 9.52581
1.49808 0.297588 7.60748
1.49484 0.271608 7.75364
1.65132 0.225198 11.7225
1.70742 0.0962778 9.65317
1.72482 0.0244478 6.87333
1.6358 0.299898 8.30835
1.62922 0.110448 9.06267
1.44998 0.0618278 10.6129
1.7078 0.0754178 7.04585
1.61392 0.0729878 8.60217
1.5569 0.120498 11.2664
1.68114 0.112658 12.1529
1.62824 0.0586178 10.0811
1.55836 0.118268 11.3707
1.48662 0.197538 6.80955
1.7206 0.298948 9.2944
1.5551 0.308248 7.95035
1.5302 0.0746978 6.29525
1.62028 0.244688 7.93248
1.67093 0.0543878 9.79269
1.58076 0.217208 7.5046
1.68055 0.304168 6.53551
1.57882 0.264718 9.41331
1.62105 0.131118 6.42572
1.62509 0.148368 9.07474
1.68198 0.0680178 9.39255
1.52458 0.203588 12.6634
1.43768 0.0141578 6.82729
1.63647 0.298888 7.5089
1.7138 0.244338 8.53727
1.46738 0.308308 6.57324
1.5555 0.256008 5.94865
1.72221 0.0841378 7.93291
1.68874 0.104578 9.50448
1.46239 0.103498 8.17665
1.41377 0.0987878 7.72861
1.50279 0.00660782 5.86578
1.62189 0.206608 9.3563
1.59956 0.260718 10.783
1.4309 0.0112178 8.85094
1.45939 0.250758 6.34104
