1.53921 0.151163 5.2493
1.60992 0.289623 10.0795
1.61512 0.247673 12.458
1.4531 0.215643 7.15422
1.50908 0.203813 10.5645
1.51095 0.210503 11.2394
1.66378 0.144563 8.1405
1.51497 0.0145127 13.2212
1.65138 0.0477327 11.1315
1.42732 0.290973 7.75577
1.59704 0.189203 8.09945
1.71953 0.0271627 7.26213
1.59141 0.100763 12.7998
1.60809 0.213523 9.85298
1.48839 0.169153 4.88651
1.57762 0.185863 9.76161
1.62031 0.0811627 8.80065
1.56779 0.120733 10.6129
1.67471 0.179403 11.2664
1.67617 0.177173 11.3707
1.60443 0.256443 6.80955
1.51879 0.0599227 8.85913
1.44256 0.0635927 5.27226
1.47188 0.310613 5.97961
1.5028 0.0174027 10.1091
1.57102 0.0558327 7.63856
1.49077 0.0408827 9.2042
1.46367 0.100273 9.48219
1.64801 0.133603 6.29525
1.42175 0.113603 5.92395
1.69857 0.276113 7.5046
1.46828 0.0458527 9.01659
1.64239 0.262493 12.6634
1.46449 0.225933 7.78005
1.55549 0.0730627 6.82729
1.52836 0.139543 7.95658
1.5802 0.162403 8.17665
1.53158 0.157693 7.72861
1.68884 0.0264927 8.63258
1.6206 0.0655127 5.86578
1.50822 0.201543 7.12577
1.54871 0.0701227 8.85094
1.43087 0.0431927 10.1321
1.5772 0.309663 6.34104
