1.62253 0.255693 6.53953
1.45659 0.239103 10.1919
1.68953 0.119463 7.32341
1.46089 0.0122333 8.60834
1.69121 0.107453 7.17194
1.45181 0.295493 8.02336
1.51918 0.0223933 10.3827
1.52819 0.292313 6.60112
1.46084 0.255183 10.0676
1.54533 0.248123 8.81692
1.42204 0.111473 11.8414
1.44631 0.216893 7.31655
1.55096 0.298573 10.097
1.42529 0.273553 7.17227
1.58699 0.0446533 11.0715
1.44714 0.213063 7.71969
1.70615 0.0114333 6.78599
1.59651 0.291523 8.87112
1.44988 0.194383 9.53535
1.54056 0.0927133 3.82463
1.45161 0.0682333 6.39183
1.66475 0.0688633 11.8953
1.45126 0.0358133 8.20971
1.5616 0.279633 9.47317
1.64912 0.222213 8.34567
1.72624 0.178053 5.77223
1.70251 0.219683 7.09459
1.52833 0.276973 6.9164
1.50679 0.252853 6.5519
1.48164 0.122203 12.6999
1.56031 0.226383 9.81325
1.50389 0.164813 7.67328
1.69587 0.184443 8.02934
1.6164 0.222983 11.414
1.46746 0.245933 11.0413
1.66829 0.139293 8.86796
1.53408 0.125553 11.6204
1.65553 0.0532733 11.6245
1.55559 0.178253 9.27702
1.55319 0.0144733 8.56464
1.63731 0.0669033 9.51136
1.4409 0.252093 10.3814
1.42071 0.273413 5.54356
1.62138 0.122183 9.62859
