1.5546 0.285142 6.08845
1.56629 0.0286124 7.16428
1.52116 0.00943236 9.4377
1.51744 0.126492 9.49836
1.56451 0.255972 10.6224
1.64412 0.0483724 6.69315
1.72676 0.194132 6.51004
1.60045 0.269322 8.72814
1.52872 0.117222 7.35576
1.43034 0.309772 10.6318
1.72002 0.222632 8.39158
1.4199 0.303202 6.0343
1.46079 0.130332 4.68986
1.61697 0.191382 8.85039
1.63569 0.0888124 6.47321
1.61624 0.290612 7.24413
1.42308 0.0504724 11.8419
1.69161 0.228712 7.71318
1.55271 0.186942 6.34262
1.62359 0.265582 10.6118
1.69857 0.119542 5.89698
1.68574 0.262712 10.5628
1.45373 0.128122 8.24007
1.55465 0.171982 10.2936
1.72782 0.0449824 10.0651
1.48764 0.146292 4.94607
1.59117 0.179622 3.34318
1.72565 0.199752 10.1143
1.54761 0.143612 7.59352
1.71304 0.0644424 8.46808
1.46455 0.280312 7.64219
1.53469 0.173802 7.65242
1.72521 0.229312 10.3412
1.64458 0.123852 13.4192
1.61831 0.0932824 5.29349
1.6559 0.0991324 9.37185
1.46308 0.0760024 7.43245
1.51672 0.0871424 6.87043
1.65471 0.161512 9.58671
1.43 0.0989724 11.0375
1.43374 0.00349236 7.00371
1.64576 0.227822 8.75734
1.72254 0.171042 11.9621
1.49736 0.216872 8.85798
