1.52312 0.0195506 10.1853
1.60326 0.277731 8.69853
1.46513 0.0778506 9.83595
1.6743 0.282251 7.92899
1.64586 0.208861 9.39184
1.59708 0.147541 6.00485
1.59102 0.0637006 8.80242
1.59717 0.0200706 9.6439
1.66946 0.212731 9.35374
1.48501 0.00868058 6.16769
1.54689 0.0705106 7.40473
1.57682 0.0398906 6.64655
1.56587 0.271971 10.1846
1.55647 0.165671 10.6279
1.67829 0.258141 11.9338
1.58189 0.127081 5.92509
1.55325 0.255041 11.9504
1.63011 0.123971 9.6978
1.48942 0.133991 6.98397
1.59876 0.213701 12.7744
1.6155 0.121881 9.42632
1.65047 0.109391 7.91843
1.57106 0.147301 9.52918
1.53183 0.0123806 7.55029
1.64707 0.280101 8.95233
1.57744 0.182711 4.57745
1.65854 0.0501306 10.4128
1.55351 0.131811 7.50102
1.61838 0.185561 9.03485
1.51286 0.235811 9.22838
1.55087 0.198291 6.2887
1.54818 0.157521 10.3397
1.58914 0.210431 9.15752
1.53667 0.298631 8.99324
1.70143 0.286481 9.73365
1.51492 0.106441 11.6866
1.68895 0.269041 5.02904
1.70587 0.179091 7.92413
1.4172 0.149651 7.16749
1.65462 0.163141 8.68781
1.6169 0.224331 8.16371
1.52012 0.255011 8.43044
1.52436 0.151421 9.07249
1.48585 0.0497206 8.42762
1.51249 0.195711 9.93495
1.53644 0.267951 8.03211
1.42794 0.0855306 6.43828
1.61134 0.291031 6.16866
1.43525 0.0420806 5.13396
