1.63726 0.24833 6.53953
1.47132 0.23174 10.1919
1.70425 0.1121 7.32341
1.47561 0.00487022 8.60834
1.4208 0.23334 5.21027
1.70594 0.10009 7.17194
1.46653 0.28813 8.02336
1.53391 0.0150302 10.3827
1.54292 0.28495 6.60112
1.47557 0.24782 10.0676
1.56006 0.24076 8.81692
1.43677 0.10411 11.8414
1.46103 0.20953 7.31655
1.42638 0.0237502 11.4721
1.56568 0.29121 10.097
1.44001 0.26619 7.17227
1.60171 0.0372902 11.0715
1.46186 0.2057 7.71969
1.72087 0.00407022 6.78599
1.61123 0.28416 8.87112
1.41987 0.0254702 8.23512
1.46461 0.18702 9.53535
1.55528 0.0853502 3.82463
1.46633 0.0608702 6.39183
1.67948 0.0615002 11.8953
1.46599 0.0284502 8.20971
1.57632 0.27227 9.47317
1.66384 0.21485 8.34567
1.71723 0.21232 7.09459
1.54305 0.26961 6.9164
1.52152 0.24549 6.5519
1.49636 0.11484 12.6999
1.57504 0.21902 9.81325
1.51861 0.15745 7.67328
1.7106 0.17708 8.02934
1.63112 0.21562 11.414
1.48219 0.23857 11.0413
1.68302 0.13193 8.86796
1.54881 0.11819 11.6204
1.67025 0.0459102 11.6245
1.57031 0.17089 9.27702
1.56792 0.00711022 8.56464
1.65204 0.0595402 9.51136
1.45562 0.24473 10.3814
1.43544 0.26605 5.54356
1.63611 0.11482 9.62859
