1.72279 0.225299 8.13136
1.5959 0.195509 8.69853
1.65774 0.311169 9.42983
1.66744 0.254099 7.42089
1.66694 0.200029 7.92899
1.6385 0.126639 9.39184
1.58972 0.0653192 6.00485
1.6621 0.130509 9.35374
1.55851 0.189749 10.1846
1.54911 0.0834492 10.6279
1.67093 0.175919 11.9338
1.57453 0.0448592 5.92509
1.54589 0.172819 11.9504
1.62275 0.0417492 9.6978
1.48206 0.0517692 6.98397
1.5914 0.131479 12.7744
1.60814 0.0396592 9.42632
1.64311 0.0271692 7.91843
1.5637 0.0650792 9.52918
1.71962 0.248469 9.14889
1.50811 0.313489 10.5855
1.63971 0.197879 8.95233
1.57008 0.100489 4.57745
1.57528 0.294639 9.40788
1.49388 0.286499 7.6935
1.54615 0.0495892 7.50102
1.41434 0.262729 9.99024
1.61102 0.103339 9.03485
1.5055 0.153589 9.22838
1.54351 0.116069 6.2887
1.54082 0.0752992 10.3397
1.72081 0.215639 7.56544
1.58178 0.128209 9.15752
1.52931 0.216409 8.99324
1.69407 0.204259 9.73365
1.6687 0.254399 8.25033
1.50756 0.0242192 11.6866
1.68159 0.186819 5.02904
1.69851 0.0968692 7.92413
1.70374 0.264699 9.7349
1.64726 0.0809192 8.68781
1.60954 0.142109 8.16371
1.47706 0.305519 6.92325
1.51276 0.172789 8.43044
1.517 0.0691992 9.07249
1.50513 0.113489 9.93495
1.52908 0.185729 8.03211
1.42058 0.00330921 6.43828
1.60398 0.208809 6.16866
