1.7088 0.0899153 6.35737
1.68331 0.175155 5.94039
1.44104 0.102075 5.2493
1.65404 0.0658253 9.89792
1.51175 0.240535 10.0795
1.51694 0.198585 12.458
1.71291 0.227095 11.3613
1.56561 0.0954753 8.1405
1.72051 0.184285 7.58633
1.49887 0.140115 8.09945
1.49323 0.0516753 12.7998
1.50991 0.164435 9.85298
1.64493 0.0258753 5.04181
1.47944 0.136775 9.76161
1.52213 0.0320753 8.80065
1.66497 0.159055 9.52581
1.51771 0.307405 7.60748
1.51447 0.281425 7.75364
1.67095 0.235015 11.7225
1.72705 0.106095 9.65317
1.65544 0.309715 8.30835
1.64885 0.120265 9.06267
1.46961 0.0716453 10.6129
1.72744 0.0852353 7.04585
1.63356 0.0828053 8.60217
1.57653 0.130315 11.2664
1.70078 0.122475 12.1529
1.64787 0.0684353 10.0811
1.57799 0.128085 11.3707
1.50626 0.207355 6.80955
1.42061 0.0108353 8.85913
1.47284 0.0067453 7.63856
1.54983 0.0845153 6.29525
1.63991 0.254505 7.93248
1.69056 0.0642053 9.79269
1.6004 0.227025 7.5046
1.70019 0.313985 6.53551
1.59846 0.274535 9.41331
1.64068 0.140935 6.42572
1.64472 0.158185 9.07474
1.70162 0.0778353 9.39255
1.54421 0.213405 12.6634
1.45732 0.0239753 6.82729
1.6561 0.308705 7.5089
1.57513 0.265825 5.94865
1.43019 0.0904553 7.95658
1.70837 0.114395 9.50448
1.48202 0.113315 8.17665
1.4334 0.108605 7.72861
1.52243 0.0164253 5.86578
1.64152 0.216425 9.3563
1.61919 0.270535 10.783
1.45053 0.0210353 8.85094
1.47902 0.260575 6.34104
