1.57094 0.098762 6.19461
1.49313 0.193972 9.37164
1.71404 0.258962 9.70339
1.69814 0.102602 9.54773
1.63709 0.234692 9.44493
1.68153 0.136022 9.10726
1.43573 0.297742 5.41518
1.63965 0.035802 7.54688
1.69001 0.018612 8.81649
1.70721 0.261222 7.33901
1.6093 0.200692 7.76683
1.60936 0.301812 9.65105
1.6636 0.217492 7.36461
1.54492 0.247842 11.2008
1.49735 0.222312 10.3085
1.45738 0.026622 7.94804
1.50934 0.053392 9.26338
1.72 0.207102 6.78061
1.72652 0.256372 9.18662
1.57886 0.228622 10.926
1.65069 0.200772 6.57205
1.65499 0.282442 8.01684
1.61611 0.064232 8.42056
1.58078 0.056392 10.5699
1.4408 0.018162 10.2304
1.66064 0.279632 11.0462
1.60623 0.020522 8.88135
1.63942 0.075382 7.49122
1.51121 0.020162 9.19404
1.46491 0.055592 9.34095
1.46823 0.250592 9.37908
1.54596 0.078212 6.53437
1.62247 0.276262 9.28645
1.61131 0.223212 12.0975
1.47107 0.254022 9.39051
1.44929 0.245122 3.84092
1.5433 0.150272 8.74354
