1.4152 0.108607 10.0326
1.67364 0.266897 8.90281
1.6144 0.095377 7.83831
1.46311 0.300497 11.7371
1.42778 0.230237 10.873
1.72341 0.291417 7.80137
1.46944 0.157987 8.57833
1.67357 0.246357 8.17431
1.51364 0.154787 8.04085
1.65116 0.040827 9.97669
1.66795 0.265387 6.57714
1.68766 0.032857 10.4727
1.63124 0.113057 8.41439
1.59274 0.283997 7.72265
1.43278 0.196507 9.47512
1.56642 0.241677 6.38876
1.48292 0.258957 11.5704
1.69729 0.046517 8.50433
1.43278 0.099677 7.94907
1.4791 0.046027 9.69777
1.61183 0.230007 5.89735
1.6194 0.255597 10.8744
1.71179 0.045077 6.74028
1.72609 0.299767 8.36558
1.61572 0.109397 9.21655
1.67732 0.081597 8.22786
1.69542 0.104817 10.1704
1.59545 0.188017 5.2127
1.43122 0.142887 10.9849
1.53628 0.082607 9.11596
1.70899 0.224067 7.89086
1.51965 0.185527 8.8865
1.71437 0.259367 9.31683
1.6463 0.037867 10.5989
1.4822 0.057977 8.8961
1.62582 0.152457 7.74214
1.70748 0.043847 10.3586
1.68038 0.153517 9.22537
1.43568 0.264147 12.2699
1.69389 0.299907 6.67414
1.49276 0.00218698 5.10995
1.54844 0.218817 5.61222
1.41629 0.247177 11.5061
1.64437 0.201797 11.3588
1.66361 0.309807 7.31318
1.52947 0.098477 9.34989
1.44495 0.250187 8.26861
1.68347 0.217867 5.26847
