1.62008 0.256921 6.53953
1.45414 0.240331 10.1919
1.68707 0.120691 7.32341
1.45843 0.0134605 8.60834
1.68876 0.108681 7.17194
1.44935 0.296721 8.02336
1.51673 0.0236205 10.3827
1.52574 0.293541 6.60112
1.45839 0.256411 10.0676
1.54288 0.249351 8.81692
1.41959 0.112701 11.8414
1.44385 0.218121 7.31655
1.68142 0.000710517 7.0433
1.5485 0.299801 10.097
1.42283 0.274781 7.17227
1.58453 0.0458805 11.0715
1.44468 0.214291 7.71969
1.70369 0.0126605 6.78599
1.59405 0.292751 8.87112
1.44743 0.195611 9.53535
1.5381 0.0939405 3.82463
1.44915 0.0694605 6.39183
1.6623 0.0700905 11.8953
1.44881 0.0370405 8.20971
1.55914 0.280861 9.47317
1.64666 0.223441 8.34567
1.72378 0.179281 5.77223
1.72624 0.0781305 9.98738
1.70005 0.220911 7.09459
1.52587 0.278201 6.9164
1.50434 0.254081 6.5519
1.47918 0.123431 12.6999
1.55786 0.227611 9.81325
1.50143 0.166041 7.67328
1.69342 0.185671 8.02934
1.61394 0.224211 11.414
1.46501 0.247161 11.0413
1.66584 0.140521 8.86796
1.53163 0.126781 11.6204
1.65307 0.0545005 11.6245
1.55313 0.179481 9.27702
1.55074 0.0157005 8.56464
1.63486 0.0681305 9.51136
1.43844 0.253321 10.3814
1.41826 0.274641 5.54356
1.61893 0.123411 9.62859
