1.69081 0.158052 6.86862
1.704 0.124642 8.13111
1.63382 0.135442 12.0433
1.64292 0.237282 10.6259
1.71776 0.281592 9.63906
1.53435 0.138042 8.89745
1.68048 0.0754119 4.83342
1.47611 0.238692 10.1573
1.71147 0.308232 6.07598
1.61273 0.264432 6.92432
1.61236 0.271552 10.6023
1.62502 0.00945192 5.86146
1.54445 0.0984119 6.12329
1.57995 0.187632 10.248
1.42009 0.172532 9.05278
1.47496 0.169572 7.48382
1.47394 0.188002 7.6065
1.65495 0.137842 9.20542
1.69904 0.126762 9.14497
1.59059 0.157252 7.25093
1.45644 0.165162 9.31824
1.44135 0.284792 9.22614
1.41505 0.286722 6.55013
1.56099 0.115312 7.05007
1.63302 0.281932 2.86335
1.66759 0.117902 6.67757
1.72192 0.309692 8.34123
1.51953 0.0617719 5.35547
1.69711 0.0367519 12.5537
1.59159 0.181892 10.6196
1.46182 0.311042 8.30364
1.46562 0.0981519 8.96659
1.54839 0.305742 8.85975
1.67647 0.176462 6.37333
1.56254 0.279052 7.24938
1.69433 0.310772 9.80952
1.71502 0.277742 5.94507
1.57447 0.0417819 2.59703
1.6074 0.211772 6.44337
1.67364 0.187892 7.59023
1.71604 0.0695919 6.83018
1.65824 0.0241719 8.34197
1.6727 0.143392 10.9833
1.64019 0.0781319 10.957
1.51624 0.167292 9.26881
