1.61625 0.277972 11.2358
1.49494 0.248928 5.49643
1.52344 0.037437 5.39164
1.69398 0.032447 8.04004
1.45007 0.23951 8.70002
1.46012 0.017807 10.0605
1.42463 0.269725 11.5783
1.58481 0.127367 9.07765
1.48246 0.160127 10.1957
1.59249 0.033777 9.83798
1.4541 0.039137 11.9089
1.58136 0.243422 8.61454
1.44641 0.184477 8.2235
1.56008 0.00436705 10.6401
1.70908 0.145367 9.48351
1.58665 0.285715 9.15397
1.52921 0.229599 7.47052
1.46039 0.228259 5.86824
1.63531 0.00135705 11.3125
1.611 0.313745 9.11878
1.41507 0.232986 9.94106
1.7228 0.142757 5.64483
1.52067 0.058957 9.50062
1.67896 0.108707 5.5814
1.47227 0.134057 8.86507
1.59063 0.215308 8.29084
1.65906 0.180107 9.66419
1.59362 0.040887 1.79944
1.62826 0.215277 6.58664
1.681 0.129827 6.18782
1.64491 0.021477 6.68269
1.46863 0.044147 7.73531
1.4166 0.031817 10.2291
1.5314 0.144687 5.05418
1.52161 0.159247 11.0336
1.51991 0.198444 10.8973
1.59941 0.080597 5.76839
1.49261 0.099017 3.32247
1.64802 0.064497 10.4545
1.56737 0.049227 9.17467
1.67213 0.22818 5.63548
1.47571 0.062917 7.30187
