1.66767 0.133565 10.1919
1.45205 0.0361255 5.93884
1.42369 0.211425 4.49879
1.52022 0.0612055 4.12123
1.61715 0.135165 5.21027
1.5429 0.147415 7.8833
1.61047 0.301995 7.81723
1.66288 0.189955 8.02336
1.47983 0.311625 9.21965
1.72147 0.264095 6.7586
1.66982 0.265555 7.54989
1.53499 0.303085 10.3889
1.67192 0.149645 10.0676
1.63312 0.00593545 11.8414
1.50195 0.224845 8.10052
1.5825 0.146085 6.13027
1.65738 0.111355 7.31655
1.66608 0.228645 13.0983
1.44494 0.303075 8.75283
1.59548 0.0755755 6.36379
1.72126 0.310695 11.0329
1.63636 0.168015 7.17227
1.49209 0.0495255 7.65143
1.65821 0.107525 7.71969
1.51374 0.291315 6.61368
1.66096 0.0888455 9.53535
1.51648 0.116135 9.5182
1.5952 0.142955 6.32903
1.41846 0.0453455 8.3101
1.43777 0.306975 5.98188
1.51015 0.134705 6.68258
1.59039 0.197595 8.01433
1.56321 0.0988655 7.22465
1.60775 0.270245 9.28761
1.57468 0.271955 3.15309
1.71787 0.147315 6.5519
1.60701 0.00720545 11.5361
1.69271 0.0166655 12.6999
1.71496 0.0592755 7.67328
1.67854 0.140395 11.0413
1.45566 0.0833355 5.51908
1.42267 0.0523955 6.03551
1.48101 0.0490655 6.97603
1.51422 0.0278455 12.9282
1.65197 0.146555 10.3814
1.63179 0.167875 5.54356
1.63607 0.228155 6.85474
1.56954 0.0187455 7.5048
1.52278 0.115595 8.03522
