1.62357 0.180842 8.05486
1.48499 0.0794021 8.4622
1.60254 0.185162 12.9946
1.69414 0.196632 8.86592
1.71601 0.0960021 7.47419
1.50607 0.281882 10.9959
1.70722 0.141402 11.8625
1.6717 0.0262221 7.68539
1.55277 0.216612 8.34999
1.556 0.202092 7.18179
1.58613 0.0901821 9.42662
1.67774 0.276762 10.1832
1.50517 0.149532 8.12468
1.66012 0.0185921 8.58276
1.69914 0.243702 7.96303
1.52115 0.121592 9.85397
1.52698 0.209722 9.34602
1.59586 0.305012 8.37316
1.54019 0.224902 3.44991
1.48908 0.0998321 7.71378
1.60241 0.106952 9.26445
1.72781 0.0295721 8.22871
1.57328 0.123992 5.56933
1.53491 0.264842 9.52559
1.72559 0.288292 7.68192
1.72713 0.214462 9.98557
1.69597 0.142782 9.91415
1.71452 0.287532 10.1051
1.71174 0.217462 11.5685
1.70305 0.0584821 8.58008
1.57408 0.0295521 8.33872
1.60666 0.279602 8.82533
1.65565 0.178302 7.08542
1.64118 0.0604421 10.6433
1.58088 0.160792 8.57992
1.49054 0.109432 7.11264
1.58095 0.0890821 11.2182
1.59393 0.0360321 8.87567
1.64027 0.145732 7.65382
1.68802 0.259892 5.90922
1.49262 0.0669621 10.374
1.53066 0.0273621 12.61
1.62039 0.223162 5.52954
