1.61625 0.168752 11.2358
1.49494 0.139708 5.49643
1.6456 0.313248 6.82155
1.45007 0.130291 8.70002
1.42463 0.160506 11.5783
1.58481 0.0181476 9.07765
1.48246 0.0509076 10.1957
1.44792 0.284323 6.65722
1.50655 0.293928 11.3427
1.66063 0.303788 7.19434
1.64348 0.208765 8.03949
1.58136 0.134202 8.61454
1.44641 0.0752576 8.2235
1.70908 0.0361476 9.48351
1.58665 0.176496 9.15397
1.53114 0.291718 11.752
1.52921 0.12038 7.47052
1.66922 0.215061 7.31087
1.46039 0.11904 5.86824
1.611 0.204526 9.11878
1.41507 0.123767 9.94106
1.44799 0.239971 9.83102
1.7228 0.0335376 5.64483
1.59516 0.268344 7.97113
1.47781 0.229838 8.75275
1.55168 0.278213 6.60827
1.5799 0.238707 9.00137
1.47227 0.0248376 8.86507
1.59063 0.106088 8.29084
1.65906 0.0708876 9.66419
1.62826 0.106057 6.58664
1.681 0.0206076 6.18782
1.58023 0.294527 6.05235
1.42311 0.209512 8.00612
1.70245 0.231643 6.308
1.5314 0.0354676 5.05418
1.52161 0.0500276 11.0336
1.51991 0.0892242 10.8973
1.67213 0.118961 5.63548
