1.61625 0.306197 11.2358
1.49494 0.277153 5.49643
1.52344 0.0656623 5.39164
1.69398 0.0606723 8.04004
1.45007 0.267735 8.70002
1.46012 0.0460323 10.0605
1.58353 0.0187523 8.8288
1.42463 0.29795 11.5783
1.58481 0.155592 9.07765
1.48246 0.188352 10.1957
1.59249 0.0620023 9.83798
1.4541 0.0673623 11.9089
1.60666 0.0151123 4.65153
1.58136 0.271647 8.61454
1.44641 0.212702 8.2235
1.56008 0.0325923 10.6401
1.70908 0.173592 9.48351
1.58665 0.313941 9.15397
1.4268 0.0041923 7.48278
1.52921 0.257824 7.47052
1.46039 0.256484 5.86824
1.63531 0.0295823 11.3125
1.41507 0.261212 9.94106
1.7228 0.170982 5.64483
1.52067 0.0871823 9.50062
1.67896 0.136932 5.5814
1.70958 0.0158523 10.4344
1.47227 0.162282 8.86507
1.59063 0.243533 8.29084
1.65906 0.208332 9.66419
1.59362 0.0691123 1.79944
1.62826 0.243502 6.58664
1.681 0.158052 6.18782
1.64491 0.0497023 6.68269
1.46863 0.0723723 7.73531
1.4166 0.0600423 10.2291
1.5314 0.172912 5.05418
1.52161 0.187472 11.0336
1.51991 0.226669 10.8973
1.59941 0.108822 5.76839
1.49261 0.127242 3.32247
1.64802 0.0927223 10.4545
1.56737 0.0774523 9.17467
1.67213 0.256405 5.63548
1.47571 0.0911423 7.30187
