1.61625 0.162616 11.2358
1.49494 0.133573 5.49643
1.6456 0.307112 6.82155
1.45007 0.124155 8.70002
1.42463 0.15437 11.5783
1.58481 0.0120117 9.07765
1.48246 0.0447717 10.1957
1.44792 0.278187 6.65722
1.50655 0.287792 11.3427
1.66063 0.297652 7.19434
1.64348 0.202629 8.03949
1.58136 0.128066 8.61454
1.44641 0.0691217 8.2235
1.70908 0.0300117 9.48351
1.58665 0.17036 9.15397
1.53114 0.285582 11.752
1.52921 0.114244 7.47052
1.66922 0.208925 7.31087
1.46039 0.112904 5.86824
1.611 0.19839 9.11878
1.41507 0.117631 9.94106
1.44799 0.233835 9.83102
1.7228 0.0274017 5.64483
1.59516 0.262208 7.97113
1.47781 0.223702 8.75275
1.55168 0.272077 6.60827
1.5799 0.232571 9.00137
1.47227 0.0187017 8.86507
1.59063 0.0999524 8.29084
1.65906 0.0647517 9.66419
1.62826 0.0999214 6.58664
1.681 0.0144717 6.18782
1.58023 0.288391 6.05235
1.42311 0.203376 8.00612
1.70245 0.225507 6.308
1.5314 0.0293317 5.05418
1.52161 0.0438917 11.0336
1.51991 0.0830883 10.8973
1.67213 0.112825 5.63548
