1.4559 0.244492 10.1494
1.53539 0.213912 5.25027
1.41904 0.0960021 7.47419
1.70169 0.00285214 8.6107
1.66185 0.257542 5.85759
1.63738 0.189762 7.17606
1.68151 0.00480214 7.2562
1.68996 0.0986121 7.14469
1.4439 0.105022 7.31622
1.72418 0.188902 6.96768
1.46047 0.0320521 8.50235
1.43084 0.0295721 8.22871
1.6486 0.299712 9.59314
1.60818 0.266672 9.18508
1.46958 0.0916621 4.35333
1.42861 0.288292 7.68192
1.55679 0.273542 9.04583
1.62598 0.0445621 8.44953
1.43016 0.214462 9.98557
1.59977 0.293662 4.94342
1.49657 0.151082 8.99765
1.56033 0.155312 7.66807
1.59471 0.193332 11.9139
1.41754 0.287532 10.1051
1.41476 0.217462 11.5685
1.67929 0.0139421 5.91364
1.59537 0.0978521 7.61263
1.66492 0.287392 7.86821
1.72181 0.211032 7.07662
1.55207 0.0120821 11.683
1.53709 0.274662 7.06029
1.57926 0.140892 10.8821
1.57301 0.300692 5.51205
1.43296 0.290312 9.31114
1.60057 0.0119121 9.63411
1.46959 0.104552 7.68837
1.6219 0.0955121 9.44892
1.71919 0.117052 9.48576
1.68413 0.212492 8.43702
