1.55748 0.0440943 10.1853
1.43219 0.186744 7.48317
1.63762 0.302274 8.69853
1.49949 0.102394 9.83595
1.70866 0.306794 7.92899
1.68022 0.233404 9.39184
1.63144 0.172084 6.00485
1.42121 0.285284 9.37649
1.62538 0.0882443 8.80242
1.63153 0.0446143 9.6439
1.41996 0.0407343 6.51004
1.70382 0.237274 9.35374
1.51937 0.0332243 6.16769
1.58125 0.0950543 7.40473
1.61118 0.0644343 6.64655
1.60023 0.296514 10.1846
1.59083 0.190214 10.6279
1.71265 0.282684 11.9338
1.61625 0.151624 5.92509
1.58761 0.279584 11.9504
1.66447 0.148514 9.6978
1.52378 0.158534 6.98397
1.63312 0.238244 12.7744
1.64986 0.146424 9.42632
1.68483 0.133934 7.91843
1.60542 0.171844 9.52918
1.44317 0.137024 10.1498
1.56619 0.0369243 7.55029
1.68143 0.304644 8.95233
1.6118 0.207254 4.57745
1.6929 0.0746743 10.4128
1.58787 0.156354 7.50102
1.41885 0.0463543 10.1143
1.65274 0.210104 9.03485
1.54722 0.260354 9.22838
1.58523 0.222834 6.2887
1.58254 0.182064 10.3397
1.6235 0.234974 9.15752
1.41841 0.0759143 10.3412
1.54928 0.130984 11.6866
1.72331 0.293584 5.02904
1.45156 0.174194 7.16749
1.68898 0.187684 8.68781
1.65126 0.248874 8.16371
1.55448 0.279554 8.43044
1.55872 0.175964 9.07249
1.52021 0.0742643 8.42762
1.54685 0.220254 9.93495
1.5708 0.292494 8.03211
1.41574 0.0176443 11.9621
1.4623 0.110074 6.43828
1.46961 0.0666243 5.13396
