1.51338 0.157694 10.0326
1.71257 0.144464 7.83831
1.52595 0.279324 10.873
1.47567 0.0375944 10.769
1.56761 0.207074 8.57833
1.61182 0.203874 8.04085
1.50316 0.266174 12.4246
1.42941 0.123914 12.4847
1.53096 0.245594 9.47512
1.6646 0.290764 6.38876
1.5811 0.308044 11.5704
1.47799 0.135724 7.52218
1.70295 0.00598436 7.87222
1.49983 0.300514 12.4949
1.47107 0.121624 8.41301
1.53095 0.148764 7.94907
1.41951 0.0619644 7.07294
1.72433 0.0237244 6.3415
1.57727 0.0951144 9.69777
1.71001 0.279094 5.89735
1.71758 0.304684 10.8744
1.46152 0.0452144 9.56019
1.67343 0.0226344 6.74909
1.46711 0.0262844 9.36655
1.43232 0.156094 12.3368
1.71389 0.158484 9.21655
1.45299 0.282514 6.2232
1.45238 0.222194 8.19064
1.5171 6.43618e-05 8.96678
1.69362 0.237104 5.2127
1.52939 0.191974 10.9849
1.63446 0.131694 9.11596
1.45305 0.276834 10.2854
1.61783 0.234614 8.8865
1.47348 0.306124 5.82223
1.58038 0.107064 8.8961
1.724 0.201544 7.74214
1.53385 0.313234 12.2699
1.4894 0.273134 8.98904
1.43151 0.297554 7.99221
1.43309 0.224654 5.42487
1.59094 0.0512744 5.10995
1.64661 0.267904 5.61222
1.51446 0.296264 11.5061
1.4587 0.157824 9.33733
1.62764 0.147564 9.34989
1.54312 0.299274 8.26861
