1.59675 0.0637292 10.1853
1.47146 0.206379 7.48317
1.53876 0.122029 9.83595
1.4284 0.208279 6.19134
1.71949 0.253039 9.39184
1.67071 0.191719 6.00485
1.46048 0.304919 9.37649
1.66465 0.107879 8.80242
1.6708 0.0642492 9.6439
1.45224 0.198499 4.73505
1.45923 0.0603692 6.51004
1.55864 0.0528592 6.16769
1.62052 0.114689 7.40473
1.65045 0.0840692 6.64655
1.6301 0.209849 10.6279
1.45249 0.0888692 8.39158
1.65552 0.171259 5.92509
1.42408 0.0949492 7.71318
1.62688 0.299219 11.9504
1.70374 0.168149 9.6978
1.56305 0.178169 6.98397
1.61166 0.00930923 9.36544
1.67239 0.257879 12.7744
1.68913 0.166059 9.42632
1.7241 0.153569 7.91843
1.64469 0.191479 9.52918
1.41821 0.128949 10.5628
1.55652 0.0118492 9.60221
1.48244 0.156659 10.1498
1.60546 0.0565592 7.55029
1.65107 0.226889 4.57745
1.63445 0.00293923 10.1096
1.62714 0.175989 7.50102
1.45812 0.0659892 10.1143
1.42958 0.251509 12.5537
1.69201 0.229739 9.03485
1.58649 0.279989 9.22838
1.6245 0.242469 6.2887
1.62181 0.201699 10.3397
1.66277 0.254609 9.15752
1.45768 0.0955492 10.3412
1.58855 0.150619 11.6866
1.44851 0.284349 6.83018
1.49083 0.193829 7.16749
1.69053 0.268509 8.16371
1.59375 0.299189 8.43044
1.59799 0.195599 9.07249
1.55948 0.0938992 8.42762
1.58612 0.239889 9.93495
1.61007 0.312129 8.03211
1.45501 0.0372792 11.9621
1.50157 0.129709 6.43828
1.50888 0.0862592 5.13396
