1.48464 0.261135 6.86862
1.49783 0.227725 8.13111
1.54883 0.259975 10.9825
1.42765 0.238525 12.0433
1.53282 0.0947054 7.48317
1.60012 0.0103554 9.83595
1.47431 0.178495 4.83342
1.48976 0.0966054 6.19134
1.4582 0.0732154 7.01074
1.52184 0.193245 9.37649
1.5136 0.0868254 4.73505
1.52289 0.227565 9.01191
1.41885 0.112535 5.86146
1.68188 0.00301543 7.40473
1.70086 0.204475 10.1846
1.55505 0.290895 6.3685
1.69146 0.0981754 10.6279
1.44878 0.240925 9.20542
1.71688 0.0595854 5.92509
1.49287 0.229845 9.14497
1.68824 0.187545 11.9504
1.62441 0.0664954 6.98397
1.41742 0.0201454 10.6118
1.70605 0.0798054 9.52918
1.47957 0.0172754 10.5628
1.5438 0.0449854 10.1498
1.71243 0.115215 4.57745
1.71763 0.309365 9.40788
1.46142 0.220985 6.67757
1.63623 0.301225 7.6935
1.6885 0.0643154 7.50102
1.55669 0.277455 9.99024
1.49094 0.139835 12.5537
1.64785 0.168315 9.22838
1.68586 0.130795 6.2887
1.68317 0.0900254 10.3397
1.4703 0.279545 6.37333
1.72413 0.142935 9.15752
1.67166 0.231135 8.99324
1.46747 0.290975 7.59023
1.64991 0.0389454 11.6866
1.50987 0.172675 6.83018
1.55219 0.0821554 7.16749
1.45207 0.127255 8.34197
1.46653 0.246475 10.9833
1.65511 0.187515 8.43044
1.65935 0.0839254 9.07249
1.43402 0.181215 10.957
1.64748 0.128215 9.93495
1.67143 0.200455 8.03211
1.56293 0.0180354 6.43828
