1.71218 0.257096 10.0326
1.67448 0.136996 10.769
1.55346 0.133406 6.35558
1.62821 0.223316 12.4847
1.56326 0.119306 9.08387
1.68565 0.0384463 8.93041
1.66708 0.0138263 7.41871
1.67679 0.235126 7.52218
1.62245 0.0960263 5.50001
1.66987 0.221026 8.41301
1.61831 0.161366 7.07294
1.51708 0.0361763 7.18692
1.66033 0.144616 9.56019
1.66592 0.125686 9.36655
1.56592 0.0115763 6.57828
1.63113 0.255496 12.3368
1.69341 0.0863763 11.5721
1.65183 0.0539163 8.0656
1.56994 0.165906 10.1404
1.7159 0.0994663 8.96678
1.52241 0.120076 5.80099
1.7197 0.0814363 11.7209
1.51864 0.0149163 12.0625
1.51129 0.120776 9.88572
1.5062 0.218646 10.087
1.59379 0.240546 4.73315
1.62982 0.0881063 7.21255
1.72589 0.0169263 8.07593
1.56473 0.102726 10.4478
1.60465 0.0655863 13.8328
1.62035 0.0624963 7.52441
1.5894 0.0750063 8.90965
1.60387 0.116846 9.41877
1.55618 0.207586 5.20822
1.6575 0.257226 9.33733
