1.57616 0.244492 10.1494
1.65565 0.213912 5.25027
1.44685 0.180842 8.05486
1.42583 0.185162 12.9946
1.51743 0.196632 8.86592
1.5393 0.0960021 7.47419
1.5305 0.141402 11.8625
1.49499 0.0262221 7.68539
1.50103 0.276762 10.1832
1.48341 0.0185921 8.58276
1.52243 0.243702 7.96303
1.41914 0.305012 8.37316
1.56417 0.105022 7.31622
1.4257 0.106952 9.26445
1.58073 0.0320521 8.50235
1.5511 0.0295721 8.22871
1.58985 0.0916621 4.35333
1.54888 0.288292 7.68192
1.67706 0.273542 9.04583
1.55042 0.214462 9.98557
1.51926 0.142782 9.91415
1.72004 0.293662 4.94342
1.61684 0.151082 8.99765
1.6806 0.155312 7.66807
1.71497 0.193332 11.9139
1.53781 0.287532 10.1051
1.53502 0.217462 11.5685
1.52634 0.0584821 8.58008
1.42995 0.279602 8.82533
1.47893 0.178302 7.08542
1.71563 0.0978521 7.61263
1.46447 0.0604421 10.6433
1.67234 0.0120821 11.683
1.65735 0.274662 7.06029
1.69952 0.140892 10.8821
1.69328 0.300692 5.51205
1.55323 0.290312 9.31114
1.72084 0.0119121 9.63411
1.41722 0.0360321 8.87567
1.58986 0.104552 7.68837
1.46356 0.145732 7.65382
1.51131 0.259892 5.90922
1.44367 0.223162 5.52954
