1.68661 0.244492 10.1494
1.5573 0.180842 8.05486
1.41873 0.0794021 8.4622
1.53628 0.185162 12.9946
1.62788 0.196632 8.86592
1.64975 0.0960021 7.47419
1.4398 0.281882 10.9959
1.64095 0.141402 11.8625
1.60543 0.0262221 7.68539
1.4865 0.216612 8.34999
1.48973 0.202092 7.18179
1.51986 0.0901821 9.42662
1.61148 0.276762 10.1832
1.4389 0.149532 8.12468
1.59386 0.0185921 8.58276
1.63287 0.243702 7.96303
1.45488 0.121592 9.85397
1.46071 0.209722 9.34602
1.52959 0.305012 8.37316
1.47392 0.224902 3.44991
1.67461 0.105022 7.31622
1.42281 0.0998321 7.71378
1.53615 0.106952 9.26445
1.69118 0.0320521 8.50235
1.66155 0.0295721 8.22871
1.50701 0.123992 5.56933
1.70029 0.0916621 4.35333
1.46865 0.264842 9.52559
1.65932 0.288292 7.68192
1.66087 0.214462 9.98557
1.6297 0.142782 9.91415
1.72728 0.151082 8.99765
1.64825 0.287532 10.1051
1.64547 0.217462 11.5685
1.63679 0.0584821 8.58008
1.50781 0.0295521 8.33872
1.54039 0.279602 8.82533
1.58938 0.178302 7.08542
1.57491 0.0604421 10.6433
1.51461 0.160792 8.57992
1.42427 0.109432 7.11264
1.51468 0.0890821 11.2182
1.66367 0.290312 9.31114
1.52766 0.0360321 8.87567
1.7003 0.104552 7.68837
1.574 0.145732 7.65382
1.62176 0.259892 5.90922
1.42635 0.0669621 10.374
1.46439 0.0273621 12.61
1.55412 0.223162 5.52954
