1.55639 0.159753 5.2493
1.6271 0.298213 10.0795
1.6323 0.256263 12.458
1.48086 0.00742297 8.74819
1.47028 0.224233 7.15422
1.52626 0.212403 10.5645
1.52813 0.219093 11.2394
1.68096 0.153153 8.1405
1.53215 0.023103 13.2212
1.66856 0.056323 11.1315
1.4445 0.299563 7.75577
1.61422 0.197793 8.09945
1.60859 0.109353 12.7998
1.62527 0.222113 9.85298
1.50557 0.177743 4.88651
1.5948 0.194453 9.76161
1.63749 0.089753 8.80065
1.6376 0.00573297 8.41183
1.58497 0.129323 10.6129
1.69189 0.187993 11.2664
1.69335 0.185763 11.3707
1.62161 0.265033 6.80955
1.53597 0.068513 8.85913
1.45974 0.072183 5.27226
1.51998 0.025993 10.1091
1.5882 0.064423 7.63856
1.50795 0.049473 9.2042
1.48085 0.108863 9.48219
1.66519 0.142193 6.29525
1.43893 0.122193 5.92395
1.71575 0.284703 7.5046
1.48546 0.054443 9.01659
1.65957 0.271083 12.6634
1.48167 0.234523 7.78005
1.57267 0.081653 6.82729
1.54554 0.148133 7.95658
1.59738 0.170993 8.17665
1.54876 0.166283 7.72861
1.70602 0.035083 8.63258
1.43062 0.125303 7.02854
1.63778 0.074103 5.86578
1.5254 0.210133 7.12577
1.42642 0.031103 10.1543
1.56589 0.078713 8.85094
1.44805 0.051783 10.1321
