1.43737 0.150692 7.21136
1.59349 0.0165025 7.34627
1.41486 0.234262 5.18956
1.59939 0.0140425 7.9443
1.47224 0.285872 9.63044
1.54956 0.222562 12.5412
1.43878 0.140372 4.93978
1.69455 0.129472 10.1573
1.41432 0.118142 5.76332
1.46734 0.163812 9.01314
1.43179 0.192102 9.69773
1.65675 0.284362 7.7608
1.59032 0.0159325 10.4809
1.52077 0.0500625 8.74073
1.45809 0.0348425 9.38867
1.63853 0.0633125 9.05278
1.56563 0.179502 11.7962
1.41769 0.187642 6.28263
1.6934 0.0603525 7.48382
1.69238 0.0787825 7.6065
1.72774 0.227842 7.17228
1.49286 0.0398225 9.46531
1.57404 0.181602 6.37953
1.57735 0.233292 7.9826
1.51409 0.178532 7.87684
1.67488 0.0559425 9.31824
1.61609 0.271132 9.71725
1.44012 0.0304625 7.72788
1.65979 0.175572 9.22614
1.63349 0.177502 6.55013
1.43058 0.312362 8.13112
1.57622 0.223162 8.39931
1.69197 0.254352 7.09406
1.67679 0.205442 5.34713
1.61043 0.213022 11.87
1.44448 0.112612 9.29426
1.59992 0.00500249 8.9252
1.55149 0.153552 8.88217
1.6256 0.0314425 7.94901
1.46912 0.0150425 9.21138
1.68026 0.201822 8.30364
1.48876 0.0430825 5.73656
1.503 0.103172 7.24223
1.49787 0.175582 7.66866
1.41691 0.287662 7.27102
1.42748 0.146512 6.74294
1.63021 0.0645225 6.99795
1.57439 0.301812 5.1787
1.63535 0.208982 8.2391
1.598 0.144832 6.55971
1.57843 0.202742 9.40187
