1.65774 0.0546876 9.42983
1.48821 0.140878 10.1985
1.63965 0.286148 7.54688
1.69001 0.268958 8.81649
1.66946 0.103518 7.37324
1.70221 0.152828 14.0718
1.61657 0.207778 8.13816
1.50737 0.229898 9.79795
1.44663 0.126428 6.81326
1.45738 0.276968 7.94804
1.70125 0.168368 8.9649
1.50934 0.303738 9.26338
1.59068 0.185458 8.37107
1.58038 0.221008 8.42869
1.60484 0.0659776 6.94769
1.50811 0.0570076 10.5855
1.57528 0.0381576 9.40788
1.49388 0.0300176 7.6935
1.49055 0.174388 9.9086
1.58078 0.306738 10.5699
1.4408 0.268508 10.2304
1.41434 0.00624763 9.99024
1.48821 0.0711776 8.92796
1.54834 0.242608 5.35347
1.58014 0.167578 7.07325
1.60623 0.270868 8.88135
1.63849 0.158938 7.57258
1.5905 0.150078 7.9849
1.51121 0.270508 9.19404
1.46491 0.305938 9.34095
1.44291 0.185978 7.2218
1.56469 0.0936576 12.3679
1.70374 0.00821763 9.7349
1.70849 0.222488 7.53375
1.51834 0.229358 9.51503
1.47706 0.0490376 6.92325
1.70283 0.181708 9.82356
1.44913 0.121608 6.26427
