1.43402 0.298902 8.13111
1.5943 0.0232321 10.1853
1.46901 0.165882 7.48317
1.67444 0.281412 8.69853
1.53631 0.0815321 9.83595
1.42595 0.167782 6.19134
1.71704 0.212542 9.39184
1.66826 0.151222 6.00485
1.45803 0.264422 9.37649
1.6622 0.0673821 8.80242
1.66835 0.0237521 9.6439
1.44979 0.158002 4.73505
1.45908 0.298742 9.01191
1.45678 0.0198721 6.51004
1.55619 0.0123621 6.16769
1.61807 0.0741921 7.40473
1.648 0.0435721 6.64655
1.63705 0.275652 10.1846
1.62765 0.169352 10.6279
1.45004 0.0483721 8.39158
1.65307 0.130762 5.92509
1.42906 0.301022 9.14497
1.42163 0.0544521 7.71318
1.62443 0.258722 11.9504
1.70129 0.127652 9.6978
1.5606 0.137672 6.98397
1.66994 0.217382 12.7744
1.68668 0.125562 9.42632
1.72165 0.113072 7.91843
1.64224 0.150982 9.52918
1.41576 0.0884521 10.5628
1.47999 0.116162 10.1498
1.60301 0.0160621 7.55029
1.71825 0.283782 8.95233
1.64862 0.186392 4.57745
1.62469 0.135492 7.50102
1.45567 0.0254921 10.1143
1.42713 0.211012 12.5537
1.68956 0.189242 9.03485
1.58404 0.239492 9.22838
1.62205 0.201972 6.2887
1.61936 0.161202 10.3397
1.66032 0.214112 9.15752
1.60785 0.302312 8.99324
1.45523 0.0550521 10.3412
1.5861 0.110122 11.6866
1.44606 0.243852 6.83018
1.48838 0.153332 7.16749
1.7258 0.166822 8.68781
1.68808 0.228012 8.16371
1.5913 0.258692 8.43044
1.59554 0.155102 9.07249
1.55703 0.0534021 8.42762
1.58367 0.199392 9.93495
1.60762 0.271632 8.03211
1.49912 0.0892121 6.43828
1.68252 0.294712 6.16866
1.50643 0.0457621 5.13396
