1.68671 0.0788706 6.35737
1.66122 0.164111 5.94039
1.41895 0.0910306 5.2493
1.63195 0.0547806 9.89792
1.48966 0.229491 10.0795
1.49485 0.187541 12.458
1.69082 0.216051 11.3613
1.54352 0.0844306 8.1405
1.709 0.00837064 6.94054
1.69842 0.173241 7.58633
1.47678 0.129071 8.09945
1.47114 0.0406306 12.7998
1.48782 0.153391 9.85298
1.62284 0.0148306 5.04181
1.45735 0.125731 9.76161
1.50004 0.0210306 8.80065
1.64288 0.148011 9.52581
1.49562 0.296361 7.60748
1.49238 0.270381 7.75364
1.64886 0.223971 11.7225
1.70496 0.0950506 9.65317
1.72236 0.0232206 6.87333
1.63335 0.298671 8.30835
1.62676 0.109221 9.06267
1.44752 0.0606006 10.6129
1.70535 0.0741906 7.04585
1.61147 0.0717606 8.60217
1.55444 0.119271 11.2664
1.67869 0.111431 12.1529
1.62578 0.0573906 10.0811
1.5559 0.117041 11.3707
1.48417 0.196311 6.80955
1.71814 0.297721 9.2944
1.55265 0.307021 7.95035
1.52774 0.0734706 6.29525
1.61782 0.243461 7.93248
1.66847 0.0531606 9.79269
1.57831 0.215981 7.5046
1.6781 0.302941 6.53551
1.57637 0.263491 9.41331
1.61859 0.129891 6.42572
1.62263 0.147141 9.07474
1.67953 0.0667906 9.39255
1.52212 0.202361 12.6634
1.43523 0.0129306 6.82729
1.63401 0.297661 7.5089
1.71135 0.243111 8.53727
1.46493 0.307081 6.57324
1.55304 0.254781 5.94865
1.71976 0.0829106 7.93291
1.68628 0.103351 9.50448
1.45993 0.102271 8.17665
1.50034 0.00538064 5.86578
1.61943 0.205381 9.3563
1.5971 0.259491 10.783
1.42844 0.00999064 8.85094
1.45693 0.249531 6.34104
