1.72279 0.301385 8.13136
1.51576 0.0134147 10.1853
1.5959 0.271595 8.69853
1.45777 0.0717147 9.83595
1.66694 0.276115 7.92899
1.6385 0.202725 9.39184
1.58972 0.141405 6.00485
1.58366 0.0575647 8.80242
1.58981 0.0139347 9.6439
1.6621 0.206595 9.35374
1.47765 0.00254466 6.16769
1.53953 0.0643747 7.40473
1.56946 0.0337547 6.64655
1.55851 0.265835 10.1846
1.54911 0.159535 10.6279
1.67093 0.252005 11.9338
1.57453 0.120945 5.92509
1.54589 0.248905 11.9504
1.62275 0.117835 9.6978
1.48206 0.127855 6.98397
1.5914 0.207565 12.7744
1.60814 0.115745 9.42632
1.64311 0.103255 7.91843
1.5637 0.141165 9.52918
1.52447 0.00624466 7.55029
1.63971 0.273965 8.95233
1.57008 0.176575 4.57745
1.65118 0.0439947 10.4128
1.54615 0.125675 7.50102
1.61102 0.179425 9.03485
1.5055 0.229675 9.22838
1.54351 0.192155 6.2887
1.54082 0.151385 10.3397
1.72081 0.291725 7.56544
1.58178 0.204295 9.15752
1.52931 0.292495 8.99324
1.69407 0.280345 9.73365
1.50756 0.100305 11.6866
1.68159 0.262905 5.02904
1.69851 0.172955 7.92413
1.64726 0.157005 8.68781
1.60954 0.218195 8.16371
1.51276 0.248875 8.43044
1.517 0.145285 9.07249
1.47849 0.0435847 8.42762
1.50513 0.189575 9.93495
1.52908 0.261815 8.03211
1.42058 0.0793947 6.43828
1.60398 0.284895 6.16866
1.42789 0.0359447 5.13396
