1.43001 0.154374 7.21136
1.58613 0.020184 7.34627
1.59203 0.017724 7.9443
1.46488 0.289554 9.63044
1.54219 0.226244 12.5412
1.43142 0.144054 4.93978
1.68719 0.133154 10.1573
1.45998 0.167494 9.01314
1.42443 0.195784 9.69773
1.64939 0.288044 7.7608
1.58296 0.019614 10.4809
1.51341 0.053744 8.74073
1.45072 0.038524 9.38867
1.63117 0.066994 9.05278
1.55827 0.183184 11.7962
1.68604 0.064034 7.48382
1.68502 0.082464 7.6065
1.72038 0.231524 7.17228
1.4855 0.043504 9.46531
1.56668 0.185284 6.37953
1.56999 0.236974 7.9826
1.50673 0.182214 7.87684
1.66752 0.059624 9.31824
1.60873 0.274814 9.71725
1.43275 0.034144 7.72788
1.65243 0.179254 9.22614
1.62613 0.181184 6.55013
1.56886 0.226844 8.39931
1.72317 0.238574 11.6453
1.68461 0.258034 7.09406
1.66943 0.209124 5.34713
1.60307 0.216704 11.87
1.43712 0.116294 9.29426
1.59256 0.00868404 8.9252
1.72688 0.311924 10.8721
1.54413 0.157234 8.88217
1.61824 0.035124 7.94901
1.46175 0.018724 9.21138
1.6729 0.205504 8.30364
1.4814 0.046764 5.73656
1.49564 0.106854 7.24223
1.49051 0.179264 7.66866
1.42011 0.150194 6.74294
1.62285 0.068204 6.99795
1.56703 0.305494 5.1787
1.62799 0.212664 8.2391
1.59064 0.148514 6.55971
1.72732 0.061754 9.26881
1.57107 0.206424 9.40187
