1.64365 0.150312 7.18776
1.71404 0.0147522 9.70339
1.48985 0.155142 6.57907
1.52344 0.231332 5.39164
1.43573 0.0535322 5.41518
1.65218 0.149392 9.33824
1.70721 0.0170122 7.33901
1.60936 0.0576022 9.65105
1.69398 0.226342 8.04004
1.46964 0.160882 10.8164
1.59249 0.0798722 7.87974
1.46012 0.211702 10.0605
1.48132 0.107422 9.38908
1.58353 0.184422 8.8288
1.59931 0.0735222 7.88671
1.59249 0.227672 9.83798
1.4541 0.233032 11.9089
1.60666 0.180782 4.65153
1.54492 0.00363222 11.2008
1.56008 0.198262 10.6401
1.4268 0.169862 7.48278
1.59827 0.0735522 8.5693
1.60213 0.0803522 5.27358
1.63531 0.195252 11.3125
1.72652 0.0121622 9.18662
1.47317 0.143532 9.88451
1.65499 0.0382322 8.01684
1.52067 0.252852 9.50062
1.71585 0.165492 10.1045
1.67896 0.302602 5.5814
1.70958 0.181522 10.4344
1.4544 0.107222 10.8479
1.66064 0.0354222 11.0462
1.59362 0.234782 1.79944
1.66493 0.0891822 4.13992
1.67068 0.112492 7.31184
1.49846 0.114992 9.96904
1.64491 0.215372 6.68269
1.45691 0.0877022 6.67278
1.46863 0.238042 7.73531
1.4166 0.225712 10.2291
1.46823 0.00638222 9.37908
1.56995 0.0783022 10.9693
1.59941 0.274492 5.76839
1.49261 0.292912 3.32247
1.64802 0.258392 10.4545
1.56737 0.243122 9.17467
1.61347 0.123612 12.2061
1.62247 0.0320522 9.28645
1.47107 0.00981222 9.39051
1.44929 0.000912221 3.84092
1.47571 0.256812 7.30187
1.62887 0.0855522 10.4939
