1.61625 0.183479 11.2358
1.49494 0.154435 5.49643
1.45007 0.145017 8.70002
1.42463 0.175232 11.5783
1.58481 0.0328738 9.07765
1.48246 0.0656338 10.1957
1.44792 0.299049 6.65722
1.50655 0.308654 11.3427
1.64348 0.223491 8.03949
1.58136 0.148929 8.61454
1.44641 0.0899838 8.2235
1.70908 0.0508738 9.48351
1.58665 0.191222 9.15397
1.53114 0.306444 11.752
1.52921 0.135106 7.47052
1.66922 0.229787 7.31087
1.46039 0.133766 5.86824
1.611 0.219252 9.11878
1.41507 0.138493 9.94106
1.44799 0.254697 9.83102
1.7228 0.0482638 5.64483
1.67896 0.0142138 5.5814
1.59516 0.28307 7.97113
1.47781 0.244564 8.75275
1.55168 0.292939 6.60827
1.5799 0.253433 9.00137
1.47227 0.0395638 8.86507
1.59063 0.120815 8.29084
1.65906 0.0856138 9.66419
1.62826 0.120784 6.58664
1.681 0.0353338 6.18782
1.58023 0.309253 6.05235
1.42311 0.224238 8.00612
1.70245 0.246369 6.308
1.5314 0.0501938 5.05418
1.52161 0.0647538 11.0336
1.51991 0.10395 10.8973
1.49261 0.00452383 3.32247
1.67213 0.133687 5.63548
