1.60148 0.180842 8.05486
1.4629 0.0794021 8.4622
1.58046 0.185162 12.9946
1.67206 0.196632 8.86592
1.69392 0.0960021 7.47419
1.48398 0.281882 10.9959
1.68513 0.141402 11.8625
1.64961 0.0262221 7.68539
1.53068 0.216612 8.34999
1.53391 0.202092 7.18179
1.56404 0.0901821 9.42662
1.65566 0.276762 10.1832
1.48308 0.149532 8.12468
1.63803 0.0185921 8.58276
1.67705 0.243702 7.96303
1.49906 0.121592 9.85397
1.50489 0.209722 9.34602
1.57377 0.305012 8.37316
1.5181 0.224902 3.44991
1.71879 0.105022 7.31622
1.46699 0.0998321 7.71378
1.58032 0.106952 9.26445
1.70572 0.0295721 8.22871
1.55119 0.123992 5.56933
1.51282 0.264842 9.52559
1.7035 0.288292 7.68192
1.70504 0.214462 9.98557
1.67388 0.142782 9.91415
1.69243 0.287532 10.1051
1.68965 0.217462 11.5685
1.68097 0.0584821 8.58008
1.55199 0.0295521 8.33872
1.58457 0.279602 8.82533
1.63356 0.178302 7.08542
1.61909 0.0604421 10.6433
1.55879 0.160792 8.57992
1.46845 0.109432 7.11264
1.55886 0.0890821 11.2182
1.70785 0.290312 9.31114
1.57184 0.0360321 8.87567
1.61818 0.145732 7.65382
1.66593 0.259892 5.90922
1.47053 0.0669621 10.374
1.50857 0.0273621 12.61
1.5983 0.223162 5.52954
