1.5276 0.110882 6.08845
1.677 0.298902 8.13111
1.60682 0.309702 12.0433
1.71199 0.165882 7.48317
1.58382 0.157892 7.56495
1.50735 0.312302 8.89745
1.65348 0.249672 4.83342
1.66893 0.167782 6.19134
1.59154 0.163102 6.40262
1.53751 0.0817121 10.6224
1.63737 0.144392 7.01074
1.70101 0.264422 9.37649
1.69277 0.158002 4.73505
1.70206 0.298742 9.01191
1.59802 0.183712 5.86146
1.69976 0.0198721 6.51004
1.51745 0.272672 6.12329
1.57345 0.0950621 8.72814
1.62795 0.312102 9.20542
1.69302 0.0483721 8.39158
1.58997 0.0171221 8.85039
1.58924 0.116352 7.24413
1.67204 0.301022 9.14497
1.66461 0.0544521 7.71318
1.52571 0.0126821 6.34262
1.59659 0.0913221 10.6118
1.65874 0.0884521 10.5628
1.59022 0.145332 6.53623
1.72297 0.116162 10.1498
1.45352 0.141462 6.42993
1.53399 0.289572 7.05007
1.64059 0.292162 6.67757
1.56417 0.00536214 3.34318
1.49253 0.236032 5.35547
1.69865 0.0254921 10.1143
1.67011 0.211012 12.5537
1.43862 0.272412 8.96659
1.43755 0.106052 7.64219
1.69821 0.0550521 10.3412
1.54747 0.216042 2.59703
1.68904 0.243852 6.83018
1.61876 0.0535621 8.75734
1.63124 0.198432 8.34197
1.61319 0.252392 10.957
1.47036 0.0426121 8.85798
