1.64918 0.181267 6.35558
1.72393 0.271177 12.4847
1.65898 0.167167 9.08387
1.64915 0.0331265 10.0863
1.71817 0.143887 5.50001
1.71403 0.209227 7.07294
1.6128 0.0840365 7.18692
1.66164 0.0594365 6.57828
1.72685 0.303357 12.3368
1.66566 0.213767 10.1404
1.61813 0.167937 5.80099
1.61436 0.0627765 12.0625
1.60701 0.168637 9.88572
1.60192 0.266507 10.087
1.68951 0.288407 4.73315
1.72554 0.135967 7.21255
1.66045 0.150587 10.4478
1.70037 0.113447 13.8328
1.71607 0.110357 7.52441
1.68512 0.122867 8.90965
1.68842 0.00679652 6.24003
1.6996 0.164707 9.41877
1.6519 0.255447 5.20822
