1.54276 0.0232321 10.1853
1.41747 0.165882 7.48317
1.6229 0.281412 8.69853
1.48477 0.0815321 9.83595
1.69394 0.285932 7.92899
1.6655 0.212542 9.39184
1.61672 0.151222 6.00485
1.61066 0.0673821 8.80242
1.61681 0.0237521 9.6439
1.6891 0.216412 9.35374
1.50465 0.0123621 6.16769
1.56653 0.0741921 7.40473
1.59646 0.0435721 6.64655
1.58551 0.275652 10.1846
1.57611 0.169352 10.6279
1.69793 0.261822 11.9338
1.60153 0.130762 5.92509
1.57289 0.258722 11.9504
1.64975 0.127652 9.6978
1.50906 0.137672 6.98397
1.6184 0.217382 12.7744
1.63514 0.125562 9.42632
1.67011 0.113072 7.91843
1.5907 0.150982 9.52918
1.42845 0.116162 10.1498
1.55147 0.0160621 7.55029
1.66671 0.283782 8.95233
1.59708 0.186392 4.57745
1.67818 0.0538121 10.4128
1.57315 0.135492 7.50102
1.63802 0.189242 9.03485
1.5325 0.239492 9.22838
1.57051 0.201972 6.2887
1.56782 0.161202 10.3397
1.60878 0.214112 9.15752
1.55631 0.302312 8.99324
1.72107 0.290162 9.73365
1.53456 0.110122 11.6866
1.70859 0.272722 5.02904
1.72551 0.182772 7.92413
1.43684 0.153332 7.16749
1.67426 0.166822 8.68781
1.63654 0.228012 8.16371
1.53976 0.258692 8.43044
1.544 0.155102 9.07249
1.50549 0.0534021 8.42762
1.53213 0.199392 9.93495
1.55608 0.271632 8.03211
1.44758 0.0892121 6.43828
1.63098 0.294712 6.16866
1.45489 0.0457621 5.13396
