1.72279 0.305066 8.13136
1.51576 0.0170962 10.1853
1.5959 0.275276 8.69853
1.45777 0.0753962 9.83595
1.66694 0.279796 7.92899
1.6385 0.206406 9.39184
1.58972 0.145086 6.00485
1.58366 0.0612462 8.80242
1.58981 0.0176162 9.6439
1.6621 0.210276 9.35374
1.47765 0.00622622 6.16769
1.53953 0.0680562 7.40473
1.56946 0.0374362 6.64655
1.55851 0.269516 10.1846
1.54911 0.163216 10.6279
1.67093 0.255686 11.9338
1.57453 0.124626 5.92509
1.54589 0.252586 11.9504
1.62275 0.121516 9.6978
1.48206 0.131536 6.98397
1.5914 0.211246 12.7744
1.60814 0.119426 9.42632
1.64311 0.106936 7.91843
1.5637 0.144846 9.52918
1.52447 0.00992622 7.55029
1.63971 0.277646 8.95233
1.57008 0.180256 4.57745
1.65118 0.0476762 10.4128
1.54615 0.129356 7.50102
1.61102 0.183106 9.03485
1.5055 0.233356 9.22838
1.54351 0.195836 6.2887
1.54082 0.155066 10.3397
1.72081 0.295406 7.56544
1.58178 0.207976 9.15752
1.52931 0.296176 8.99324
1.69407 0.284026 9.73365
1.50756 0.103986 11.6866
1.68159 0.266586 5.02904
1.69851 0.176636 7.92413
1.64726 0.160686 8.68781
1.60954 0.221876 8.16371
1.51276 0.252556 8.43044
1.517 0.148966 9.07249
1.47849 0.0472662 8.42762
1.50513 0.193256 9.93495
1.52908 0.265496 8.03211
1.42058 0.0830762 6.43828
1.60398 0.288576 6.16866
1.42789 0.0396262 5.13396
