1.5958 0.244492 10.1494
1.67529 0.213912 5.25027
1.46649 0.180842 8.05486
1.44547 0.185162 12.9946
1.53707 0.196632 8.86592
1.55893 0.0960021 7.47419
1.55014 0.141402 11.8625
1.51462 0.0262221 7.68539
1.42905 0.0901821 9.42662
1.52067 0.276762 10.1832
1.50304 0.0185921 8.58276
1.54206 0.243702 7.96303
1.43878 0.305012 8.37316
1.5838 0.105022 7.31622
1.44533 0.106952 9.26445
1.60037 0.0320521 8.50235
1.57073 0.0295721 8.22871
1.4162 0.123992 5.56933
1.60948 0.0916621 4.35333
1.56851 0.288292 7.68192
1.69669 0.273542 9.04583
1.57005 0.214462 9.98557
1.53889 0.142782 9.91415
1.63647 0.151082 8.99765
1.70023 0.155312 7.66807
1.55744 0.287532 10.1051
1.55466 0.217462 11.5685
1.54598 0.0584821 8.58008
1.417 0.0295521 8.33872
1.44958 0.279602 8.82533
1.49857 0.178302 7.08542
1.4841 0.0604421 10.6433
1.69197 0.0120821 11.683
1.4238 0.160792 8.57992
1.42387 0.0890821 11.2182
1.67699 0.274662 7.06029
1.71916 0.140892 10.8821
1.71291 0.300692 5.51205
1.57286 0.290312 9.31114
1.43685 0.0360321 8.87567
1.60949 0.104552 7.68837
1.48319 0.145732 7.65382
1.53094 0.259892 5.90922
1.46331 0.223162 5.52954
