1.51945 0.307235 6.53953
1.58645 0.171005 7.32341
1.50435 0.0240851 6.45865
1.58813 0.158995 7.17194
1.64061 0.0370151 10.3407
1.4161 0.0739351 10.3827
1.64411 0.153965 12.5877
1.64629 0.136255 8.73111
1.44225 0.299665 8.81692
1.62786 0.0386051 6.80289
1.58079 0.0510251 7.0433
1.72651 0.159085 7.16549
1.48391 0.0961951 11.0715
1.60307 0.0629751 6.78599
1.65211 0.114515 8.44774
1.43747 0.144255 3.82463
1.56167 0.120405 11.8953
1.54603 0.273755 8.34567
1.63539 0.200815 8.08046
1.62315 0.229595 5.77223
1.62561 0.128445 9.98738
1.59942 0.271225 7.09459
1.43629 0.0103851 8.51963
1.45723 0.277925 9.81325
1.64416 0.0870251 10.0118
1.59279 0.235985 8.02934
1.51331 0.274525 11.414
1.63249 0.211785 8.04949
1.69471 0.203845 9.95921
1.56521 0.190835 8.86796
1.431 0.177095 11.6204
1.55244 0.104815 11.6245
1.66123 0.217325 3.61214
1.4525 0.229795 9.27702
1.45011 0.0660151 8.56464
1.4621 0.0486051 8.59993
1.53423 0.118445 9.51136
1.62914 0.0663151 11.9383
1.5183 0.173725 9.62859
