1.65774 0.0841401 9.42983
1.48821 0.17033 10.1985
1.66744 0.0270701 7.42089
1.69001 0.29841 8.81649
1.66946 0.13297 7.37324
1.70221 0.18228 14.0718
1.61657 0.23723 8.13816
1.50737 0.25935 9.79795
1.44663 0.15588 6.81326
1.45738 0.30642 7.94804
1.70125 0.19782 8.9649
1.59068 0.21491 8.37107
1.58038 0.25046 8.42869
1.60484 0.0954301 6.94769
1.71962 0.0214401 9.14889
1.50811 0.0864601 10.5855
1.57528 0.0676101 9.40788
1.49388 0.0594701 7.6935
1.49055 0.20384 9.9086
1.4408 0.29796 10.2304
1.41434 0.0357001 9.99024
1.48821 0.10063 8.92796
1.54834 0.27206 5.35347
1.58014 0.19703 7.07325
1.60623 0.30032 8.88135
1.63849 0.18839 7.57258
1.5905 0.17953 7.9849
1.51121 0.29996 9.19404
1.6687 0.0273701 8.25033
1.44291 0.21543 7.2218
1.56469 0.12311 12.3679
1.70374 0.0376701 9.7349
1.70849 0.25194 7.53375
1.51834 0.25881 9.51503
1.47706 0.0784901 6.92325
1.70283 0.21116 9.82356
1.44913 0.15106 6.26427
