1.65774 0.0534604 9.42983
1.48821 0.13965 10.1985
1.63965 0.28492 7.54688
1.69001 0.26773 8.81649
1.66946 0.10229 7.37324
1.70221 0.1516 14.0718
1.61657 0.20655 8.13816
1.50737 0.22867 9.79795
1.44663 0.1252 6.81326
1.45738 0.27574 7.94804
1.70125 0.16714 8.9649
1.50934 0.30251 9.26338
1.59068 0.18423 8.37107
1.58038 0.21978 8.42869
1.60484 0.0647504 6.94769
1.50811 0.0557804 10.5855
1.57528 0.0369304 9.40788
1.49388 0.0287904 7.6935
1.61611 0.31335 8.42056
1.49055 0.17316 9.9086
1.58078 0.30551 10.5699
1.4408 0.26728 10.2304
1.41434 0.00502044 9.99024
1.48821 0.0699504 8.92796
1.54834 0.24138 5.35347
1.58014 0.16635 7.07325
1.60623 0.26964 8.88135
1.63849 0.15771 7.57258
1.5905 0.14885 7.9849
1.51121 0.26928 9.19404
1.46491 0.30471 9.34095
1.44291 0.18475 7.2218
1.56469 0.0924304 12.3679
1.70374 0.00699044 9.7349
1.70849 0.22126 7.53375
1.51834 0.22813 9.51503
1.47706 0.0478104 6.92325
1.70283 0.18048 9.82356
1.44913 0.12038 6.26427
