1.72279 0.206891 8.13136
1.5959 0.177101 8.69853
1.65774 0.292761 9.42983
1.66744 0.235691 7.42089
1.66694 0.181621 7.92899
1.6385 0.108231 9.39184
1.58972 0.0469114 6.00485
1.6621 0.112101 9.35374
1.55851 0.171341 10.1846
1.54911 0.0650414 10.6279
1.67093 0.157511 11.9338
1.57453 0.0264514 5.92509
1.54589 0.154411 11.9504
1.62275 0.0233414 9.6978
1.48206 0.0333614 6.98397
1.5914 0.113071 12.7744
1.60814 0.0212514 9.42632
1.64311 0.00876144 7.91843
1.5637 0.0466714 9.52918
1.60484 0.304051 6.94769
1.71962 0.230061 9.14889
1.50811 0.295081 10.5855
1.63971 0.179471 8.95233
1.57008 0.0820814 4.57745
1.57528 0.276231 9.40788
1.49388 0.268091 7.6935
1.54615 0.0311814 7.50102
1.41434 0.244321 9.99024
1.48821 0.309251 8.92796
1.61102 0.0849314 9.03485
1.5055 0.135181 9.22838
1.54351 0.0976614 6.2887
1.54082 0.0568914 10.3397
1.72081 0.197231 7.56544
1.58178 0.109801 9.15752
1.52931 0.198001 8.99324
1.69407 0.185851 9.73365
1.6687 0.235991 8.25033
1.50756 0.00581144 11.6866
1.68159 0.168411 5.02904
1.69851 0.0784614 7.92413
1.70374 0.246291 9.7349
1.64726 0.0625114 8.68781
1.60954 0.123701 8.16371
1.47706 0.287111 6.92325
1.51276 0.154381 8.43044
1.517 0.0507914 9.07249
1.50513 0.0950814 9.93495
1.52908 0.167321 8.03211
1.60398 0.190401 6.16866
