1.62525 0.244492 10.1494
1.70474 0.213912 5.25027
1.49594 0.180842 8.05486
1.47492 0.185162 12.9946
1.56652 0.196632 8.86592
1.58839 0.0960021 7.47419
1.57959 0.141402 11.8625
1.54407 0.0262221 7.68539
1.42514 0.216612 8.34999
1.42837 0.202092 7.18179
1.4585 0.0901821 9.42662
1.55012 0.276762 10.1832
1.5325 0.0185921 8.58276
1.57151 0.243702 7.96303
1.46823 0.305012 8.37316
1.61325 0.105022 7.31622
1.47479 0.106952 9.26445
1.62982 0.0320521 8.50235
1.60019 0.0295721 8.22871
1.44565 0.123992 5.56933
1.63893 0.0916621 4.35333
1.59796 0.288292 7.68192
1.72614 0.273542 9.04583
1.59951 0.214462 9.98557
1.56834 0.142782 9.91415
1.66592 0.151082 8.99765
1.58689 0.287532 10.1051
1.58411 0.217462 11.5685
1.57543 0.0584821 8.58008
1.44645 0.0295521 8.33872
1.47903 0.279602 8.82533
1.52802 0.178302 7.08542
1.51355 0.0604421 10.6433
1.72142 0.0120821 11.683
1.45325 0.160792 8.57992
1.45332 0.0890821 11.2182
1.70644 0.274662 7.06029
1.60231 0.290312 9.31114
1.4663 0.0360321 8.87567
1.63894 0.104552 7.68837
1.51265 0.145732 7.65382
1.5604 0.259892 5.90922
1.49276 0.223162 5.52954
