1.60393 0.180842 8.05486
1.46536 0.0794021 8.4622
1.58291 0.185162 12.9946
1.67451 0.196632 8.86592
1.69638 0.0960021 7.47419
1.48643 0.281882 10.9959
1.68758 0.141402 11.8625
1.65207 0.0262221 7.68539
1.53313 0.216612 8.34999
1.53636 0.202092 7.18179
1.5665 0.0901821 9.42662
1.65811 0.276762 10.1832
1.48553 0.149532 8.12468
1.64049 0.0185921 8.58276
1.67951 0.243702 7.96303
1.50152 0.121592 9.85397
1.50735 0.209722 9.34602
1.57622 0.305012 8.37316
1.52055 0.224902 3.44991
1.72125 0.105022 7.31622
1.46945 0.0998321 7.71378
1.58278 0.106952 9.26445
1.70818 0.0295721 8.22871
1.55364 0.123992 5.56933
1.51528 0.264842 9.52559
1.70595 0.288292 7.68192
1.7075 0.214462 9.98557
1.67634 0.142782 9.91415
1.69489 0.287532 10.1051
1.6921 0.217462 11.5685
1.68342 0.0584821 8.58008
1.55445 0.0295521 8.33872
1.58702 0.279602 8.82533
1.63601 0.178302 7.08542
1.62155 0.0604421 10.6433
1.56124 0.160792 8.57992
1.4709 0.109432 7.11264
1.56132 0.0890821 11.2182
1.7103 0.290312 9.31114
1.5743 0.0360321 8.87567
1.62064 0.145732 7.65382
1.66839 0.259892 5.90922
1.47298 0.0669621 10.374
1.51102 0.0273621 12.61
1.60075 0.223162 5.52954
