1.63112 0.0809098 10.1853
1.50583 0.22356 7.48317
1.57313 0.13921 9.83595
1.44732 0.30735 4.83342
1.46277 0.22546 6.19134
1.43121 0.20207 7.01074
1.70508 0.2089 6.00485
1.69902 0.12506 8.80242
1.70517 0.0814298 9.6439
1.48661 0.21568 4.73505
1.4936 0.0775498 6.51004
1.59301 0.0700398 6.16769
1.65489 0.13187 7.40473
1.68482 0.10125 6.64655
1.66447 0.22703 10.6279
1.48686 0.10605 8.39158
1.68989 0.18844 5.92509
1.45845 0.11213 7.71318
1.59742 0.19535 6.98397
1.64603 0.0264898 9.36544
1.46541 0.00295982 5.89698
1.70676 0.27506 12.7744
1.7235 0.18324 9.42632
1.67906 0.20866 9.52918
1.45258 0.14613 10.5628
1.59089 0.0290298 9.60221
1.51681 0.17384 10.1498
1.63983 0.0737398 7.55029
1.68544 0.24407 4.57745
1.66882 0.0201198 10.1096
1.66151 0.19317 7.50102
1.49249 0.0831698 10.1143
1.46395 0.26869 12.5537
1.72638 0.24692 9.03485
1.62086 0.29717 9.22838
1.65887 0.25965 6.2887
1.65618 0.21888 10.3397
1.69714 0.27179 9.15752
1.49205 0.11273 10.3412
1.56546 0.00928982 9.6493
1.62292 0.1678 11.6866
1.48288 0.30153 6.83018
1.42155 0.0449298 9.58671
1.5252 0.21101 7.16749
1.7249 0.28569 8.16371
1.42508 0.25611 8.34197
1.63236 0.21278 9.07249
1.59385 0.11108 8.42762
1.62049 0.25707 9.93495
1.48938 0.0544598 11.9621
1.53594 0.14689 6.43828
1.54325 0.10344 5.13396
