1.72279 0.28175 8.13136
1.5959 0.25196 8.69853
1.45777 0.0520797 9.83595
1.66744 0.31055 7.42089
1.66694 0.25648 7.92899
1.6385 0.18309 9.39184
1.58972 0.12177 6.00485
1.58366 0.0379297 8.80242
1.6621 0.18696 9.35374
1.53953 0.0447397 7.40473
1.56946 0.0141197 6.64655
1.55851 0.2462 10.1846
1.54911 0.1399 10.6279
1.67093 0.23237 11.9338
1.57453 0.10131 5.92509
1.54589 0.22927 11.9504
1.62275 0.0981997 9.6978
1.48206 0.10822 6.98397
1.5914 0.18793 12.7744
1.60814 0.0961097 9.42632
1.64311 0.0836197 7.91843
1.5637 0.12153 9.52918
1.71962 0.30492 9.14889
1.63971 0.25433 8.95233
1.57008 0.15694 4.57745
1.65118 0.0243597 10.4128
1.54615 0.10604 7.50102
1.61102 0.15979 9.03485
1.5055 0.21004 9.22838
1.54351 0.17252 6.2887
1.54082 0.13175 10.3397
1.72081 0.27209 7.56544
1.58178 0.18466 9.15752
1.52931 0.27286 8.99324
1.69407 0.26071 9.73365
1.6687 0.31085 8.25033
1.50756 0.0806697 11.6866
1.68159 0.24327 5.02904
1.69851 0.15332 7.92413
1.64726 0.13737 8.68781
1.60954 0.19856 8.16371
1.51276 0.22924 8.43044
1.517 0.12565 9.07249
1.47849 0.0239497 8.42762
1.50513 0.16994 9.93495
1.52908 0.24218 8.03211
1.42058 0.0597597 6.43828
1.60398 0.26526 6.16866
1.42789 0.0163097 5.13396
