1.46407 0.0887221 8.37516
1.68921 0.299982 7.34627
1.69511 0.297522 7.9443
1.54874 0.227362 10.1369
1.66485 0.211852 9.96675
1.50632 0.140662 9.80098
1.52193 0.105132 7.66217
1.54161 0.261292 8.01622
1.51366 0.0933821 7.39753
1.47531 0.150472 7.1591
1.5659 0.233182 8.31697
1.47644 0.0795121 8.10658
1.58508 0.200462 9.96321
1.63797 0.269632 6.8438
1.68604 0.299412 10.4809
1.57382 0.123342 10.4059
1.67935 0.113502 8.08206
1.42619 0.290302 8.92775
1.43734 0.123192 8.77708
1.60735 0.00783214 11.6119
1.57551 0.109542 10.3578
1.53584 0.313942 7.72788
1.64551 0.0364921 8.01005
1.55918 0.114292 8.65119
1.66259 0.0168321 7.89155
1.44508 0.00495214 8.37628
1.64927 0.0182821 11.4016
1.68091 0.124662 6.9326
1.69564 0.288482 8.9252
1.7257 0.242642 8.02927
1.57941 0.0435221 6.79222
1.56484 0.298522 9.21138
1.50489 0.225812 10.292
1.46274 0.170932 10.8239
1.48379 0.300332 6.02306
1.56085 0.274462 12.1938
1.62795 0.267272 9.6112
1.4738 0.166672 7.59257
1.64768 0.240332 6.09565
1.44099 0.182512 9.49395
1.68398 0.104842 8.72271
1.50693 0.0322821 9.43116
1.72604 0.0825321 6.53478
1.56693 0.208612 6.01365
1.65355 0.170212 7.62991
1.48696 0.114002 8.88375
1.52675 0.113442 11.3858
1.42414 0.255992 6.26307
1.71944 0.118682 6.89079
1.4349 0.267612 10.8593
