1.66505 0.110882 6.08845
1.4855 0.299982 7.34627
1.4914 0.297522 7.9443
1.46114 0.211852 9.96675
1.72127 0.157892 7.56495
1.6448 0.312302 8.89745
1.67496 0.0817121 10.6224
1.43425 0.269632 6.8438
1.48233 0.299412 10.4809
1.6549 0.272672 6.12329
1.7109 0.0950621 8.72814
1.54079 0.135512 10.6318
1.53035 0.128942 6.0343
1.72742 0.0171221 8.85039
1.72669 0.116352 7.24413
1.47564 0.113502 8.08206
1.66316 0.0126821 6.34262
1.4418 0.0364921 8.01005
1.72767 0.145332 6.53623
1.45888 0.0168321 7.89155
1.59097 0.141462 6.42993
1.67144 0.289572 7.05007
1.44556 0.0182821 11.4016
1.70162 0.00536214 3.34318
1.4772 0.124662 6.9326
1.49193 0.288482 8.9252
1.52199 0.242642 8.02927
1.62998 0.236032 5.35547
1.57607 0.272412 8.96659
1.575 0.106052 7.64219
1.42424 0.267272 9.6112
1.44397 0.240332 6.09565
1.68492 0.216042 2.59703
1.48027 0.104842 8.72271
1.52233 0.0825321 6.53478
1.44983 0.170212 7.62991
1.51573 0.118682 6.89079
1.60781 0.0426121 8.85798
