1.47329 0.298902 8.13111
1.63357 0.0232321 10.1853
1.50828 0.165882 7.48317
1.71371 0.281412 8.69853
1.57558 0.0815321 9.83595
1.44977 0.249672 4.83342
1.46522 0.167782 6.19134
1.43366 0.144392 7.01074
1.70753 0.151222 6.00485
1.4973 0.264422 9.37649
1.70147 0.0673821 8.80242
1.70762 0.0237521 9.6439
1.48906 0.158002 4.73505
1.49835 0.298742 9.01191
1.49605 0.0198721 6.51004
1.59546 0.0123621 6.16769
1.65734 0.0741921 7.40473
1.68727 0.0435721 6.64655
1.67632 0.275652 10.1846
1.66692 0.169352 10.6279
1.42424 0.312102 9.20542
1.48931 0.0483721 8.39158
1.69234 0.130762 5.92509
1.46833 0.301022 9.14497
1.4609 0.0544521 7.71318
1.6637 0.258722 11.9504
1.59987 0.137672 6.98397
1.70921 0.217382 12.7744
1.72595 0.125562 9.42632
1.68151 0.150982 9.52918
1.45503 0.0884521 10.5628
1.51926 0.116162 10.1498
1.64228 0.0160621 7.55029
1.68789 0.186392 4.57745
1.43688 0.292162 6.67757
1.66396 0.135492 7.50102
1.49494 0.0254921 10.1143
1.4664 0.211012 12.5537
1.62331 0.239492 9.22838
1.66132 0.201972 6.2887
1.65863 0.161202 10.3397
1.69959 0.214112 9.15752
1.64712 0.302312 8.99324
1.4945 0.0550521 10.3412
1.62537 0.110122 11.6866
1.48533 0.243852 6.83018
1.52765 0.153332 7.16749
1.41505 0.0535621 8.75734
1.72735 0.228012 8.16371
1.42753 0.198432 8.34197
1.63057 0.258692 8.43044
1.63481 0.155102 9.07249
1.5963 0.0534021 8.42762
1.62294 0.199392 9.93495
1.64689 0.271632 8.03211
1.53839 0.0892121 6.43828
1.72179 0.294712 6.16866
1.5457 0.0457621 5.13396
