1.54356 0.201856 8.90281
1.48431 0.0303362 7.83831
1.59333 0.226376 7.80137
1.66984 0.101916 8.74819
1.71525 0.306896 10.5645
1.71711 0.313586 11.2394
1.54349 0.181316 8.17431
1.72114 0.117596 13.2212
1.55917 0.272566 10.2848
1.47114 0.299576 8.53616
1.59841 0.0837262 8.56252
1.53787 0.200346 6.57714
1.4611 0.266996 7.57764
1.69456 0.272236 4.88651
1.50116 0.0480162 8.41439
1.46266 0.218956 7.72265
1.45117 0.288806 7.1919
1.43634 0.176636 6.38876
1.48175 0.164966 5.89735
1.48932 0.190556 10.8744
1.72495 0.163006 8.85913
1.59601 0.234726 8.36558
1.56259 0.266286 8.23762
1.48564 0.0443562 9.21655
1.64873 0.166676 5.27226
1.54724 0.0165562 8.22786
1.43649 0.271326 7.62204
1.70896 0.120486 10.1091
1.69693 0.143966 9.2042
1.66984 0.203356 9.48219
1.56534 0.0397762 10.1704
1.62792 0.216686 5.92395
1.46537 0.122976 5.2127
1.57891 0.159026 7.89086
1.58429 0.194326 9.31683
1.54737 0.262906 6.04908
1.67445 0.148936 9.01659
1.49574 0.0874162 7.74214
1.5503 0.0884762 9.22537
1.56381 0.234866 6.67414
1.6196 0.219796 7.02854
1.71438 0.304626 7.12577
1.41836 0.153776 5.61222
1.7004 0.0818762 10.7218
1.41926 0.277596 12.079
1.44196 0.255626 5.12397
1.61541 0.125596 10.1543
1.51429 0.136756 11.3588
1.53353 0.244766 7.31318
1.63704 0.146276 10.1321
1.55339 0.152826 5.26847
