1.72357 0.16154 10.769
1.60254 0.15795 6.35558
1.6773 0.24786 12.4847
1.61234 0.14385 9.08387
1.71616 0.03837 7.41871
1.72588 0.25967 7.52218
1.60252 0.00981001 10.0863
1.67153 0.12057 5.50001
1.71896 0.24557 8.41301
1.6674 0.18591 7.07294
1.56616 0.06072 7.18692
1.70942 0.16916 9.56019
1.71501 0.15023 9.36655
1.615 0.03612 6.57828
1.68021 0.28004 12.3368
1.70092 0.07846 8.0656
1.61902 0.19045 10.1404
1.5715 0.14462 5.80099
1.56773 0.03946 12.0625
1.56038 0.14532 9.88572
1.55529 0.24319 10.087
1.64287 0.26509 4.73315
1.6789 0.11265 7.21255
1.61382 0.12727 10.4478
1.65374 0.09013 13.8328
1.66944 0.08704 7.52441
1.63849 0.09955 8.90965
1.65296 0.14139 9.41877
1.60527 0.23213 5.20822
1.70659 0.28177 9.33733
