1.72279 0.171303 8.13136
1.5959 0.141513 8.69853
1.65774 0.257173 9.42983
1.66744 0.200103 7.42089
1.66694 0.146033 7.92899
1.6385 0.0726431 9.39184
1.58972 0.0113231 6.00485
1.66946 0.306003 7.37324
1.6621 0.0765131 9.35374
1.55851 0.135753 10.1846
1.54911 0.0294531 10.6279
1.67093 0.121923 11.9338
1.54589 0.118823 11.9504
1.5914 0.0774831 12.7744
1.5637 0.0110831 9.52918
1.60484 0.268463 6.94769
1.71962 0.194473 9.14889
1.50811 0.259493 10.5855
1.63971 0.143883 8.95233
1.57008 0.0464931 4.57745
1.57528 0.240643 9.40788
1.49388 0.232503 7.6935
1.41434 0.208733 9.99024
1.48821 0.273663 8.92796
1.61102 0.0493431 9.03485
1.5055 0.0995931 9.22838
1.54351 0.0620731 6.2887
1.54082 0.0213031 10.3397
1.72081 0.161643 7.56544
1.58178 0.0742131 9.15752
1.52931 0.162413 8.99324
1.69407 0.150263 9.73365
1.6687 0.200403 8.25033
1.68159 0.132823 5.02904
1.56469 0.296143 12.3679
1.69851 0.0428731 7.92413
1.70374 0.210703 9.7349
1.64726 0.0269231 8.68781
1.60954 0.0881131 8.16371
1.47706 0.251523 6.92325
1.51276 0.118793 8.43044
1.517 0.0152031 9.07249
1.50513 0.0594931 9.93495
1.52908 0.131733 8.03211
1.60398 0.154813 6.16866
