1.64365 0.147858 7.18776
1.71404 0.0122979 9.70339
1.48985 0.152688 6.57907
1.52344 0.228878 5.39164
1.43573 0.0510779 5.41518
1.65218 0.146938 9.33824
1.70721 0.0145579 7.33901
1.60936 0.0551479 9.65105
1.69398 0.223888 8.04004
1.46964 0.158428 10.8164
1.59249 0.0774179 7.87974
1.46012 0.209248 10.0605
1.48132 0.104968 9.38908
1.58353 0.181968 8.8288
1.59931 0.0710679 7.88671
1.59249 0.225218 9.83798
1.4541 0.230578 11.9089
1.60666 0.178328 4.65153
1.54492 0.00117785 11.2008
1.56008 0.195808 10.6401
1.4268 0.167408 7.48278
1.59827 0.0710979 8.5693
1.60213 0.0778979 5.27358
1.63531 0.192798 11.3125
1.72652 0.00970785 9.18662
1.47317 0.141078 9.88451
1.65499 0.0357779 8.01684
1.52067 0.250398 9.50062
1.71585 0.163038 10.1045
1.67896 0.300148 5.5814
1.70958 0.179068 10.4344
1.4544 0.104768 10.8479
1.66064 0.0329679 11.0462
1.59362 0.232328 1.79944
1.66493 0.0867279 4.13992
1.67068 0.110038 7.31184
1.49846 0.112538 9.96904
1.64491 0.212918 6.68269
1.45691 0.0852479 6.67278
1.46863 0.235588 7.73531
1.4166 0.223258 10.2291
1.46823 0.00392785 9.37908
1.56995 0.0758479 10.9693
1.59941 0.272038 5.76839
1.49261 0.290458 3.32247
1.64802 0.255938 10.4545
1.56737 0.240668 9.17467
1.61347 0.121158 12.2061
1.62247 0.0295979 9.28645
1.47107 0.00735785 9.39051
1.47571 0.254358 7.30187
1.62887 0.0830979 10.4939
