1.60419 0.2031 10.0326
1.56649 0.0830002 10.769
1.65842 0.25248 8.57833
1.70263 0.24928 8.04085
1.44546 0.0794102 6.35558
1.59397 0.31158 12.4246
1.52022 0.16932 12.4847
1.45526 0.0653102 9.08387
1.62177 0.291 9.47512
1.5688 0.18113 7.52218
1.50137 0.29433 3.57622
1.51445 0.0420302 5.50001
1.56188 0.16703 8.41301
1.62176 0.19417 7.94907
1.51032 0.10737 7.07294
1.66809 0.14052 9.69777
1.55234 0.0906202 9.56019
1.55793 0.0716902 9.36655
1.52313 0.2015 12.3368
1.58542 0.0323802 11.5721
1.46194 0.11191 10.1404
1.54319 0.2676 8.19064
1.42995 0.27543 8.44727
1.60791 0.0454702 8.96678
1.41442 0.0660802 5.80099
1.6202 0.23738 10.9849
1.72527 0.1771 9.11596
1.70864 0.28002 8.8865
1.61171 0.0274402 11.7209
1.45845 0.27343 8.7648
1.67119 0.15247 8.8961
1.48579 0.18655 4.73315
1.52182 0.0341102 7.21255
1.45674 0.0487302 10.4478
1.634 0.0176602 8.18619
1.49666 0.0115902 13.8328
1.51236 0.00850019 7.52441
1.5239 0.27006 5.42487
1.68175 0.0966802 5.10995
1.48141 0.0210102 8.90965
1.49588 0.0628502 9.41877
1.44819 0.15359 5.20822
1.54951 0.20323 9.33733
1.71845 0.19297 9.34989
