1.57094 0.149077 6.19461
1.49313 0.244287 9.37164
1.71404 0.309277 9.70339
1.69814 0.152917 9.54773
1.63709 0.285007 9.44493
1.68153 0.186337 9.10726
1.63965 0.0861165 7.54688
1.69001 0.0689265 8.81649
1.70721 0.311537 7.33901
1.6093 0.251007 7.76683
1.6636 0.267807 7.36461
1.61657 0.00774653 8.13816
1.50737 0.0298665 9.79795
1.54492 0.298157 11.2008
1.49735 0.272627 10.3085
1.45738 0.0769365 7.94804
1.50934 0.103707 9.26338
1.72 0.257417 6.78061
1.58038 0.0209765 8.42869
1.72652 0.306687 9.18662
1.57886 0.278937 10.926
1.65069 0.251087 6.57205
1.61611 0.114547 8.42056
1.58078 0.106707 10.5699
1.4408 0.0684765 10.2304
1.54834 0.0425765 5.35347
1.60623 0.0708365 8.88135
1.63942 0.125697 7.49122
1.51121 0.0704765 9.19404
1.46491 0.105907 9.34095
1.46823 0.300907 9.37908
1.54596 0.128527 6.53437
1.61131 0.273527 12.0975
1.70849 0.0224565 7.53375
1.47107 0.304337 9.39051
1.51834 0.0293265 9.51503
1.44929 0.295437 3.84092
1.5433 0.200587 8.74354
