1.58326 0.275328 6.53953
1.41732 0.258738 10.1919
1.65026 0.139098 7.32341
1.42162 0.0318683 8.60834
1.65194 0.127088 7.17194
1.70442 0.00510829 10.3407
1.47991 0.0420283 10.3827
1.70792 0.122058 12.5877
1.48892 0.311948 6.60112
1.42157 0.274818 10.0676
1.7101 0.104348 8.73111
1.50606 0.267758 8.81692
1.69168 0.00669829 6.80289
1.6446 0.0191183 7.0433
1.41647 0.00118829 8.41335
1.54772 0.0642883 11.0715
1.66688 0.0310683 6.78599
1.55724 0.311158 8.87112
1.71592 0.0826083 8.44774
1.43364 0.0158783 12.3629
1.50129 0.112348 3.82463
1.62548 0.0884983 11.8953
1.52233 0.299268 9.47317
1.60985 0.241848 8.34567
1.69921 0.168908 8.08046
1.68697 0.197688 5.77223
1.68943 0.0965383 9.98738
1.66324 0.239318 7.09459
1.48906 0.296608 6.9164
1.46752 0.272488 6.5519
1.44237 0.141838 12.6999
1.52104 0.246018 9.81325
1.70797 0.0551183 10.0118
1.46462 0.184448 7.67328
1.6566 0.204078 8.02934
1.57713 0.242618 11.414
1.42819 0.265568 11.0413
1.69631 0.179878 8.04949
1.62902 0.158928 8.86796
1.49481 0.145188 11.6204
1.61626 0.0729083 11.6245
1.72504 0.185418 3.61214
1.51632 0.197888 9.27702
1.51392 0.0341083 8.56464
1.52591 0.0166983 8.59993
1.59804 0.0865383 9.51136
1.69295 0.0344083 11.9383
1.58211 0.141818 9.62859
