1.72279 0.237571 8.13136
1.5959 0.207781 8.69853
1.45777 0.00790106 9.83595
1.66744 0.266371 7.42089
1.66694 0.212301 7.92899
1.6385 0.138911 9.39184
1.58972 0.0775911 6.00485
1.6621 0.142781 9.35374
1.53953 0.000561061 7.40473
1.55851 0.202021 10.1846
1.54911 0.0957211 10.6279
1.67093 0.188191 11.9338
1.57453 0.0571311 5.92509
1.54589 0.185091 11.9504
1.62275 0.0540211 9.6978
1.48206 0.0640411 6.98397
1.5914 0.143751 12.7744
1.60814 0.0519311 9.42632
1.64311 0.0394411 7.91843
1.5637 0.0773511 9.52918
1.71962 0.260741 9.14889
1.63971 0.210151 8.95233
1.57008 0.112761 4.57745
1.57528 0.306911 9.40788
1.49388 0.298771 7.6935
1.54615 0.0618611 7.50102
1.41434 0.275001 9.99024
1.61102 0.115611 9.03485
1.5055 0.165861 9.22838
1.54351 0.128341 6.2887
1.54082 0.0875711 10.3397
1.72081 0.227911 7.56544
1.58178 0.140481 9.15752
1.52931 0.228681 8.99324
1.69407 0.216531 9.73365
1.6687 0.266671 8.25033
1.50756 0.0364911 11.6866
1.68159 0.199091 5.02904
1.69851 0.109141 7.92413
1.70374 0.276971 9.7349
1.64726 0.0931911 8.68781
1.60954 0.154381 8.16371
1.51276 0.185061 8.43044
1.517 0.0814711 9.07249
1.50513 0.125761 9.93495
1.52908 0.198001 8.03211
1.42058 0.0155811 6.43828
1.60398 0.221081 6.16866
