1.54425 0.244492 10.1494
1.62375 0.213912 5.25027
1.41495 0.180842 8.05486
1.48552 0.196632 8.86592
1.50739 0.0960021 7.47419
1.4986 0.141402 11.8625
1.46308 0.0262221 7.68539
1.46912 0.276762 10.1832
1.72574 0.189762 7.17606
1.4515 0.0185921 8.58276
1.49052 0.243702 7.96303
1.53226 0.105022 7.31622
1.54882 0.0320521 8.50235
1.51919 0.0295721 8.22871
1.69654 0.266672 9.18508
1.55794 0.0916621 4.35333
1.51697 0.288292 7.68192
1.64515 0.273542 9.04583
1.71434 0.0445621 8.44953
1.51851 0.214462 9.98557
1.48735 0.142782 9.91415
1.68813 0.293662 4.94342
1.58493 0.151082 8.99765
1.64869 0.155312 7.66807
1.68306 0.193332 11.9139
1.5059 0.287532 10.1051
1.50312 0.217462 11.5685
1.49443 0.0584821 8.58008
1.44703 0.178302 7.08542
1.68372 0.0978521 7.61263
1.43256 0.0604421 10.6433
1.64043 0.0120821 11.683
1.62545 0.274662 7.06029
1.66762 0.140892 10.8821
1.66137 0.300692 5.51205
1.52132 0.290312 9.31114
1.68893 0.0119121 9.63411
1.55795 0.104552 7.68837
1.43165 0.145732 7.65382
1.4794 0.259892 5.90922
1.71025 0.0955121 9.44892
