1.70461 0.0831221 8.00668
1.68733 0.164212 8.53792
1.70591 0.209422 12.258
1.55689 0.00285214 8.6107
1.5883 0.0421221 7.29018
1.51704 0.257542 5.85759
1.62892 0.277702 5.91544
1.70359 0.0452621 4.44041
1.67598 0.0732221 6.35577
1.66979 0.250662 9.69625
1.49257 0.189762 7.17606
1.69442 0.0638321 9.79893
1.5367 0.00480214 7.2562
1.54515 0.0986121 7.14469
1.60329 0.219902 9.109
1.57937 0.188902 6.96768
1.6596 0.0488021 7.77202
1.5038 0.299712 9.59314
1.67506 0.0607121 8.49857
1.46337 0.266672 9.18508
1.48118 0.0445621 8.44953
1.45497 0.293662 4.94342
1.41553 0.155312 7.66807
1.4499 0.193332 11.9139
1.61866 0.00304214 7.62395
1.53448 0.0139421 5.91364
1.64339 0.0278821 7.53214
1.45056 0.0978521 7.61263
1.71167 0.190262 4.37022
1.71224 0.250652 5.50157
1.60811 0.252882 8.19783
1.60163 0.0238921 4.54847
1.52011 0.287392 7.86821
1.577 0.211032 7.07662
1.43445 0.140892 10.8821
1.68221 0.292732 8.51622
1.4282 0.300692 5.51205
1.69762 0.152602 7.21765
1.45576 0.0119121 9.63411
1.58928 0.128922 9.28751
1.64057 0.209212 5.47545
1.47709 0.0955121 9.44892
1.57438 0.117052 9.48576
1.53932 0.212492 8.43702
