1.62851 0.0121567 7.46459
1.60548 0.184297 5.2493
1.41782 0.306057 12.4222
1.68138 0.280807 12.458
1.45343 0.156427 7.80137
1.52994 0.0319667 8.74819
1.44645 0.272697 7.12786
1.51937 0.248777 7.15422
1.57535 0.236947 10.5645
1.57722 0.243637 11.2394
1.58124 0.0476467 13.2212
1.41927 0.202617 10.2848
1.71764 0.0808667 11.1315
1.66331 0.222337 8.09945
1.45851 0.0137767 8.56252
1.65767 0.133897 12.7998
1.67436 0.246657 9.85298
1.55466 0.202287 4.88651
1.64388 0.218997 9.76161
1.68657 0.114297 8.80065
1.68669 0.0302767 8.41183
1.63406 0.153867 10.6129
1.6707 0.289577 6.80955
1.58505 0.0930567 8.85913
1.45611 0.164777 8.36558
1.4227 0.196337 8.23762
1.45496 0.255727 7.70532
1.50883 0.0967267 5.27226
1.56907 0.0505367 10.1091
1.63728 0.0889667 7.63856
1.55703 0.0740167 9.2042
1.52994 0.133407 9.48219
1.71428 0.166737 6.29525
1.48802 0.146737 5.92395
1.43901 0.0890767 7.89086
1.44439 0.124377 9.31683
1.53455 0.0789867 9.01659
1.70865 0.295627 12.6634
1.53075 0.259067 7.78005
1.62176 0.106197 6.82729
1.44089 0.302017 8.16681
1.59463 0.172677 7.95658
1.45622 0.291857 8.41201
1.64646 0.195537 8.17665
1.42391 0.164917 6.67414
1.59784 0.190827 7.72861
1.4797 0.149847 7.02854
1.68687 0.0986467 5.86578
1.57448 0.234677 7.12577
1.5605 0.0119267 10.7218
1.41695 0.282657 7.01682
1.47551 0.0556467 10.1543
1.61498 0.103257 8.85094
1.49714 0.0763267 10.1321
