1.47574 0.298902 8.13111
1.63602 0.0232321 10.1853
1.51073 0.165882 7.48317
1.71616 0.281412 8.69853
1.57803 0.0815321 9.83595
1.45222 0.249672 4.83342
1.46767 0.167782 6.19134
1.43611 0.144392 7.01074
1.70998 0.151222 6.00485
1.49975 0.264422 9.37649
1.70392 0.0673821 8.80242
1.71007 0.0237521 9.6439
1.49151 0.158002 4.73505
1.5008 0.298742 9.01191
1.4985 0.0198721 6.51004
1.59791 0.0123621 6.16769
1.65979 0.0741921 7.40473
1.68972 0.0435721 6.64655
1.67877 0.275652 10.1846
1.66937 0.169352 10.6279
1.42669 0.312102 9.20542
1.49176 0.0483721 8.39158
1.69479 0.130762 5.92509
1.47078 0.301022 9.14497
1.46335 0.0544521 7.71318
1.66615 0.258722 11.9504
1.60232 0.137672 6.98397
1.71166 0.217382 12.7744
1.68396 0.150982 9.52918
1.45748 0.0884521 10.5628
1.52171 0.116162 10.1498
1.64473 0.0160621 7.55029
1.69034 0.186392 4.57745
1.43933 0.292162 6.67757
1.66641 0.135492 7.50102
1.49739 0.0254921 10.1143
1.46885 0.211012 12.5537
1.62576 0.239492 9.22838
1.66377 0.201972 6.2887
1.66108 0.161202 10.3397
1.70204 0.214112 9.15752
1.64957 0.302312 8.99324
1.49695 0.0550521 10.3412
1.62782 0.110122 11.6866
1.48778 0.243852 6.83018
1.5301 0.153332 7.16749
1.4175 0.0535621 8.75734
1.42998 0.198432 8.34197
1.63302 0.258692 8.43044
1.63726 0.155102 9.07249
1.59875 0.0534021 8.42762
1.62539 0.199392 9.93495
1.64934 0.271632 8.03211
1.54084 0.0892121 6.43828
1.72424 0.294712 6.16866
1.54815 0.0457621 5.13396
