1.63855 0.220281 10.0326
1.60085 0.100181 10.769
1.69279 0.269661 8.57833
1.47983 0.0965908 6.35558
1.55458 0.186501 12.4847
1.48962 0.0824908 9.08387
1.61202 0.00163078 8.93041
1.65613 0.308181 9.47512
1.65537 0.0109808 9.60549
1.60316 0.198311 7.52218
1.53573 0.311511 3.57622
1.54882 0.0592108 5.50001
1.59624 0.184211 8.41301
1.65612 0.211351 7.94907
1.54468 0.124551 7.07294
1.70245 0.157701 9.69777
1.5867 0.107801 9.56019
1.59229 0.0888708 9.36655
1.5575 0.218681 12.3368
1.61978 0.0495608 11.5721
1.5782 0.0171008 8.0656
1.68615 0.00795078 7.16528
1.49631 0.129091 10.1404
1.57756 0.284781 8.19064
1.46431 0.292611 8.44727
1.64227 0.0626508 8.96678
1.44878 0.0832608 5.80099
1.65456 0.254561 10.9849
1.64607 0.0446208 11.7209
1.49281 0.290611 8.7648
1.70555 0.169651 8.8961
1.43766 0.0839608 9.88572
1.43257 0.181831 10.087
1.52016 0.203731 4.73315
1.55619 0.0512908 7.21255
1.4911 0.0659108 10.4478
1.66836 0.0348408 8.18619
1.53102 0.0287708 13.8328
1.54672 0.0256808 7.52441
1.55826 0.287241 5.42487
1.71611 0.113861 5.10995
1.51577 0.0381908 8.90965
1.53024 0.0800308 9.41877
1.48255 0.170771 5.20822
1.58387 0.220411 9.33733
