1.72279 0.15535 8.13136
1.5959 0.12556 8.69853
1.65774 0.24122 9.42983
1.66744 0.18415 7.42089
1.66694 0.13008 7.92899
1.6385 0.0566897 9.39184
1.66946 0.29005 7.37324
1.6621 0.0605597 9.35374
1.55851 0.1198 10.1846
1.54911 0.0134997 10.6279
1.67093 0.10597 11.9338
1.54589 0.10287 11.9504
1.44663 0.31296 6.81326
1.5914 0.0615297 12.7744
1.60484 0.25251 6.94769
1.71962 0.17852 9.14889
1.50811 0.24354 10.5855
1.63971 0.12793 8.95233
1.57008 0.0305397 4.57745
1.57528 0.22469 9.40788
1.49388 0.21655 7.6935
1.41434 0.19278 9.99024
1.48821 0.25771 8.92796
1.61102 0.0333897 9.03485
1.5055 0.0836397 9.22838
1.54351 0.0461197 6.2887
1.54082 0.00534969 10.3397
1.72081 0.14569 7.56544
1.58178 0.0582597 9.15752
1.52931 0.14646 8.99324
1.69407 0.13431 9.73365
1.6687 0.18445 8.25033
1.68159 0.11687 5.02904
1.56469 0.28019 12.3679
1.69851 0.0269197 7.92413
1.70374 0.19475 9.7349
1.64726 0.0109697 8.68781
1.60954 0.0721597 8.16371
1.47706 0.23557 6.92325
1.51276 0.10284 8.43044
1.50513 0.0435397 9.93495
1.52908 0.11578 8.03211
1.44913 0.30814 6.26427
1.60398 0.13886 6.16866
