1.49494 0.311514 5.49643
1.64365 0.0190035 7.18776
1.48985 0.0238335 6.57907
1.52344 0.100023 5.39164
1.65218 0.0180835 9.33824
1.69398 0.0950335 8.04004
1.46964 0.0295735 10.8164
1.45007 0.302097 8.70002
1.46012 0.0803935 10.0605
1.58353 0.0531135 8.8288
1.58481 0.189953 9.07765
1.48246 0.222713 10.1957
1.59249 0.0963635 9.83798
1.4541 0.101723 11.9089
1.60666 0.0494735 4.65153
1.58136 0.306008 8.61454
1.44641 0.247063 8.2235
1.56008 0.0669535 10.6401
1.70908 0.207953 9.48351
1.4268 0.0385535 7.48278
1.52921 0.292186 7.47052
1.46039 0.290846 5.86824
1.63531 0.0639435 11.3125
1.47317 0.0122235 9.88451
1.41507 0.295573 9.94106
1.7228 0.205343 5.64483
1.52067 0.121543 9.50062
1.71585 0.0341835 10.1045
1.67896 0.171293 5.5814
1.70958 0.0502135 10.4344
1.47227 0.196643 8.86507
1.59063 0.277894 8.29084
1.65906 0.242693 9.66419
1.59362 0.103473 1.79944
1.62826 0.277863 6.58664
1.681 0.192413 6.18782
1.64491 0.0840635 6.68269
1.46863 0.106733 7.73531
1.4166 0.0944035 10.2291
1.5314 0.207273 5.05418
1.52161 0.221833 11.0336
1.51991 0.26103 10.8973
1.59941 0.143183 5.76839
1.49261 0.161603 3.32247
1.64802 0.127083 10.4545
1.56737 0.111813 9.17467
1.67213 0.290767 5.63548
1.47571 0.125503 7.30187
