1.61625 0.144209 11.2358
1.49494 0.115165 5.49643
1.6456 0.288704 6.82155
1.45007 0.105747 8.70002
1.42463 0.135962 11.5783
1.48246 0.0263639 10.1957
1.45852 0.306823 9.14711
1.44792 0.259779 6.65722
1.50655 0.269384 11.3427
1.66063 0.279244 7.19434
1.64348 0.184221 8.03949
1.58136 0.109659 8.61454
1.44641 0.0507139 8.2235
1.70908 0.0116039 9.48351
1.58665 0.151952 9.15397
1.53114 0.267174 11.752
1.52921 0.095836 7.47052
1.66922 0.190517 7.31087
1.46039 0.094496 5.86824
1.611 0.179982 9.11878
1.41819 0.313966 9.16685
1.41507 0.0992233 9.94106
1.69906 0.296414 8.4487
1.44799 0.215427 9.83102
1.7228 0.00899392 5.64483
1.59516 0.2438 7.97113
1.47781 0.205294 8.75275
1.55168 0.253669 6.60827
1.5799 0.214163 9.00137
1.47227 0.000293924 8.86507
1.59063 0.0815446 8.29084
1.65906 0.0463439 9.66419
1.62826 0.0815136 6.58664
1.58023 0.269983 6.05235
1.42311 0.184968 8.00612
1.70245 0.207099 6.308
1.5314 0.0109239 5.05418
1.52161 0.0254839 11.0336
1.51991 0.0646805 10.8973
1.53501 0.301877 6.05723
1.67213 0.094417 5.63548
