1.72279 0.279295 8.13136
1.5959 0.249505 8.69853
1.45777 0.0496253 9.83595
1.66744 0.308095 7.42089
1.66694 0.254025 7.92899
1.6385 0.180635 9.39184
1.58972 0.119315 6.00485
1.58366 0.0354753 8.80242
1.6621 0.184505 9.35374
1.53953 0.0422853 7.40473
1.56946 0.0116653 6.64655
1.55851 0.243745 10.1846
1.54911 0.137445 10.6279
1.67093 0.229915 11.9338
1.57453 0.0988553 5.92509
1.54589 0.226815 11.9504
1.62275 0.0957453 9.6978
1.48206 0.105765 6.98397
1.5914 0.185475 12.7744
1.60814 0.0936553 9.42632
1.64311 0.0811653 7.91843
1.5637 0.119075 9.52918
1.71962 0.302465 9.14889
1.63971 0.251875 8.95233
1.57008 0.154485 4.57745
1.65118 0.0219053 10.4128
1.54615 0.103585 7.50102
1.61102 0.157335 9.03485
1.5055 0.207585 9.22838
1.54351 0.170065 6.2887
1.54082 0.129295 10.3397
1.72081 0.269635 7.56544
1.58178 0.182205 9.15752
1.52931 0.270405 8.99324
1.69407 0.258255 9.73365
1.6687 0.308395 8.25033
1.50756 0.0782153 11.6866
1.68159 0.240815 5.02904
1.69851 0.150865 7.92413
1.64726 0.134915 8.68781
1.60954 0.196105 8.16371
1.51276 0.226785 8.43044
1.517 0.123195 9.07249
1.47849 0.0214953 8.42762
1.50513 0.167485 9.93495
1.52908 0.239725 8.03211
1.42058 0.0573053 6.43828
1.60398 0.262805 6.16866
1.42789 0.0138553 5.13396
