1.53689 0.244492 10.1494
1.61638 0.213912 5.25027
1.47816 0.196632 8.86592
1.50003 0.0960021 7.47419
1.49123 0.141402 11.8625
1.45572 0.0262221 7.68539
1.46176 0.276762 10.1832
1.71837 0.189762 7.17606
1.44414 0.0185921 8.58276
1.48316 0.243702 7.96303
1.5249 0.105022 7.31622
1.54146 0.0320521 8.50235
1.51183 0.0295721 8.22871
1.68918 0.266672 9.18508
1.55058 0.0916621 4.35333
1.50961 0.288292 7.68192
1.63779 0.273542 9.04583
1.70698 0.0445621 8.44953
1.51115 0.214462 9.98557
1.47999 0.142782 9.91415
1.68077 0.293662 4.94342
1.57757 0.151082 8.99765
1.64133 0.155312 7.66807
1.6757 0.193332 11.9139
1.49854 0.287532 10.1051
1.49575 0.217462 11.5685
1.48707 0.0584821 8.58008
1.43966 0.178302 7.08542
1.67636 0.0978521 7.61263
1.4252 0.0604421 10.6433
1.63307 0.0120821 11.683
1.61808 0.274662 7.06029
1.66025 0.140892 10.8821
1.65401 0.300692 5.51205
1.51396 0.290312 9.31114
1.68157 0.0119121 9.63411
1.55059 0.104552 7.68837
1.42429 0.145732 7.65382
1.47204 0.259892 5.90922
1.70289 0.0955121 9.44892
