1.61625 0.220294 11.2358
1.49494 0.19125 5.49643
1.45007 0.181832 8.70002
1.42463 0.212047 11.5783
1.58481 0.0696894 9.07765
1.48246 0.102449 10.1957
1.64348 0.260307 8.03949
1.58136 0.185744 8.61454
1.44641 0.126799 8.2235
1.70908 0.0876894 9.48351
1.58665 0.228038 9.15397
1.52921 0.171921 7.47052
1.66922 0.266603 7.31087
1.46039 0.170581 5.86824
1.611 0.256068 9.11878
1.41507 0.175309 9.94106
1.44799 0.291513 9.83102
1.7228 0.0850794 5.64483
1.52067 0.00127937 9.50062
1.67896 0.0510294 5.5814
1.47781 0.28138 8.75275
1.5799 0.290249 9.00137
1.47227 0.0763794 8.86507
1.59063 0.15763 8.29084
1.65906 0.122429 9.66419
1.62826 0.157599 6.58664
1.681 0.0721494 6.18782
1.42311 0.261054 8.00612
1.70245 0.283185 6.308
1.5314 0.0870094 5.05418
1.52161 0.101569 11.0336
1.51991 0.140766 10.8973
1.59941 0.0229194 5.76839
1.49261 0.0413394 3.32247
1.64802 0.00681937 10.4545
1.67213 0.170502 5.63548
1.47571 0.00523937 7.30187
