1.70215 0.0831221 8.00668
1.68487 0.164212 8.53792
1.70346 0.209422 12.258
1.55443 0.00285214 8.6107
1.58585 0.0421221 7.29018
1.51459 0.257542 5.85759
1.62647 0.277702 5.91544
1.70113 0.0452621 4.44041
1.67352 0.0732221 6.35577
1.66734 0.250662 9.69625
1.49012 0.189762 7.17606
1.69196 0.0638321 9.79893
1.53425 0.00480214 7.2562
1.5427 0.0986121 7.14469
1.60084 0.219902 9.109
1.57692 0.188902 6.96768
1.65715 0.0488021 7.77202
1.50134 0.299712 9.59314
1.67261 0.0607121 8.49857
1.46092 0.266672 9.18508
1.47872 0.0445621 8.44953
1.45251 0.293662 4.94342
1.44744 0.193332 11.9139
1.61621 0.00304214 7.62395
1.53203 0.0139421 5.91364
1.64094 0.0278821 7.53214
1.4481 0.0978521 7.61263
1.70921 0.190262 4.37022
1.70979 0.250652 5.50157
1.60565 0.252882 8.19783
1.59918 0.0238921 4.54847
1.51766 0.287392 7.86821
1.57455 0.211032 7.07662
1.432 0.140892 10.8821
1.67976 0.292732 8.51622
1.42575 0.300692 5.51205
1.69516 0.152602 7.21765
1.45331 0.0119121 9.63411
1.72708 0.0895821 4.86179
1.58683 0.128922 9.28751
1.63811 0.209212 5.47545
1.47463 0.0955121 9.44892
1.57193 0.117052 9.48576
1.53687 0.212492 8.43702
