1.64708 0.243421 6.53953
1.48114 0.226831 10.1919
1.71407 0.107191 7.32341
1.43061 0.228431 5.21027
1.71575 0.0951815 7.17194
1.47635 0.283221 8.02336
1.54373 0.0101215 10.3827
1.55273 0.280041 6.60112
1.48539 0.242911 10.0676
1.56987 0.235851 8.81692
1.44658 0.0992015 11.8414
1.47085 0.204621 7.31655
1.4362 0.0188415 11.4721
1.5755 0.286301 10.097
1.44983 0.261281 7.17227
1.61153 0.0323815 11.0715
1.47168 0.200791 7.71969
1.62105 0.279251 8.87112
1.42969 0.0205615 8.23512
1.47443 0.182111 9.53535
1.5651 0.0804415 3.82463
1.47615 0.0559615 6.39183
1.6893 0.0565915 11.8953
1.47581 0.0235415 8.20971
1.69444 0.313811 8.59988
1.58614 0.267361 9.47317
1.67366 0.209941 8.34567
1.72705 0.207411 7.09459
1.55287 0.264701 6.9164
1.53134 0.240581 6.5519
1.42047 0.100471 11.5361
1.50618 0.109931 12.6999
1.58485 0.214111 9.81325
1.52843 0.152541 7.67328
1.72042 0.172171 8.02934
1.64094 0.210711 11.414
1.49201 0.233661 11.0413
1.42078 0.0837215 6.95572
1.69284 0.127021 8.86796
1.55863 0.113281 11.6204
1.68007 0.0410015 11.6245
1.58013 0.165981 9.27702
1.57774 0.00220149 8.56464
1.66185 0.0546315 9.51136
1.46544 0.239821 10.3814
1.44526 0.261141 5.54356
1.64592 0.109911 9.62859
