1.54412 0.153617 5.2493
1.61483 0.292077 10.0795
1.62002 0.250127 12.458
1.46858 0.00128705 8.74819
1.45801 0.218097 7.15422
1.51399 0.206267 10.5645
1.51586 0.212957 11.2394
1.66869 0.147017 8.1405
1.51988 0.0169671 13.2212
1.65628 0.0501871 11.1315
1.43222 0.293427 7.75577
1.60195 0.191657 8.09945
1.72444 0.0296171 7.26213
1.59631 0.103217 12.7998
1.613 0.215977 9.85298
1.4933 0.171607 4.88651
1.58252 0.188317 9.76161
1.62521 0.0836171 8.80065
1.5727 0.123187 10.6129
1.67962 0.181857 11.2664
1.68107 0.179627 11.3707
1.60934 0.258897 6.80955
1.52369 0.0623771 8.85913
1.44747 0.0660471 5.27226
1.47679 0.313067 5.97961
1.50771 0.0198571 10.1091
1.57592 0.0582871 7.63856
1.49567 0.0433371 9.2042
1.46858 0.102727 9.48219
1.65292 0.136057 6.29525
1.42666 0.116057 5.92395
1.70348 0.278567 7.5046
1.47319 0.0483071 9.01659
1.64729 0.264947 12.6634
1.46939 0.228387 7.78005
1.5604 0.0755171 6.82729
1.53327 0.141997 7.95658
1.5851 0.164857 8.17665
1.53648 0.160147 7.72861
1.69375 0.0289471 8.63258
1.41834 0.119167 7.02854
1.62551 0.0679671 5.86578
1.51312 0.203997 7.12577
1.41415 0.0249671 10.1543
1.55362 0.0725771 8.85094
1.43578 0.0456471 10.1321
1.5821 0.312117 6.34104
