1.61625 0.1393 11.2358
1.49494 0.110256 5.49643
1.6456 0.283795 6.82155
1.45007 0.100838 8.70002
1.42463 0.131053 11.5783
1.48246 0.0214552 10.1957
1.45852 0.301914 9.14711
1.44792 0.25487 6.65722
1.50655 0.264475 11.3427
1.66063 0.274335 7.19434
1.64348 0.179312 8.03949
1.58136 0.10475 8.61454
1.44641 0.0458052 8.2235
1.70908 0.00669519 9.48351
1.58665 0.147043 9.15397
1.53114 0.262265 11.752
1.52921 0.0909273 7.47052
1.66922 0.185608 7.31087
1.46039 0.0895873 5.86824
1.611 0.175073 9.11878
1.41819 0.309057 9.16685
1.41507 0.0943146 9.94106
1.69906 0.291505 8.4487
1.44799 0.210518 9.83102
1.7228 0.00408519 5.64483
1.59516 0.238891 7.97113
1.47781 0.200385 8.75275
1.55168 0.24876 6.60827
1.5799 0.209254 9.00137
1.59063 0.0766359 8.29084
1.65906 0.0414352 9.66419
1.62826 0.0766049 6.58664
1.58023 0.265074 6.05235
1.42311 0.180059 8.00612
1.70245 0.20219 6.308
1.5314 0.00601519 5.05418
1.52161 0.0205752 11.0336
1.51991 0.0597718 10.8973
1.53501 0.296968 6.05723
1.67213 0.0895083 5.63548
