1.6432 0.180842 8.05486
1.50463 0.0794021 8.4622
1.62218 0.185162 12.9946
1.71378 0.196632 8.86592
1.5257 0.281882 10.9959
1.72685 0.141402 11.8625
1.69134 0.0262221 7.68539
1.5724 0.216612 8.34999
1.57563 0.202092 7.18179
1.60577 0.0901821 9.42662
1.69738 0.276762 10.1832
1.5248 0.149532 8.12468
1.67976 0.0185921 8.58276
1.71878 0.243702 7.96303
1.54079 0.121592 9.85397
1.54662 0.209722 9.34602
1.61549 0.305012 8.37316
1.55982 0.224902 3.44991
1.50872 0.0998321 7.71378
1.62205 0.106952 9.26445
1.59291 0.123992 5.56933
1.55455 0.264842 9.52559
1.71561 0.142782 9.91415
1.72269 0.0584821 8.58008
1.59372 0.0295521 8.33872
1.62629 0.279602 8.82533
1.67528 0.178302 7.08542
1.66082 0.0604421 10.6433
1.60051 0.160792 8.57992
1.51017 0.109432 7.11264
1.60059 0.0890821 11.2182
1.61357 0.0360321 8.87567
1.65991 0.145732 7.65382
1.70766 0.259892 5.90922
1.51225 0.0669621 10.374
1.55029 0.0273621 12.61
1.64002 0.223162 5.52954
