1.50765 0.298902 8.13111
1.43747 0.309702 12.0433
1.66793 0.0232321 10.1853
1.54264 0.165882 7.48317
1.41447 0.157892 7.56495
1.60994 0.0815321 9.83595
1.48413 0.249672 4.83342
1.49958 0.167782 6.19134
1.42219 0.163102 6.40262
1.46802 0.144392 7.01074
1.53166 0.264422 9.37649
1.52342 0.158002 4.73505
1.53271 0.298742 9.01191
1.42867 0.183712 5.86146
1.53041 0.0198721 6.51004
1.62982 0.0123621 6.16769
1.6917 0.0741921 7.40473
1.72163 0.0435721 6.64655
1.71068 0.275652 10.1846
1.70128 0.169352 10.6279
1.4586 0.312102 9.20542
1.52367 0.0483721 8.39158
1.7267 0.130762 5.92509
1.42062 0.0171221 8.85039
1.41989 0.116352 7.24413
1.50269 0.301022 9.14497
1.49526 0.0544521 7.71318
1.69806 0.258722 11.9504
1.63423 0.137672 6.98397
1.42724 0.0913221 10.6118
1.71587 0.150982 9.52918
1.48939 0.0884521 10.5628
1.42087 0.145332 6.53623
1.55362 0.116162 10.1498
1.67664 0.0160621 7.55029
1.72225 0.186392 4.57745
1.47124 0.292162 6.67757
1.69832 0.135492 7.50102
1.5293 0.0254921 10.1143
1.50076 0.211012 12.5537
1.65767 0.239492 9.22838
1.69568 0.201972 6.2887
1.69299 0.161202 10.3397
1.68148 0.302312 8.99324
1.52886 0.0550521 10.3412
1.65973 0.110122 11.6866
1.51969 0.243852 6.83018
1.56201 0.153332 7.16749
1.44941 0.0535621 8.75734
1.46189 0.198432 8.34197
1.66493 0.258692 8.43044
1.66917 0.155102 9.07249
1.44384 0.252392 10.957
1.63066 0.0534021 8.42762
1.6573 0.199392 9.93495
1.68125 0.271632 8.03211
1.57275 0.0892121 6.43828
1.58006 0.0457621 5.13396
