1.61625 0.0963484 11.2358
1.49494 0.0673045 5.49643
1.61822 0.284254 8.55357
1.70385 0.289581 3.37254
1.54682 0.271679 6.84356
1.6456 0.240844 6.82155
1.45007 0.0578868 8.70002
1.42463 0.0881017 11.5783
1.45852 0.258963 9.14711
1.44792 0.211919 6.65722
1.50655 0.221524 11.3427
1.66063 0.231384 7.19434
1.64348 0.136361 8.03949
1.58136 0.0617984 8.61454
1.44641 0.00285372 8.2235
1.58665 0.104092 9.15397
1.53114 0.219314 11.752
1.52921 0.0479758 7.47052
1.66922 0.142657 7.31087
1.46039 0.0466358 5.86824
1.611 0.132122 9.11878
1.41819 0.266106 9.16685
1.67034 0.286027 4.99717
1.41507 0.0513631 9.94106
1.69906 0.248554 8.4487
1.44799 0.167567 9.83102
1.59516 0.19594 7.97113
1.47781 0.157434 8.75275
1.55168 0.205809 6.60827
1.5799 0.166303 9.00137
1.59063 0.0336844 8.29084
1.62826 0.0336534 6.58664
1.58023 0.222123 6.05235
1.42311 0.137108 8.00612
1.70245 0.159239 6.308
1.51991 0.0168203 10.8973
1.53501 0.254017 6.05723
1.71802 0.274529 10.2666
1.67213 0.0465568 5.63548
1.42279 0.27764 10.9814
