1.70248 0.0899398 7.31245
1.63517 0.0530998 6.35737
1.60968 0.13834 5.94039
1.69595 0.18362 10.4156
1.5804 0.0290098 9.89792
1.43811 0.20372 10.0795
1.44331 0.16177 12.458
1.68712 0.26341 9.98965
1.63928 0.19028 11.3613
1.49198 0.0586598 8.1405
1.64688 0.14747 7.58633
1.7003 0.13078 7.48718
1.42524 0.1033 8.09945
1.72097 0.20088 6.10942
1.4196 0.0148598 12.7998
1.43628 0.12762 9.85298
1.62652 0.29116 12.3485
1.58308 0.30697 8.08011
1.41593 0.30192 9.71445
1.59134 0.12224 9.52581
1.44408 0.27059 7.60748
1.44084 0.24461 7.75364
1.59732 0.1982 11.7225
1.69373 0.0918198 11.0487
1.65342 0.0692798 9.65317
1.58181 0.2729 8.30835
1.57522 0.0834498 9.06267
1.65381 0.0484198 7.04585
1.55993 0.0459898 8.60217
1.5029 0.0934998 11.2664
1.62714 0.0856598 12.1529
1.57424 0.0316198 10.0811
1.50436 0.0912698 11.3707
1.43263 0.17054 6.80955
1.6666 0.27195 9.2944
1.5011 0.28125 7.95035
1.69355 0.17722 9.7806
1.4762 0.0476998 6.29525
1.56628 0.21769 7.93248
1.61693 0.0273898 9.79269
1.52677 0.19021 7.5046
1.62656 0.27717 6.53551
1.52483 0.23772 9.41331
1.56705 0.10412 6.42572
1.57109 0.12137 9.07474
1.62799 0.0410198 9.39255
1.47058 0.17659 12.6634
1.70106 0.18683 7.51821
1.58247 0.27189 7.5089
1.65981 0.21734 8.53727
1.5015 0.22901 5.94865
1.66822 0.0571398 7.93291
1.63474 0.0775798 9.50448
1.56789 0.17961 9.3563
1.54556 0.23372 10.783
1.70135 0.0465498 8.8904
