1.5503 0.0138543 7.31245
1.45751 0.0622543 5.94039
1.54378 0.107534 10.4156
1.46763 0.260304 5.37733
1.71996 0.108834 9.4377
1.53495 0.187324 9.98965
1.48711 0.114194 11.3613
1.71624 0.225894 9.49836
1.64335 0.0160643 9.95805
1.49471 0.0713843 7.58633
1.54812 0.0546943 7.48718
1.56879 0.124794 6.10942
1.45065 0.249994 8.4583
1.70318 0.0432943 9.17
1.47435 0.215074 12.3485
1.43091 0.230884 8.08011
1.72752 0.216624 7.35576
1.58563 0.0805243 7.55338
1.43917 0.0461543 9.52581
1.65959 0.229734 4.68986
1.64726 0.0660143 8.10023
1.62188 0.149874 11.8419
1.44515 0.122114 11.7225
1.62439 0.0567743 9.74676
1.54156 0.0157343 11.0487
1.42964 0.196814 8.30835
1.42305 0.00736431 9.06267
1.49199 0.281494 11.6119
1.47497 0.00957431 12.1529
1.53016 0.310154 8.01005
1.51443 0.195864 9.2944
1.54138 0.101134 9.7806
1.54723 0.290494 7.89155
1.65253 0.227524 8.24007
1.53392 0.291944 11.4016
1.41411 0.141604 7.93248
1.68644 0.245694 4.94607
1.47439 0.201084 6.53551
1.41488 0.0280343 6.42572
1.41892 0.0452843 9.07474
1.54888 0.110744 7.51821
1.4303 0.195804 7.5089
1.58045 0.270634 10.8188
1.50763 0.141254 8.53727
1.48257 0.00149431 9.50448
1.41572 0.103524 9.3563
1.66188 0.175404 7.43245
1.71552 0.186544 6.87043
1.6288 0.198374 11.0375
1.72758 0.0317743 4.91108
1.63254 0.102894 7.00371
1.5694 0.242844 7.26155
