1.49382 0.122467 7.21136
1.4606 0.111367 8.27018
1.47131 0.206037 5.18956
1.52869 0.257647 9.63044
1.60601 0.194337 12.5412
1.49523 0.112147 4.93978
1.47077 0.0899172 5.76332
1.55876 0.305037 7.73981
1.52379 0.135587 9.01314
1.48824 0.163877 9.69773
1.7132 0.256137 7.7608
1.57722 0.0218372 8.74073
1.51454 0.00661724 9.38867
1.42525 0.0640372 8.46639
1.4429 0.136987 8.76033
1.69498 0.0350872 9.05278
1.62208 0.151277 11.7962
1.47414 0.159417 6.28263
1.54931 0.0115972 9.46531
1.63049 0.153377 6.37953
1.43198 0.306347 7.16549
1.6338 0.205067 7.9826
1.57054 0.150307 7.87684
1.67254 0.242907 9.71725
1.49657 0.00223724 7.72788
1.71624 0.147347 9.22614
1.68994 0.149277 6.55013
1.48703 0.284137 8.13112
1.63267 0.194937 8.39931
1.66688 0.184797 11.87
1.50093 0.0843872 9.29426
1.46105 0.262487 8.55428
1.61395 0.310227 8.09062
1.60794 0.125327 8.88217
1.68205 0.00321724 7.94901
1.43866 0.100677 9.75953
1.54521 0.0148572 5.73656
1.55945 0.0749472 7.24223
1.55432 0.147357 7.66866
1.47336 0.259437 7.27102
1.48393 0.118287 6.74294
1.68666 0.0362972 6.99795
1.63084 0.273587 5.1787
1.6918 0.180757 8.2391
1.47424 0.292267 6.46419
1.58591 0.301927 9.66441
1.65445 0.116607 6.55971
1.63488 0.174517 9.40187
1.44599 0.0782272 10.0623
