1.42352 0.148262 10.7507
1.41584 0.221952 9.70355
1.6824 0.126202 10.1919
1.46678 0.0287623 5.93884
1.43841 0.204062 4.49879
1.53495 0.0538423 4.12123
1.63187 0.127802 5.21027
1.55762 0.140052 7.8833
1.6252 0.294632 7.81723
1.42063 0.161082 7.84762
1.67761 0.182592 8.02336
1.49455 0.304262 9.21965
1.68455 0.258192 7.54989
1.54972 0.295722 10.3889
1.68665 0.142282 10.0676
1.51668 0.217482 8.10052
1.59723 0.138722 6.13027
1.67211 0.103992 7.31655
1.6808 0.221282 13.0983
1.45966 0.295712 8.75283
1.6102 0.0682123 6.36379
1.65109 0.160652 7.17227
1.50682 0.0421623 7.65143
1.67294 0.100162 7.71969
1.42474 0.227742 8.29129
1.52847 0.283952 6.61368
1.67568 0.0814823 9.53535
1.53121 0.108772 9.5182
1.60993 0.135592 6.32903
1.43318 0.0379823 8.3101
1.4525 0.299612 5.98188
1.52488 0.127342 6.68258
1.60512 0.190232 8.01433
1.57794 0.0915023 7.22465
1.62247 0.262882 9.28761
1.5894 0.264592 3.15309
1.70744 0.00930235 12.6999
1.69327 0.133032 11.0413
1.47038 0.0759723 5.51908
1.4374 0.0450323 6.03551
1.49573 0.0417023 6.97603
1.52895 0.0204823 12.9282
1.6667 0.139192 10.3814
1.64652 0.160512 5.54356
1.42378 0.124822 7.33525
1.6508 0.220792 6.85474
1.58426 0.0113823 7.5048
1.53751 0.108232 8.03522
