1.6984 0.0108177 10.7507
1.69072 0.0845077 9.70355
1.59677 0.0166277 9.21391
1.7133 0.0666177 4.49879
1.52182 0.0379577 6.90745
1.59455 0.283148 6.52664
1.69552 0.0236377 7.84762
1.71645 0.242358 8.84598
1.55427 0.221138 8.51821
1.71456 0.283798 6.67077
1.64722 0.167318 10.158
1.64337 0.00866767 9.39325
1.54822 0.0544477 7.46348
1.58398 0.0810777 6.21301
1.65007 0.0713977 9.48503
1.64582 0.0561777 9.27945
1.69963 0.0902977 8.29129
1.72739 0.162168 5.98188
1.62881 0.241828 8.55271
1.70289 0.203838 9.89814
1.55871 0.186838 10.6139
1.57422 0.139778 9.8477
1.63378 0.109728 8.25778
1.65096 0.124068 12.9376
1.52541 0.182228 9.25586
1.66128 0.00881767 9.466
1.65729 0.111978 7.04974
1.722 0.215588 9.93891
