1.72279 0.149214 8.13136
1.5959 0.119424 8.69853
1.65774 0.235084 9.42983
1.66744 0.178014 7.42089
1.66694 0.123944 7.92899
1.6385 0.0505538 9.39184
1.66946 0.283914 7.37324
1.6621 0.0544238 9.35374
1.55851 0.113664 10.1846
1.54911 0.00736377 10.6279
1.67093 0.0998338 11.9338
1.54589 0.0967338 11.9504
1.44663 0.306824 6.81326
1.5914 0.0553938 12.7744
1.60484 0.246374 6.94769
1.71962 0.172384 9.14889
1.50811 0.237404 10.5855
1.63971 0.121794 8.95233
1.57008 0.0244038 4.57745
1.57528 0.218554 9.40788
1.49388 0.210414 7.6935
1.41434 0.186644 9.99024
1.48821 0.251574 8.92796
1.61102 0.0272538 9.03485
1.5055 0.0775038 9.22838
1.54351 0.0399838 6.2887
1.72081 0.139554 7.56544
1.58178 0.0521238 9.15752
1.52931 0.140324 8.99324
1.69407 0.128174 9.73365
1.6687 0.178314 8.25033
1.68159 0.110734 5.02904
1.56469 0.274054 12.3679
1.69851 0.0207838 7.92413
1.70374 0.188614 9.7349
1.64726 0.00483377 8.68781
1.60954 0.0660238 8.16371
1.47706 0.229434 6.92325
1.51276 0.0967038 8.43044
1.50513 0.0374038 9.93495
1.52908 0.109644 8.03211
1.44913 0.302004 6.26427
1.60398 0.132724 6.16866
