1.72279 0.151668 8.13136
1.5959 0.121878 8.69853
1.65774 0.237538 9.42983
1.66744 0.180468 7.42089
1.66694 0.126398 7.92899
1.6385 0.0530081 9.39184
1.66946 0.286368 7.37324
1.6621 0.0568781 9.35374
1.55851 0.116118 10.1846
1.54911 0.00981814 10.6279
1.67093 0.102288 11.9338
1.54589 0.0991881 11.9504
1.44663 0.309278 6.81326
1.5914 0.0578481 12.7744
1.60484 0.248828 6.94769
1.71962 0.174838 9.14889
1.50811 0.239858 10.5855
1.63971 0.124248 8.95233
1.57008 0.0268581 4.57745
1.57528 0.221008 9.40788
1.49388 0.212868 7.6935
1.41434 0.189098 9.99024
1.48821 0.254028 8.92796
1.61102 0.0297081 9.03485
1.5055 0.0799581 9.22838
1.54351 0.0424381 6.2887
1.54082 0.00166814 10.3397
1.72081 0.142008 7.56544
1.58178 0.0545781 9.15752
1.52931 0.142778 8.99324
1.69407 0.130628 9.73365
1.6687 0.180768 8.25033
1.68159 0.113188 5.02904
1.56469 0.276508 12.3679
1.69851 0.0232381 7.92413
1.70374 0.191068 9.7349
1.64726 0.00728814 8.68781
1.60954 0.0684781 8.16371
1.47706 0.231888 6.92325
1.51276 0.0991581 8.43044
1.50513 0.0398581 9.93495
1.52908 0.112098 8.03211
1.44913 0.304458 6.26427
1.60398 0.135178 6.16866
