1.72279 0.20321 8.13136
1.5959 0.17342 8.69853
1.65774 0.28908 9.42983
1.66744 0.23201 7.42089
1.66694 0.17794 7.92899
1.6385 0.10455 9.39184
1.58972 0.0432299 6.00485
1.6621 0.10842 9.35374
1.55851 0.16766 10.1846
1.54911 0.0613599 10.6279
1.67093 0.15383 11.9338
1.57453 0.0227699 5.92509
1.54589 0.15073 11.9504
1.62275 0.0196599 9.6978
1.48206 0.0296799 6.98397
1.5914 0.10939 12.7744
1.60814 0.0175699 9.42632
1.64311 0.00507989 7.91843
1.5637 0.0429899 9.52918
1.60484 0.30037 6.94769
1.71962 0.22638 9.14889
1.50811 0.2914 10.5855
1.63971 0.17579 8.95233
1.57008 0.0783999 4.57745
1.57528 0.27255 9.40788
1.49388 0.26441 7.6935
1.54615 0.0274999 7.50102
1.41434 0.24064 9.99024
1.48821 0.30557 8.92796
1.61102 0.0812499 9.03485
1.5055 0.1315 9.22838
1.54351 0.0939799 6.2887
1.54082 0.0532099 10.3397
1.72081 0.19355 7.56544
1.58178 0.10612 9.15752
1.52931 0.19432 8.99324
1.69407 0.18217 9.73365
1.6687 0.23231 8.25033
1.50756 0.00212989 11.6866
1.68159 0.16473 5.02904
1.69851 0.0747799 7.92413
1.70374 0.24261 9.7349
1.64726 0.0588299 8.68781
1.60954 0.12002 8.16371
1.47706 0.28343 6.92325
1.51276 0.1507 8.43044
1.517 0.0471099 9.07249
1.50513 0.0913999 9.93495
1.52908 0.16364 8.03211
1.60398 0.18672 6.16866
