1.65774 0.0387342 9.42983
1.48821 0.124924 10.1985
1.63965 0.270194 7.54688
1.69001 0.253004 8.81649
1.66946 0.0875642 7.37324
1.70221 0.136874 14.0718
1.61657 0.191824 8.13816
1.50737 0.213944 9.79795
1.44663 0.110474 6.81326
1.45738 0.261014 7.94804
1.70125 0.152414 8.9649
1.50934 0.287784 9.26338
1.59068 0.169504 8.37107
1.58038 0.205054 8.42869
1.60484 0.0500242 6.94769
1.50811 0.0410542 10.5855
1.57528 0.0222042 9.40788
1.49388 0.0140642 7.6935
1.61611 0.298624 8.42056
1.49055 0.158434 9.9086
1.58078 0.290784 10.5699
1.4408 0.252554 10.2304
1.48821 0.0552242 8.92796
1.54834 0.226654 5.35347
1.58014 0.151624 7.07325
1.60623 0.254914 8.88135
1.63942 0.309774 7.49122
1.63849 0.142984 7.57258
1.5905 0.134124 7.9849
1.51121 0.254554 9.19404
1.46491 0.289984 9.34095
1.44291 0.170024 7.2218
1.54596 0.312604 6.53437
1.56469 0.0777042 12.3679
1.70849 0.206534 7.53375
1.51834 0.213404 9.51503
1.47706 0.0330842 6.92325
1.70283 0.165754 9.82356
1.44913 0.105654 6.26427
