1.72279 0.284204 8.13136
1.5959 0.254414 8.69853
1.45777 0.0545341 9.83595
1.66744 0.313004 7.42089
1.66694 0.258934 7.92899
1.6385 0.185544 9.39184
1.58972 0.124224 6.00485
1.58366 0.0403841 8.80242
1.6621 0.189414 9.35374
1.53953 0.0471941 7.40473
1.56946 0.0165741 6.64655
1.55851 0.248654 10.1846
1.54911 0.142354 10.6279
1.67093 0.234824 11.9338
1.57453 0.103764 5.92509
1.54589 0.231724 11.9504
1.62275 0.100654 9.6978
1.48206 0.110674 6.98397
1.5914 0.190384 12.7744
1.60814 0.0985641 9.42632
1.64311 0.0860741 7.91843
1.5637 0.123984 9.52918
1.71962 0.307374 9.14889
1.63971 0.256784 8.95233
1.57008 0.159394 4.57745
1.65118 0.0268141 10.4128
1.54615 0.108494 7.50102
1.61102 0.162244 9.03485
1.5055 0.212494 9.22838
1.54351 0.174974 6.2887
1.54082 0.134204 10.3397
1.72081 0.274544 7.56544
1.58178 0.187114 9.15752
1.52931 0.275314 8.99324
1.69407 0.263164 9.73365
1.6687 0.313304 8.25033
1.50756 0.0831241 11.6866
1.68159 0.245724 5.02904
1.69851 0.155774 7.92413
1.64726 0.139824 8.68781
1.60954 0.201014 8.16371
1.51276 0.231694 8.43044
1.517 0.128104 9.07249
1.47849 0.0264041 8.42762
1.50513 0.172394 9.93495
1.52908 0.244634 8.03211
1.42058 0.0622141 6.43828
1.60398 0.267714 6.16866
1.42789 0.0187641 5.13396
