1.64365 0.117178 7.18776
1.48985 0.122008 6.57907
1.52344 0.198198 5.39164
1.43573 0.0203982 5.41518
1.65218 0.116258 9.33824
1.60936 0.0244682 9.65105
1.69398 0.193208 8.04004
1.46964 0.127748 10.8164
1.59249 0.0467382 7.87974
1.46012 0.178568 10.0605
1.48132 0.0742882 9.38908
1.58353 0.151288 8.8288
1.59931 0.0403882 7.88671
1.58481 0.288128 9.07765
1.59249 0.194538 9.83798
1.4541 0.199898 11.9089
1.60666 0.147648 4.65153
1.56008 0.165128 10.6401
1.70908 0.306128 9.48351
1.4268 0.136728 7.48278
1.59827 0.0404182 8.5693
1.60213 0.0472182 5.27358
1.63531 0.162118 11.3125
1.47317 0.110398 9.88451
1.7228 0.303518 5.64483
1.65499 0.00509824 8.01684
1.52067 0.219718 9.50062
1.71585 0.132358 10.1045
1.67896 0.269468 5.5814
1.70958 0.148388 10.4344
1.47227 0.294818 8.86507
1.4544 0.0740882 10.8479
1.66064 0.00228824 11.0462
1.59362 0.201648 1.79944
1.66493 0.0560482 4.13992
1.67068 0.0793582 7.31184
1.49846 0.0818582 9.96904
1.681 0.290588 6.18782
1.64491 0.182238 6.68269
1.45691 0.0545682 6.67278
1.46863 0.204908 7.73531
1.4166 0.192578 10.2291
1.56995 0.0451682 10.9693
1.5314 0.305448 5.05418
1.59941 0.241358 5.76839
1.49261 0.259778 3.32247
1.64802 0.225258 10.4545
1.56737 0.209988 9.17467
1.61347 0.0904782 12.2061
1.47571 0.223678 7.30187
1.62887 0.0524182 10.4939
