1.59878 0.307232 6.08845
1.61047 0.0507017 7.16428
1.71674 0.00320168 10.8055
1.56534 0.0315217 9.4377
1.56162 0.148582 9.49836
1.60869 0.278062 10.6224
1.6883 0.0704617 6.69315
1.41417 0.0474817 6.10942
1.71883 0.00282168 6.82565
1.64463 0.291412 8.72814
1.5729 0.139312 7.35576
1.43101 0.00321168 7.55338
1.50497 0.152422 4.68986
1.66115 0.213472 8.85039
1.67987 0.110902 6.47321
1.66042 0.312702 7.24413
1.46726 0.0725617 11.8419
1.59689 0.209032 6.34262
1.66777 0.287672 10.6118
1.49791 0.150212 8.24007
1.59883 0.194072 10.2936
1.53182 0.168382 4.94607
1.63535 0.201712 3.34318
1.67779 0.0134717 6.98927
1.6368 0.0108917 5.27215
1.59179 0.165702 7.59352
1.50873 0.302402 7.64219
1.42583 0.193322 10.8188
1.57887 0.195892 7.65242
1.6635 0.0142917 7.39877
1.68876 0.145942 13.4192
1.414 0.301192 8.72271
1.66249 0.115372 5.29349
1.70008 0.121222 9.37185
1.45606 0.278882 6.53478
1.50726 0.0980917 7.43245
1.5609 0.109232 6.87043
1.69889 0.183602 9.58671
1.47418 0.121062 11.0375
1.47792 0.0255817 7.00371
1.68994 0.249912 8.75734
1.41478 0.165532 7.26155
1.54154 0.238962 8.85798
