1.6589 0.174005 6.86862
1.67209 0.140595 8.13111
1.72309 0.172845 10.9825
1.60191 0.151395 12.0433
1.70708 0.00757532 7.48317
1.61101 0.253235 10.6259
1.68585 0.297545 9.63906
1.50244 0.153995 8.89745
1.64857 0.0913653 4.83342
1.66402 0.00947532 6.19134
1.58663 0.00479532 6.40262
1.4442 0.254645 10.1573
1.6961 0.106115 9.37649
1.58082 0.280385 6.92432
1.58045 0.287505 10.6023
1.69715 0.140435 9.01191
1.59311 0.0254053 5.86146
1.51254 0.114365 6.12329
1.54804 0.203585 10.248
1.44305 0.185525 7.48382
1.44203 0.203955 7.6065
1.62304 0.153795 9.20542
1.71337 0.267305 5.66403
1.66713 0.142715 9.14497
1.55868 0.173205 7.25093
1.42453 0.181115 9.31824
1.52908 0.131265 7.05007
1.60111 0.297885 2.86335
1.63568 0.133855 6.67757
1.48762 0.0777253 5.35547
1.70643 0.283165 9.94656
1.6652 0.0527053 12.5537
1.55968 0.197845 10.6196
1.43371 0.114105 8.96659
1.64456 0.192415 6.37333
1.53063 0.295005 7.24938
1.68311 0.293695 5.94507
1.54256 0.0577353 2.59703
1.57549 0.227725 6.44337
1.64173 0.203845 7.59023
1.68413 0.0855453 6.83018
1.62633 0.0401253 8.34197
1.64079 0.159345 10.9833
1.60828 0.0940853 10.957
1.48433 0.183245 9.26881
