1.57094 0.271795 6.19461
1.69814 0.275635 9.54773
1.68153 0.309055 9.10726
1.48821 0.063565 10.1985
1.63965 0.208835 7.54688
1.69001 0.191645 8.81649
1.66946 0.026205 7.37324
1.70221 0.075515 14.0718
1.61657 0.130465 8.13816
1.50737 0.152585 9.79795
1.44663 0.049115 6.81326
1.45738 0.199655 7.94804
1.70125 0.091055 8.9649
1.50934 0.226425 9.26338
1.59068 0.108145 8.37107
1.58038 0.143695 8.42869
1.61611 0.237265 8.42056
1.49055 0.097075 9.9086
1.58078 0.229425 10.5699
1.4408 0.191195 10.2304
1.54834 0.165295 5.35347
1.58014 0.090265 7.07325
1.60623 0.193555 8.88135
1.63942 0.248415 7.49122
1.63849 0.081625 7.57258
1.5905 0.072765 7.9849
1.51121 0.193195 9.19404
1.46491 0.228625 9.34095
1.44291 0.108665 7.2218
1.54596 0.251245 6.53437
1.56469 0.016345 12.3679
1.70849 0.145175 7.53375
1.51834 0.152045 9.51503
1.70283 0.104395 9.82356
1.44913 0.044295 6.26427
