1.57094 0.237434 6.19461
1.69814 0.241274 9.54773
1.68153 0.274694 9.10726
1.48821 0.0292038 10.1985
1.63965 0.174474 7.54688
1.69001 0.157284 8.81649
1.70221 0.0411538 14.0718
1.61657 0.0961038 8.13816
1.50737 0.118224 9.79795
1.44663 0.0147538 6.81326
1.45738 0.165294 7.94804
1.70125 0.0566938 8.9649
1.50934 0.192064 9.26338
1.59068 0.0737838 8.37107
1.58038 0.109334 8.42869
1.61611 0.202904 8.42056
1.49055 0.0627138 9.9086
1.58078 0.195064 10.5699
1.4408 0.156834 10.2304
1.54834 0.130934 5.35347
1.58014 0.0559038 7.07325
1.60623 0.159194 8.88135
1.63942 0.214054 7.49122
1.63849 0.0472638 7.57258
1.5905 0.0384038 7.9849
1.51121 0.158834 9.19404
1.46491 0.194264 9.34095
1.44291 0.0743038 7.2218
1.54596 0.216884 6.53437
1.70849 0.110814 7.53375
1.51834 0.117684 9.51503
1.5433 0.288944 8.74354
1.70283 0.0700338 9.82356
1.44913 0.00993383 6.26427
