1.59789 0.0794021 8.4622
1.71545 0.185162 12.9946
1.61897 0.281882 10.9959
1.66567 0.216612 8.34999
1.6689 0.202092 7.18179
1.69903 0.0901821 9.42662
1.61807 0.149532 8.12468
1.63405 0.121592 9.85397
1.63988 0.209722 9.34602
1.70876 0.305012 8.37316
1.65309 0.224902 3.44991
1.60198 0.0998321 7.71378
1.71531 0.106952 9.26445
1.68618 0.123992 5.56933
1.64781 0.264842 9.52559
1.68698 0.0295521 8.33872
1.71956 0.279602 8.82533
1.69378 0.160792 8.57992
1.60344 0.109432 7.11264
1.69385 0.0890821 11.2182
1.70683 0.0360321 8.87567
1.60552 0.0669621 10.374
1.64356 0.0273621 12.61
