1.61351 0.110882 6.08845
1.43396 0.299982 7.34627
1.69273 0.309702 12.0433
1.43986 0.297522 7.9443
1.66973 0.157892 7.56495
1.59326 0.312302 8.89745
1.67745 0.163102 6.40262
1.62342 0.0817121 10.6224
1.72328 0.144392 7.01074
1.68393 0.183712 5.86146
1.43079 0.299412 10.4809
1.60336 0.272672 6.12329
1.65936 0.0950621 8.72814
1.48925 0.135512 10.6318
1.71386 0.312102 9.20542
1.47881 0.128942 6.0343
1.67588 0.0171221 8.85039
1.67515 0.116352 7.24413
1.4241 0.113502 8.08206
1.61162 0.0126821 6.34262
1.6825 0.0913221 10.6118
1.67613 0.145332 6.53623
1.53943 0.141462 6.42993
1.6199 0.289572 7.05007
1.7265 0.292162 6.67757
1.65008 0.00536214 3.34318
1.42566 0.124662 6.9326
1.44039 0.288482 8.9252
1.47045 0.242642 8.02927
1.57844 0.236032 5.35547
1.52453 0.272412 8.96659
1.52346 0.106052 7.64219
1.63338 0.216042 2.59703
1.42873 0.104842 8.72271
1.47079 0.0825321 6.53478
1.70467 0.0535621 8.75734
1.71715 0.198432 8.34197
1.46419 0.118682 6.89079
1.6991 0.252392 10.957
1.55627 0.0426121 8.85798
