1.52558 0.0232321 10.1853
1.60572 0.281412 8.69853
1.46759 0.0815321 9.83595
1.67676 0.285932 7.92899
1.64832 0.212542 9.39184
1.59954 0.151222 6.00485
1.59348 0.0673821 8.80242
1.59963 0.0237521 9.6439
1.67192 0.216412 9.35374
1.48747 0.0123621 6.16769
1.54935 0.0741921 7.40473
1.57928 0.0435721 6.64655
1.56833 0.275652 10.1846
1.55893 0.169352 10.6279
1.68075 0.261822 11.9338
1.58435 0.130762 5.92509
1.55571 0.258722 11.9504
1.63257 0.127652 9.6978
1.49188 0.137672 6.98397
1.60122 0.217382 12.7744
1.61796 0.125562 9.42632
1.65293 0.113072 7.91843
1.57352 0.150982 9.52918
1.53429 0.0160621 7.55029
1.64953 0.283782 8.95233
1.5799 0.186392 4.57745
1.661 0.0538121 10.4128
1.55597 0.135492 7.50102
1.62084 0.189242 9.03485
1.51532 0.239492 9.22838
1.55333 0.201972 6.2887
1.55064 0.161202 10.3397
1.5916 0.214112 9.15752
1.53913 0.302312 8.99324
1.70389 0.290162 9.73365
1.51738 0.110122 11.6866
1.69141 0.272722 5.02904
1.70833 0.182772 7.92413
1.41966 0.153332 7.16749
1.65708 0.166822 8.68781
1.61936 0.228012 8.16371
1.52258 0.258692 8.43044
1.52682 0.155102 9.07249
1.48831 0.0534021 8.42762
1.51495 0.199392 9.93495
1.5389 0.271632 8.03211
1.4304 0.0892121 6.43828
1.6138 0.294712 6.16866
1.43771 0.0457621 5.13396
