1.58796 0.066041 10.7507
1.58028 0.139731 9.70355
1.48632 0.071851 9.21391
1.72347 0.294601 11.5523
1.60286 0.121841 4.49879
1.50519 0.051871 9.80259
1.62938 0.271091 4.90543
1.72206 0.057831 7.8833
1.58507 0.078861 7.84762
1.606 0.297581 8.84598
1.69695 0.275001 8.97658
1.659 0.222041 9.21965
1.44382 0.276361 8.51821
1.71416 0.213501 10.3889
1.63238 0.306831 6.90622
1.68112 0.135261 8.10052
1.62411 0.213491 8.75283
1.53678 0.222541 10.158
1.46336 0.00354098 9.57321
1.53292 0.063891 9.39325
1.43777 0.109671 7.46348
1.47353 0.136301 6.21301
1.53962 0.126621 9.48503
1.53537 0.111401 9.27945
1.72777 0.258951 10.331
1.71474 0.306001 8.71038
1.58919 0.145521 8.29129
1.69291 0.201731 6.61368
1.69565 0.026551 9.5182
1.66426 0.311481 9.91262
1.68936 0.293371 8.89808
1.61694 0.217391 5.98188
1.51837 0.297051 8.55271
1.59244 0.259061 9.89814
1.68932 0.045121 6.68258
1.44826 0.242061 10.6139
1.46377 0.195001 9.8477
1.52334 0.164951 8.25778
1.65786 0.244641 7.46354
1.54051 0.179291 12.9376
1.41497 0.237451 9.25586
1.55084 0.064041 9.466
1.58822 0.042601 7.33525
1.70195 0.026011 8.03522
1.54685 0.167201 7.04974
1.61156 0.270811 9.93891
