1.67761 0.0831221 8.00668
1.66033 0.164212 8.53792
1.67892 0.209422 12.258
1.52989 0.00285214 8.6107
1.5613 0.0421221 7.29018
1.49004 0.257542 5.85759
1.60193 0.277702 5.91544
1.67659 0.0452621 4.44041
1.64898 0.0732221 6.35577
1.64279 0.250662 9.69625
1.46557 0.189762 7.17606
1.66742 0.0638321 9.79893
1.50971 0.00480214 7.2562
1.7114 0.0320121 9.72888
1.72491 0.148892 8.46218
1.51815 0.0986121 7.14469
1.57629 0.219902 9.109
1.55237 0.188902 6.96768
1.63261 0.0488021 7.77202
1.4768 0.299712 9.59314
1.64807 0.0607121 8.49857
1.43638 0.266672 9.18508
1.45418 0.0445621 8.44953
1.71565 0.101372 6.30768
1.70909 0.271372 11.0207
1.42797 0.293662 4.94342
1.4229 0.193332 11.9139
1.7138 0.191592 9.36411
1.59166 0.00304214 7.62395
1.50748 0.0139421 5.91364
1.61639 0.0278821 7.53214
1.42356 0.0978521 7.61263
1.71908 0.289552 9.32196
1.68467 0.190262 4.37022
1.68524 0.250652 5.50157
1.58111 0.252882 8.19783
1.72472 0.0687621 6.05026
1.57464 0.0238921 4.54847
1.49312 0.287392 7.86821
1.55 0.211032 7.07662
1.65521 0.292732 8.51622
1.67062 0.152602 7.21765
1.42877 0.0119121 9.63411
1.70254 0.0895821 4.86179
1.56228 0.128922 9.28751
1.61357 0.209212 5.47545
1.45009 0.0955121 9.44892
1.54739 0.117052 9.48576
1.51232 0.212492 8.43702
