1.58598 0.244492 10.1494
1.66547 0.213912 5.25027
1.45667 0.180842 8.05486
1.43565 0.185162 12.9946
1.52725 0.196632 8.86592
1.54912 0.0960021 7.47419
1.54032 0.141402 11.8625
1.5048 0.0262221 7.68539
1.41923 0.0901821 9.42662
1.51085 0.276762 10.1832
1.49323 0.0185921 8.58276
1.53224 0.243702 7.96303
1.42896 0.305012 8.37316
1.57398 0.105022 7.31622
1.43552 0.106952 9.26445
1.59055 0.0320521 8.50235
1.56092 0.0295721 8.22871
1.59966 0.0916621 4.35333
1.55869 0.288292 7.68192
1.68687 0.273542 9.04583
1.56024 0.214462 9.98557
1.52907 0.142782 9.91415
1.62665 0.151082 8.99765
1.69041 0.155312 7.66807
1.72479 0.193332 11.9139
1.54762 0.287532 10.1051
1.54484 0.217462 11.5685
1.53616 0.0584821 8.58008
1.43976 0.279602 8.82533
1.48875 0.178302 7.08542
1.72545 0.0978521 7.61263
1.47428 0.0604421 10.6433
1.68215 0.0120821 11.683
1.41398 0.160792 8.57992
1.41405 0.0890821 11.2182
1.66717 0.274662 7.06029
1.70934 0.140892 10.8821
1.70309 0.300692 5.51205
1.56304 0.290312 9.31114
1.42703 0.0360321 8.87567
1.59967 0.104552 7.68837
1.47338 0.145732 7.65382
1.52113 0.259892 5.90922
1.45349 0.223162 5.52954
