1.62232 0.0488604 10.7507
1.61464 0.12255 9.70355
1.52068 0.0546704 9.21391
1.63722 0.10466 4.49879
1.53955 0.0346904 9.80259
1.66374 0.25391 4.90543
1.44573 0.0760004 6.90745
1.61943 0.0616804 7.84762
1.64036 0.2804 8.84598
1.69336 0.20486 9.21965
1.47819 0.25918 8.51821
1.66674 0.28965 6.90622
1.71548 0.11808 8.10052
1.65847 0.19631 8.75283
1.57114 0.20536 10.158
1.56728 0.0467104 9.39325
1.47213 0.0924904 7.46348
1.50789 0.11912 6.21301
1.57398 0.10944 9.48503
1.56973 0.0942204 9.27945
1.62355 0.12834 8.29129
1.72727 0.18455 6.61368
1.69863 0.2943 9.91262
1.72372 0.27619 8.89808
1.6513 0.20021 5.98188
1.55273 0.27987 8.55271
1.6268 0.24188 9.89814
1.72368 0.0279404 6.68258
1.48262 0.22488 10.6139
1.49813 0.17782 9.8477
1.5577 0.14777 8.25778
1.69222 0.22746 7.46354
1.57488 0.16211 12.9376
1.44933 0.22027 9.25586
1.5852 0.0468604 9.466
1.62258 0.0254204 7.33525
1.58121 0.15002 7.04974
1.7174 0.30478 7.9381
1.64592 0.25363 9.93891
