1.60491 0.201003 6.86862
1.6181 0.167593 8.13111
1.6691 0.199843 10.9825
1.54792 0.178393 12.0433
1.65309 0.0345734 7.48317
1.55702 0.280233 10.6259
1.52492 0.0265834 7.56495
1.44845 0.180993 8.89745
1.59458 0.118363 4.83342
1.61003 0.0364734 6.19134
1.53264 0.0317934 6.40262
1.57847 0.0130834 7.01074
1.64211 0.133113 9.37649
1.52683 0.307383 6.92432
1.63387 0.0266934 4.73505
1.64316 0.167433 9.01191
1.53912 0.0524034 5.86146
1.45855 0.141363 6.12329
1.49405 0.230583 10.248
1.67532 0.230763 6.3685
1.56905 0.180793 9.20542
1.65938 0.294303 5.66403
1.61314 0.169713 9.14497
1.50469 0.200203 7.25093
1.53132 0.0140234 6.53623
1.47509 0.158263 7.05007
1.58169 0.160853 6.67757
1.43363 0.104723 5.35547
1.65244 0.310163 9.94656
1.67696 0.217323 9.99024
1.61121 0.0797034 12.5537
1.50569 0.224843 10.6196
1.59057 0.219413 6.37333
1.48857 0.0847334 2.59703
1.5215 0.254723 6.44337
1.58774 0.230843 7.59023
1.63014 0.112543 6.83018
1.67246 0.0220234 7.16749
1.57234 0.0671234 8.34197
1.5868 0.186343 10.9833
1.55429 0.121083 10.957
1.67614 0.255083 9.55998
1.43034 0.210243 9.26881
