1.61625 0.269381 11.2358
1.49494 0.240338 5.49643
1.52344 0.0288468 5.39164
1.69398 0.0238568 8.04004
1.45007 0.23092 8.70002
1.46012 0.00921676 10.0605
1.42463 0.261135 11.5783
1.58481 0.118777 9.07765
1.48246 0.151537 10.1957
1.59249 0.0251868 9.83798
1.4541 0.0305468 11.9089
1.64348 0.309394 8.03949
1.58136 0.234831 8.61454
1.44641 0.175887 8.2235
1.70908 0.136777 9.48351
1.58665 0.277125 9.15397
1.52921 0.221009 7.47052
1.46039 0.219669 5.86824
1.611 0.305155 9.11878
1.41507 0.224396 9.94106
1.7228 0.134167 5.64483
1.52067 0.0503668 9.50062
1.67896 0.100117 5.5814
1.47227 0.125467 8.86507
1.59063 0.206717 8.29084
1.65906 0.171517 9.66419
1.59362 0.0322968 1.79944
1.62826 0.206686 6.58664
1.681 0.121237 6.18782
1.42311 0.310141 8.00612
1.64491 0.0128868 6.68269
1.46863 0.0355568 7.73531
1.4166 0.0232268 10.2291
1.5314 0.136097 5.05418
1.52161 0.150657 11.0336
1.51991 0.189853 10.8973
1.59941 0.0720068 5.76839
1.49261 0.0904268 3.32247
1.64802 0.0559068 10.4545
1.56737 0.0406368 9.17467
1.67213 0.21959 5.63548
1.47571 0.0543268 7.30187
