1.44117 0.244492 10.1494
1.52066 0.213912 5.25027
1.68697 0.00285214 8.6107
1.71838 0.0421221 7.29018
1.64712 0.257542 5.85759
1.62265 0.189762 7.17606
1.66679 0.00480214 7.2562
1.67523 0.0986121 7.14469
1.42918 0.105022 7.31622
1.70945 0.188902 6.96768
1.44574 0.0320521 8.50235
1.41611 0.0295721 8.22871
1.63388 0.299712 9.59314
1.59346 0.266672 9.18508
1.45486 0.0916621 4.35333
1.41389 0.288292 7.68192
1.54207 0.273542 9.04583
1.61126 0.0445621 8.44953
1.41543 0.214462 9.98557
1.58505 0.293662 4.94342
1.48185 0.151082 8.99765
1.54561 0.155312 7.66807
1.57998 0.193332 11.9139
1.66456 0.0139421 5.91364
1.58064 0.0978521 7.61263
1.6502 0.287392 7.86821
1.70708 0.211032 7.07662
1.53735 0.0120821 11.683
1.52236 0.274662 7.06029
1.56453 0.140892 10.8821
1.55829 0.300692 5.51205
1.41824 0.290312 9.31114
1.58585 0.0119121 9.63411
1.45487 0.104552 7.68837
1.71936 0.128922 9.28751
1.60717 0.0955121 9.44892
1.70447 0.117052 9.48576
1.6694 0.212492 8.43702
