1.57094 0.129442 6.19461
1.49313 0.224652 9.37164
1.71404 0.289642 9.70339
1.69814 0.133282 9.54773
1.63709 0.265372 9.44493
1.68153 0.166702 9.10726
1.63965 0.0664816 7.54688
1.69001 0.0492916 8.81649
1.70721 0.291902 7.33901
1.6093 0.231372 7.76683
1.6636 0.248172 7.36461
1.50737 0.0102316 9.79795
1.54492 0.278522 11.2008
1.49735 0.252992 10.3085
1.45738 0.0573016 7.94804
1.50934 0.0840716 9.26338
1.72 0.237782 6.78061
1.58038 0.00134158 8.42869
1.72652 0.287052 9.18662
1.57886 0.259302 10.926
1.65069 0.231452 6.57205
1.65499 0.313122 8.01684
1.61611 0.0949116 8.42056
1.58078 0.0870716 10.5699
1.4408 0.0488416 10.2304
1.54834 0.0229416 5.35347
1.66064 0.310312 11.0462
1.60623 0.0512016 8.88135
1.63942 0.106062 7.49122
1.51121 0.0508416 9.19404
1.46491 0.0862716 9.34095
1.46823 0.281272 9.37908
1.54596 0.108892 6.53437
1.62247 0.306942 9.28645
1.61131 0.253892 12.0975
1.70849 0.00282158 7.53375
1.47107 0.284702 9.39051
1.51834 0.00969158 9.51503
1.44929 0.275802 3.84092
1.5433 0.180952 8.74354
