1.46133 0.238509 6.08845
1.64572 0.293509 7.48317
1.6536 0.0388193 8.05751
1.51755 0.285519 7.56495
1.71302 0.209159 9.83595
1.65665 0.0117293 6.04407
1.42417 0.0798593 9.49836
1.60266 0.295409 6.19134
1.52527 0.290729 6.40262
1.47124 0.209339 10.6224
1.55085 0.00173934 6.69315
1.5711 0.272019 7.01074
1.6265 0.285629 4.73505
1.71794 0.0560993 7.43832
1.53175 0.311339 5.86146
1.63349 0.147499 6.51004
1.50718 0.222689 8.72814
1.43545 0.0705893 7.35576
1.62675 0.175999 8.39158
1.5237 0.144749 8.85039
1.54242 0.0421793 6.47321
1.52297 0.243979 7.24413
1.59834 0.182079 7.71318
1.45944 0.140309 6.34262
1.53032 0.218949 10.6118
1.6053 0.0729093 5.89698
1.59247 0.216079 10.5628
1.52395 0.272959 6.53623
1.6567 0.243789 10.1498
1.46138 0.125349 10.2936
1.4979 0.132989 3.34318
1.63238 0.153119 10.1143
1.69698 0.0218493 9.68054
1.45434 0.0969793 7.59352
1.61977 0.0178093 8.46808
1.44142 0.127169 7.65242
1.63194 0.182679 10.3412
1.55131 0.0772193 13.4192
1.52504 0.0466493 5.29349
1.70535 0.0792393 9.6493
1.56263 0.0524993 9.37185
1.42345 0.0405093 6.87043
1.56144 0.114879 9.58671
1.66509 0.280959 7.16749
1.55249 0.181189 8.75734
1.62927 0.124409 11.9621
1.67583 0.216839 6.43828
1.68314 0.173389 5.13396
