1.484 0.127376 7.21136
1.45078 0.116276 8.27018
1.46149 0.210946 5.18956
1.51887 0.262556 9.63044
1.59619 0.199246 12.5412
1.48541 0.117056 4.93978
1.46095 0.094826 5.76332
1.54894 0.309946 7.73981
1.51397 0.140496 9.01314
1.47842 0.168786 9.69773
1.70338 0.261046 7.7608
1.5674 0.026746 8.74073
1.50472 0.011526 9.38867
1.41543 0.068946 8.46639
1.43308 0.141896 8.76033
1.68516 0.039996 9.05278
1.61226 0.156186 11.7962
1.46432 0.164326 6.28263
1.53949 0.016506 9.46531
1.62067 0.158286 6.37953
1.42216 0.311256 7.16549
1.62398 0.209976 7.9826
1.56072 0.155216 7.87684
1.72151 0.032626 9.31824
1.66272 0.247816 9.71725
1.48675 0.00714598 7.72788
1.70642 0.152256 9.22614
1.68012 0.154186 6.55013
1.47721 0.289046 8.13112
1.62285 0.199846 8.39931
1.72342 0.182126 5.34713
1.65706 0.189706 11.87
1.49111 0.089296 9.29426
1.45123 0.267396 8.55428
1.59812 0.130236 8.88217
1.67223 0.00812598 7.94901
1.42884 0.105586 9.75953
1.72689 0.178506 8.30364
1.5354 0.019766 5.73656
1.54964 0.079856 7.24223
1.5445 0.152266 7.66866
1.46354 0.264346 7.27102
1.47411 0.123196 6.74294
1.67684 0.041206 6.99795
1.62102 0.278496 5.1787
1.68198 0.185666 8.2391
1.46442 0.297176 6.46419
1.5761 0.306836 9.66441
1.64463 0.121516 6.55971
1.62506 0.179426 9.40187
1.43618 0.083136 10.0623
