1.63191 0.187504 6.86862
1.6451 0.154094 8.13111
1.6961 0.186344 10.9825
1.57492 0.164894 12.0433
1.68009 0.0210744 7.48317
1.58402 0.266734 10.6259
1.55192 0.0130844 7.56495
1.65886 0.311044 9.63906
1.47545 0.167494 8.89745
1.62158 0.104864 4.83342
1.63703 0.0229744 6.19134
1.55964 0.0182944 6.40262
1.41721 0.268144 10.1573
1.66911 0.119614 9.37649
1.55383 0.293884 6.92432
1.66087 0.0131944 4.73505
1.55346 0.301004 10.6023
1.67016 0.153934 9.01191
1.56612 0.0389044 5.86146
1.48555 0.127864 6.12329
1.52105 0.217084 10.248
1.41606 0.199024 7.48382
1.70232 0.217264 6.3685
1.41504 0.217454 7.6065
1.59605 0.167294 9.20542
1.68638 0.280804 5.66403
1.64014 0.156214 9.14497
1.53169 0.186704 7.25093
1.55832 0.000524352 6.53623
1.50209 0.144764 7.05007
1.57412 0.311384 2.86335
1.60869 0.147354 6.67757
1.46063 0.0912244 5.35547
1.67944 0.296664 9.94656
1.70396 0.203824 9.99024
1.63821 0.0662044 12.5537
1.53269 0.211344 10.6196
1.61757 0.205914 6.37333
1.50364 0.308504 7.24938
1.65612 0.307194 5.94507
1.51557 0.0712344 2.59703
1.5485 0.241224 6.44337
1.61474 0.217344 7.59023
1.65714 0.0990444 6.83018
1.69946 0.00852435 7.16749
1.59934 0.0536244 8.34197
1.6138 0.172844 10.9833
1.58129 0.107584 10.957
1.70314 0.241584 9.55998
1.45734 0.196744 9.26881
