1.57814 0.0709497 10.7507
1.57046 0.14464 9.70355
1.4765 0.0767597 9.21391
1.71365 0.29951 11.5523
1.59304 0.12675 4.49879
1.49537 0.0567797 9.80259
1.61956 0.276 4.90543
1.72227 0.30266 6.02329
1.71225 0.0627397 7.8833
1.57526 0.0837697 7.84762
1.59618 0.30249 8.84598
1.68713 0.27991 8.97658
1.64918 0.22695 9.21965
1.43401 0.28127 8.51821
1.70434 0.21841 10.3889
1.62257 0.31174 6.90622
1.6713 0.14017 8.10052
1.61429 0.2184 8.75283
1.52696 0.22745 10.158
1.45355 0.00844971 9.57321
1.5231 0.0687997 9.39325
1.42795 0.11458 7.46348
1.46371 0.14121 6.21301
1.5298 0.13153 9.48503
1.52556 0.11631 9.27945
1.71795 0.26386 10.331
1.70493 0.31091 8.71038
1.57937 0.15043 8.29129
1.68309 0.20664 6.61368
1.68583 0.0314597 9.5182
1.67954 0.29828 8.89808
1.60712 0.2223 5.98188
1.50855 0.30196 8.55271
1.58262 0.26397 9.89814
1.6795 0.0500297 6.68258
1.43844 0.24697 10.6139
1.45395 0.19991 9.8477
1.51352 0.16986 8.25778
1.64805 0.24955 7.46354
1.5307 0.1842 12.9376
1.54102 0.0689497 9.466
1.5784 0.0475097 7.33525
1.53164 0.00478971 11.7481
1.69213 0.0309197 8.03522
1.53703 0.17211 7.04974
1.60174 0.27572 9.93891
