1.72279 0.064538 8.13136
1.5959 0.034748 8.69853
1.65774 0.150408 9.42983
1.48821 0.236598 10.1985
1.66744 0.093338 7.42089
1.66694 0.039268 7.92899
1.66946 0.199238 7.37324
1.70221 0.248548 14.0718
1.61657 0.303498 8.13816
1.55851 0.028988 10.1846
1.67093 0.015158 11.9338
1.54589 0.012058 11.9504
1.44663 0.222148 6.81326
1.70125 0.264088 8.9649
1.59068 0.281178 8.37107
1.60484 0.161698 6.94769
1.71962 0.087708 9.14889
1.50811 0.152728 10.5855
1.63971 0.037118 8.95233
1.57528 0.133878 9.40788
1.49388 0.125738 7.6935
1.49055 0.270108 9.9086
1.41434 0.101968 9.99024
1.48821 0.166898 8.92796
1.58014 0.263298 7.07325
1.63849 0.254658 7.57258
1.72081 0.054878 7.56544
1.52931 0.055648 8.99324
1.5905 0.245798 7.9849
1.69407 0.043498 9.73365
1.6687 0.093638 8.25033
1.44291 0.281698 7.2218
1.68159 0.026058 5.02904
1.56469 0.189378 12.3679
1.70374 0.103938 9.7349
1.47706 0.144758 6.92325
1.51276 0.012028 8.43044
1.52908 0.024968 8.03211
1.70283 0.277428 9.82356
1.44913 0.217328 6.26427
1.60398 0.048048 6.16866
