1.61625 0.311106 11.2358
1.49494 0.282062 5.49643
1.52344 0.070571 5.39164
1.69398 0.065581 8.04004
1.46964 0.000121034 10.8164
1.45007 0.272644 8.70002
1.46012 0.050941 10.0605
1.58353 0.023661 8.8288
1.42463 0.302859 11.5783
1.58481 0.160501 9.07765
1.48246 0.193261 10.1957
1.59249 0.066911 9.83798
1.4541 0.072271 11.9089
1.60666 0.020021 4.65153
1.58136 0.276556 8.61454
1.44641 0.217611 8.2235
1.56008 0.037501 10.6401
1.70908 0.178501 9.48351
1.4268 0.00910103 7.48278
1.52921 0.262733 7.47052
1.46039 0.261393 5.86824
1.63531 0.034491 11.3125
1.41507 0.26612 9.94106
1.7228 0.175891 5.64483
1.52067 0.092091 9.50062
1.71585 0.00473103 10.1045
1.67896 0.141841 5.5814
1.70958 0.020761 10.4344
1.47227 0.167191 8.86507
1.59063 0.248442 8.29084
1.65906 0.213241 9.66419
1.59362 0.074021 1.79944
1.62826 0.248411 6.58664
1.681 0.162961 6.18782
1.64491 0.054611 6.68269
1.46863 0.077281 7.73531
1.4166 0.064951 10.2291
1.5314 0.177821 5.05418
1.52161 0.192381 11.0336
1.51991 0.231578 10.8973
1.59941 0.113731 5.76839
1.49261 0.132151 3.32247
1.64802 0.097631 10.4545
1.56737 0.082361 9.17467
1.67213 0.261314 5.63548
1.47571 0.096051 7.30187
