1.63705 0.0414973 10.7507
1.62937 0.115187 9.70355
1.53541 0.0473073 9.21391
1.65194 0.0972973 4.49879
1.55428 0.0273273 9.80259
1.67847 0.246547 4.90543
1.46046 0.0686373 6.90745
1.53319 0.313827 6.52664
1.63416 0.0543173 7.84762
1.65509 0.273037 8.84598
1.70808 0.197497 9.21965
1.49291 0.251817 8.51821
1.68147 0.282287 6.90622
1.67319 0.188947 8.75283
1.58586 0.197997 10.158
1.58201 0.0393473 9.39325
1.48686 0.0851273 7.46348
1.52262 0.111757 6.21301
1.58871 0.102077 9.48503
1.58446 0.0868573 9.27945
1.63827 0.120977 8.29129
1.71335 0.286937 9.91262
1.66603 0.192847 5.98188
1.56745 0.272507 8.55271
1.64153 0.234517 9.89814
1.49735 0.217517 10.6139
1.51286 0.170457 9.8477
1.57242 0.140407 8.25778
1.70695 0.220097 7.46354
1.5896 0.154747 12.9376
1.46405 0.212907 9.25586
1.59992 0.0394973 9.466
1.63731 0.0180573 7.33525
1.59594 0.142657 7.04974
1.66065 0.246267 9.93891
