1.65551 0.0887221 8.37516
1.52544 0.0831221 8.00668
1.50816 0.164212 8.53792
1.52675 0.209422 12.258
1.69776 0.140662 9.80098
1.71337 0.105132 7.66217
1.58155 0.0987021 11.3447
1.59748 0.163482 8.50576
1.44976 0.277702 5.91544
1.52442 0.0452621 4.44041
1.49681 0.0732221 6.35577
1.7051 0.0933821 7.39753
1.66676 0.150472 7.1591
1.66788 0.0795121 8.10658
1.59687 0.116542 6.5804
1.49062 0.250662 9.69625
1.51525 0.0638321 9.79893
1.55923 0.0320121 9.72888
1.57274 0.148892 8.46218
1.42412 0.219902 9.109
1.48043 0.0488021 7.77202
1.61763 0.290302 8.92775
1.62878 0.123192 8.77708
1.49589 0.0607121 8.49857
1.72728 0.313942 7.72788
1.56347 0.101372 6.30768
1.55692 0.271372 11.0207
1.63652 0.00495214 8.37628
1.56163 0.191592 9.36411
1.43949 0.00304214 7.62395
1.46422 0.0278821 7.53214
1.56691 0.289552 9.32196
1.5325 0.190262 4.37022
1.53307 0.250652 5.50157
1.42894 0.252882 8.19783
1.57255 0.0687621 6.05026
1.69633 0.225812 10.292
1.65418 0.170932 10.8239
1.42246 0.0238921 4.54847
1.67523 0.300332 6.02306
1.59178 0.0526421 9.84142
1.66524 0.166672 7.59257
1.63243 0.182512 9.49395
1.50304 0.292732 8.51622
1.69837 0.0322821 9.43116
1.51845 0.152602 7.21765
1.55037 0.0895821 4.86179
1.6784 0.114002 8.88375
1.4614 0.209212 5.47545
1.71819 0.113442 11.3858
1.61558 0.255992 6.26307
1.62634 0.267612 10.8593
