1.57236 0.0831973 7.21136
1.53914 0.0720973 8.27018
1.54985 0.166767 5.18956
1.60723 0.218377 9.63044
1.68455 0.155067 12.5412
1.57377 0.0728773 4.93978
1.54931 0.0506473 5.76332
1.42463 0.145007 10.3407
1.6373 0.265767 7.73981
1.60233 0.0963173 9.01314
1.47994 0.0408473 10.6604
1.56678 0.124607 9.69773
1.42813 0.261957 12.5877
1.43746 0.0556673 9.14188
1.4303 0.244247 8.73111
1.50379 0.0247673 8.46639
1.52144 0.0977173 8.76033
1.70062 0.112007 11.7962
1.55268 0.120147 6.28263
1.70903 0.114107 6.37953
1.51052 0.267077 7.16549
1.71234 0.165797 7.9826
1.64908 0.111037 7.87684
1.66404 0.291827 9.01126
1.43612 0.222507 8.44774
1.56557 0.244867 8.13112
1.65255 0.308307 9.15035
1.71121 0.155667 8.39931
1.57947 0.0451173 9.29426
1.53959 0.223217 8.55428
1.69249 0.270957 8.09062
1.68648 0.0860573 8.88217
1.5172 0.0614073 9.75953
1.61372 0.313887 6.08858
1.41941 0.308807 8.08046
1.42985 0.00778733 10.4186
1.63799 0.0356773 7.24223
1.63286 0.108087 7.66866
1.5519 0.220167 7.27102
1.56247 0.0790173 6.74294
1.42817 0.195017 10.0118
1.47873 0.311837 9.95921
1.70938 0.234317 5.1787
1.55278 0.252997 6.46419
1.66445 0.262657 9.66441
1.71342 0.135247 9.40187
1.52453 0.0389573 10.0623
