1.44906 0.232373 6.08845
1.63345 0.287373 7.48317
1.64133 0.0326834 8.05751
1.50528 0.279383 7.56495
1.70075 0.203023 9.83595
1.64438 0.00559342 6.04407
1.59039 0.289273 6.19134
1.513 0.284593 6.40262
1.45897 0.203203 10.6224
1.55883 0.265883 7.01074
1.61423 0.279493 4.73505
1.70567 0.0499634 7.43832
1.51948 0.305203 5.86146
1.62122 0.141363 6.51004
1.72063 0.133853 6.16769
1.49491 0.216553 8.72814
1.42318 0.0644534 7.35576
1.61448 0.169863 8.39158
1.51143 0.138613 8.85039
1.53015 0.0360434 6.47321
1.5107 0.237843 7.24413
1.58607 0.175943 7.71318
1.44717 0.134173 6.34262
1.72504 0.259163 6.98397
1.51805 0.212813 10.6118
1.59303 0.0667734 5.89698
1.5802 0.209943 10.5628
1.71851 0.0928434 9.60221
1.51168 0.266823 6.53623
1.64443 0.237653 10.1498
1.44911 0.119213 10.2936
1.48563 0.126853 3.34318
1.62011 0.146983 10.1143
1.68471 0.0157134 9.68054
1.44207 0.0908434 7.59352
1.6075 0.0116734 8.46808
1.42915 0.121033 7.65242
1.61967 0.176543 10.3412
1.53904 0.0710834 13.4192
1.51277 0.0405134 5.29349
1.69308 0.0731034 9.6493
1.55036 0.0463634 9.37185
1.54917 0.108743 9.58671
1.65282 0.274823 7.16749
1.54022 0.175053 8.75734
1.72147 0.174893 8.42762
1.617 0.118273 11.9621
1.66356 0.210703 6.43828
1.67087 0.167253 5.13396
