1.57094 0.285294 6.19461
1.69814 0.289134 9.54773
1.48821 0.077064 10.1985
1.63965 0.222334 7.54688
1.69001 0.205144 8.81649
1.66946 0.039704 7.37324
1.70221 0.089014 14.0718
1.61657 0.143964 8.13816
1.50737 0.166084 9.79795
1.44663 0.062614 6.81326
1.45738 0.213154 7.94804
1.70125 0.104554 8.9649
1.50934 0.239924 9.26338
1.59068 0.121644 8.37107
1.58038 0.157194 8.42869
1.60484 0.00216403 6.94769
1.61611 0.250764 8.42056
1.49055 0.110574 9.9086
1.58078 0.242924 10.5699
1.4408 0.204694 10.2304
1.48821 0.00736403 8.92796
1.54834 0.178794 5.35347
1.58014 0.103764 7.07325
1.60623 0.207054 8.88135
1.63942 0.261914 7.49122
1.63849 0.095124 7.57258
1.5905 0.086264 7.9849
1.51121 0.206694 9.19404
1.46491 0.242124 9.34095
1.44291 0.122164 7.2218
1.54596 0.264744 6.53437
1.56469 0.029844 12.3679
1.70849 0.158674 7.53375
1.51834 0.165544 9.51503
1.70283 0.117894 9.82356
1.44913 0.057794 6.26427
