1.6483 0.0895001 10.1853
1.52301 0.23215 7.48317
1.59031 0.1478 9.83595
1.47995 0.23405 6.19134
1.44839 0.21066 7.01074
1.72226 0.21749 6.00485
1.7162 0.13365 8.80242
1.72235 0.0900201 9.6439
1.50379 0.22427 4.73505
1.51078 0.0861401 6.51004
1.61019 0.0786301 6.16769
1.67207 0.14046 7.40473
1.702 0.10984 6.64655
1.68165 0.23562 10.6279
1.50404 0.11464 8.39158
1.70707 0.19703 5.92509
1.47563 0.12072 7.71318
1.6146 0.20394 6.98397
1.66321 0.0350801 9.36544
1.48259 0.0115501 5.89698
1.72394 0.28365 12.7744
1.69624 0.21725 9.52918
1.46976 0.15472 10.5628
1.60807 0.0376201 9.60221
1.53399 0.18243 10.1498
1.65701 0.0823301 7.55029
1.70262 0.25266 4.57745
1.686 0.0287101 10.1096
1.67869 0.20176 7.50102
1.50967 0.0917601 10.1143
1.48113 0.27728 12.5537
1.63804 0.30576 9.22838
1.67605 0.26824 6.2887
1.67336 0.22747 10.3397
1.71432 0.28038 9.15752
1.50923 0.12132 10.3412
1.4286 0.0158601 13.4192
1.58264 0.0178801 9.6493
1.6401 0.17639 11.6866
1.50006 0.31012 6.83018
1.43873 0.0535201 9.58671
1.54238 0.2196 7.16749
1.42978 0.11983 8.75734
1.44226 0.2647 8.34197
1.64954 0.22137 9.07249
1.61103 0.11967 8.42762
1.63767 0.26566 9.93495
1.50656 0.0630501 11.9621
1.55312 0.15548 6.43828
1.56043 0.11203 5.13396
