1.57669 0.110882 6.08845
1.72609 0.298902 8.13111
1.65591 0.309702 12.0433
1.63291 0.157892 7.56495
1.55644 0.312302 8.89745
1.70257 0.249672 4.83342
1.71802 0.167782 6.19134
1.64063 0.163102 6.40262
1.5866 0.0817121 10.6224
1.68646 0.144392 7.01074
1.64711 0.183712 5.86146
1.56654 0.272672 6.12329
1.62254 0.0950621 8.72814
1.45243 0.135512 10.6318
1.67704 0.312102 9.20542
1.44199 0.128942 6.0343
1.63906 0.0171221 8.85039
1.63833 0.116352 7.24413
1.72113 0.301022 9.14497
1.7137 0.0544521 7.71318
1.5748 0.0126821 6.34262
1.64568 0.0913221 10.6118
1.70783 0.0884521 10.5628
1.63931 0.145332 6.53623
1.50261 0.141462 6.42993
1.58308 0.289572 7.05007
1.68968 0.292162 6.67757
1.61326 0.00536214 3.34318
1.43363 0.242642 8.02927
1.54162 0.236032 5.35547
1.7192 0.211012 12.5537
1.48771 0.272412 8.96659
1.48664 0.106052 7.64219
1.59656 0.216042 2.59703
1.43397 0.0825321 6.53478
1.66785 0.0535621 8.75734
1.68033 0.198432 8.34197
1.42737 0.118682 6.89079
1.66228 0.252392 10.957
1.51945 0.0426121 8.85798
