1.72524 0.311202 8.13136
1.51821 0.0232321 10.1853
1.59835 0.281412 8.69853
1.46022 0.0815321 9.83595
1.66939 0.285932 7.92899
1.64095 0.212542 9.39184
1.59217 0.151222 6.00485
1.58611 0.0673821 8.80242
1.59226 0.0237521 9.6439
1.66455 0.216412 9.35374
1.4801 0.0123621 6.16769
1.54198 0.0741921 7.40473
1.57191 0.0435721 6.64655
1.56096 0.275652 10.1846
1.55156 0.169352 10.6279
1.67338 0.261822 11.9338
1.57698 0.130762 5.92509
1.54834 0.258722 11.9504
1.6252 0.127652 9.6978
1.48451 0.137672 6.98397
1.59385 0.217382 12.7744
1.61059 0.125562 9.42632
1.64556 0.113072 7.91843
1.56615 0.150982 9.52918
1.52692 0.0160621 7.55029
1.64216 0.283782 8.95233
1.57253 0.186392 4.57745
1.65363 0.0538121 10.4128
1.5486 0.135492 7.50102
1.61347 0.189242 9.03485
1.50795 0.239492 9.22838
1.54596 0.201972 6.2887
1.54327 0.161202 10.3397
1.72326 0.301542 7.56544
1.58423 0.214112 9.15752
1.53176 0.302312 8.99324
1.69652 0.290162 9.73365
1.51001 0.110122 11.6866
1.68404 0.272722 5.02904
1.70096 0.182772 7.92413
1.64971 0.166822 8.68781
1.61199 0.228012 8.16371
1.51521 0.258692 8.43044
1.51945 0.155102 9.07249
1.48094 0.0534021 8.42762
1.50758 0.199392 9.93495
1.53153 0.271632 8.03211
1.42303 0.0892121 6.43828
1.60643 0.294712 6.16866
1.43034 0.0457621 5.13396
