1.61625 0.308651 11.2358
1.49494 0.279607 5.49643
1.52344 0.0681167 5.39164
1.69398 0.0631267 8.04004
1.45007 0.27019 8.70002
1.46012 0.0484867 10.0605
1.58353 0.0212067 8.8288
1.42463 0.300405 11.5783
1.58481 0.158047 9.07765
1.48246 0.190807 10.1957
1.59249 0.0644567 9.83798
1.4541 0.0698167 11.9089
1.60666 0.0175667 4.65153
1.58136 0.274101 8.61454
1.44641 0.215157 8.2235
1.56008 0.0350467 10.6401
1.70908 0.176047 9.48351
1.4268 0.00664666 7.48278
1.52921 0.260279 7.47052
1.46039 0.258939 5.86824
1.63531 0.0320367 11.3125
1.41507 0.263666 9.94106
1.7228 0.173437 5.64483
1.52067 0.0896367 9.50062
1.71585 0.00227666 10.1045
1.67896 0.139387 5.5814
1.70958 0.0183067 10.4344
1.47227 0.164737 8.86507
1.59063 0.245987 8.29084
1.65906 0.210787 9.66419
1.59362 0.0715667 1.79944
1.62826 0.245956 6.58664
1.681 0.160507 6.18782
1.64491 0.0521567 6.68269
1.46863 0.0748267 7.73531
1.4166 0.0624967 10.2291
1.5314 0.175367 5.05418
1.52161 0.189927 11.0336
1.51991 0.229123 10.8973
1.59941 0.111277 5.76839
1.49261 0.129697 3.32247
1.64802 0.0951767 10.4545
1.56737 0.0799067 9.17467
1.67213 0.25886 5.63548
1.47571 0.0935967 7.30187
