1.70486 0.26757 8.00685
1.52999 0.19923 7.32341
1.70938 0.0870003 5.18956
1.4479 0.0523103 6.45865
1.53168 0.18722 7.17194
1.58416 0.0652403 10.3407
1.72631 0.0448403 9.69773
1.58766 0.18219 12.5877
1.55924 0.0214803 6.20019
1.58983 0.16448 8.73111
1.68097 0.0179503 8.76033
1.71222 0.0403803 6.28263
1.57141 0.0668303 6.80289
1.52434 0.0792503 7.0433
1.67006 0.18731 7.16549
1.42745 0.12442 11.0715
1.54661 0.0912003 6.78599
1.59566 0.14274 8.44774
1.72511 0.1651 8.13112
1.50522 0.14863 11.8953
1.69912 0.14345 8.55428
1.48958 0.30198 8.34567
1.57894 0.22904 8.08046
1.5667 0.25782 5.77223
1.56916 0.15667 9.98738
1.54297 0.29945 7.09459
1.71143 0.1404 7.27102
1.58771 0.11525 10.0118
1.53634 0.26421 8.02934
1.45686 0.30275 11.414
1.57604 0.24001 8.04949
1.63826 0.23207 9.95921
1.50876 0.21906 8.86796
1.49599 0.13304 11.6245
1.60478 0.24555 3.61214
1.71231 0.17323 6.46419
1.47778 0.14667 9.51136
1.57269 0.0945403 11.9383
1.46185 0.20195 9.62859
