1.44132 0.0925879 7.34627
1.70009 0.102308 12.0433
1.44722 0.0901279 7.9443
1.41696 0.00445794 9.96675
1.70919 0.204148 10.6259
1.60062 0.104908 8.89745
1.54238 0.205558 10.1573
1.679 0.231298 6.92432
1.67863 0.238418 10.6023
1.43815 0.0920179 10.4809
1.61072 0.0652779 6.12329
1.64622 0.154498 10.248
1.48636 0.139398 9.05278
1.54123 0.136438 7.48382
1.54021 0.154868 7.6065
1.72122 0.104708 9.20542
1.57557 0.303928 7.17228
1.42187 0.257688 6.37953
1.65686 0.124118 7.25093
1.42518 0.309378 7.9826
1.52271 0.132028 9.31824
1.50762 0.251658 9.22614
1.48132 0.253588 6.55013
1.42405 0.299248 8.39931
1.57836 0.310978 11.6453
1.62726 0.0821779 7.05007
1.69929 0.248798 2.86335
1.52462 0.281528 5.34713
1.45826 0.289108 11.87
1.44775 0.0810879 8.9252
1.47781 0.0352479 8.02927
1.5858 0.0286379 5.35547
1.47343 0.107528 7.94901
1.65786 0.148758 10.6196
1.52809 0.277908 8.30364
1.53189 0.0650179 8.96659
1.61466 0.272608 8.85975
1.62881 0.245918 7.24938
1.47804 0.140608 6.99795
1.64074 0.00864794 2.59703
1.48318 0.285068 8.2391
1.67367 0.178638 6.44337
1.44583 0.220918 6.55971
1.70646 0.0449979 10.957
1.58251 0.134158 9.26881
1.42626 0.278828 9.40187
