1.48588 0.250781 6.08845
1.67027 0.305781 7.48317
1.67815 0.0510912 8.05751
1.5421 0.297791 7.56495
1.6812 0.0240012 6.04407
1.44872 0.0921312 9.49836
1.62721 0.307681 6.19134
1.54982 0.303001 6.40262
1.49579 0.221611 10.6224
1.5754 0.0140112 6.69315
1.59565 0.284291 7.01074
1.65105 0.297901 4.73505
1.65804 0.159771 6.51004
1.53173 0.234961 8.72814
1.46 0.0828612 7.35576
1.6513 0.188271 8.39158
1.54825 0.157021 8.85039
1.56697 0.0544512 6.47321
1.54752 0.256251 7.24413
1.70025 0.0121912 8.68026
1.62289 0.194351 7.71318
1.48399 0.152581 6.34262
1.55487 0.231221 10.6118
1.62985 0.0851812 5.89698
1.61702 0.228351 10.5628
1.5485 0.285231 6.53623
1.68125 0.256061 10.1498
1.48593 0.137621 10.2936
1.6591 0.0106212 10.0651
1.41892 0.111931 4.94607
1.52245 0.145261 3.34318
1.65693 0.165391 10.1143
1.72153 0.0341212 9.68054
1.47889 0.109251 7.59352
1.64432 0.0300812 8.46808
1.46597 0.139441 7.65242
1.65649 0.194951 10.3412
1.57586 0.0894912 13.4192
1.54959 0.0589212 5.29349
1.58718 0.0647712 9.37185
1.448 0.0527812 6.87043
1.58599 0.127151 9.58671
1.68964 0.293231 7.16749
1.57704 0.193461 8.75734
1.65382 0.136681 11.9621
1.42864 0.182511 8.85798
1.70038 0.229111 6.43828
1.70769 0.185661 5.13396
