1.48304 0.0717258 7.34627
1.48894 0.0692658 7.9443
1.64234 0.0840458 8.89745
1.43911 0.277786 12.5412
1.5841 0.184696 10.1573
1.72072 0.210436 6.92432
1.72035 0.217556 10.6023
1.4318 0.0413758 6.8438
1.47987 0.0711558 10.4809
1.65244 0.0444158 6.12329
1.68794 0.133636 10.248
1.52808 0.118536 9.05278
1.45518 0.234726 11.7962
1.58295 0.115576 7.48382
1.58193 0.134006 7.6065
1.61729 0.283066 7.17228
1.46359 0.236826 6.37953
1.69858 0.103256 7.25093
1.4669 0.288516 7.9826
1.56443 0.111166 9.31824
1.54934 0.230796 9.22614
1.52304 0.232726 6.55013
1.46577 0.278386 8.39931
1.62008 0.290116 11.6453
1.58152 0.309576 7.09406
1.66898 0.0613158 7.05007
1.56634 0.260666 5.34713
1.49998 0.268246 11.87
1.48947 0.0602258 8.9252
1.51953 0.0143858 8.02927
1.62752 0.0077758 5.35547
1.44104 0.208776 8.88217
1.51515 0.0866658 7.94901
1.69958 0.127896 10.6196
1.56981 0.257046 8.30364
1.57361 0.0441558 8.96659
1.65638 0.251746 8.85975
1.42178 0.0390158 9.6112
1.67053 0.225056 7.24938
1.44152 0.0120758 6.09565
1.51976 0.119746 6.99795
1.5249 0.264206 8.2391
1.71539 0.157776 6.44337
1.48755 0.200056 6.55971
1.62423 0.113296 9.26881
1.46798 0.257966 9.40187
