1.61899 0.0598808 7.21136
1.41709 0.255681 7.32341
1.58577 0.0487808 8.27018
1.59648 0.143451 5.18956
1.65386 0.195061 9.63044
1.41877 0.243671 7.17194
1.6204 0.0495608 4.93978
1.59594 0.0273308 5.76332
1.47126 0.121691 10.3407
1.68393 0.242451 7.73981
1.64896 0.0730008 9.01314
1.52657 0.0175308 10.6604
1.61341 0.101291 9.69773
1.47476 0.238641 12.5877
1.44634 0.0779308 6.20019
1.48409 0.0323508 9.14188
1.47693 0.220931 8.73111
1.55042 0.00145083 8.46639
1.56807 0.0744008 8.76033
1.59931 0.0968308 6.28263
1.45851 0.123281 6.80289
1.55715 0.243761 7.16549
1.69571 0.0877208 7.87684
1.43371 0.147651 6.78599
1.71067 0.268511 9.01126
1.48276 0.199191 8.44774
1.6122 0.221551 8.13112
1.69918 0.284991 9.15035
1.62064 0.311701 9.59547
1.6261 0.0218008 9.29426
1.58622 0.199901 8.55428
1.56383 0.0380908 9.75953
1.66036 0.290571 6.08858
1.46604 0.285491 8.08046
1.68463 0.0123608 7.24223
1.45626 0.213121 9.98738
1.67949 0.0847708 7.66866
1.59853 0.196851 7.27102
1.6091 0.0557008 6.74294
1.47481 0.171701 10.0118
1.46314 0.296461 8.04949
1.52536 0.288521 9.95921
1.49188 0.302001 3.61214
1.59941 0.229681 6.46419
1.71109 0.239341 9.66441
1.45979 0.150991 11.9383
1.57117 0.0156408 10.0623
