1.54767 0.00727874 10.1853
1.42238 0.149929 7.48317
1.62781 0.265459 8.69853
1.48968 0.0655787 9.83595
1.69885 0.269979 7.92899
1.67041 0.196589 9.39184
1.62163 0.135269 6.00485
1.61557 0.0514287 8.80242
1.62172 0.00779874 9.6439
1.69401 0.200459 9.35374
1.57144 0.0582387 7.40473
1.60137 0.0276187 6.64655
1.59042 0.259699 10.1846
1.58102 0.153399 10.6279
1.70284 0.245869 11.9338
1.60644 0.114809 5.92509
1.5778 0.242769 11.9504
1.65466 0.111699 9.6978
1.51397 0.121719 6.98397
1.62331 0.201429 12.7744
1.64005 0.109609 9.42632
1.67502 0.0971187 7.91843
1.59561 0.135029 9.52918
1.43336 0.100209 10.1498
1.55638 0.000108738 7.55029
1.67162 0.267829 8.95233
1.60199 0.170439 4.57745
1.68309 0.0378587 10.4128
1.57806 0.119539 7.50102
1.64293 0.173289 9.03485
1.53741 0.223539 9.22838
1.57542 0.186019 6.2887
1.57273 0.145249 10.3397
1.61369 0.198159 9.15752
1.56122 0.286359 8.99324
1.72598 0.274209 9.73365
1.53947 0.0941687 11.6866
1.7135 0.256769 5.02904
1.44175 0.137379 7.16749
1.67917 0.150869 8.68781
1.64145 0.212059 8.16371
1.54467 0.242739 8.43044
1.54891 0.139149 9.07249
1.5104 0.0374487 8.42762
1.53704 0.183439 9.93495
1.56099 0.255679 8.03211
1.45249 0.0732587 6.43828
1.63589 0.278759 6.16866
1.4598 0.0298087 5.13396
