1.55705 0.110882 6.08845
1.70645 0.298902 8.13111
1.63627 0.309702 12.0433
1.61327 0.157892 7.56495
1.5368 0.312302 8.89745
1.68293 0.249672 4.83342
1.69838 0.167782 6.19134
1.62099 0.163102 6.40262
1.56696 0.0817121 10.6224
1.66682 0.144392 7.01074
1.72222 0.158002 4.73505
1.62747 0.183712 5.86146
1.5469 0.272672 6.12329
1.6029 0.0950621 8.72814
1.43279 0.135512 10.6318
1.6574 0.312102 9.20542
1.72247 0.0483721 8.39158
1.42235 0.128942 6.0343
1.61942 0.0171221 8.85039
1.61869 0.116352 7.24413
1.70149 0.301022 9.14497
1.69406 0.0544521 7.71318
1.55516 0.0126821 6.34262
1.62604 0.0913221 10.6118
1.68819 0.0884521 10.5628
1.61967 0.145332 6.53623
1.48297 0.141462 6.42993
1.56344 0.289572 7.05007
1.67004 0.292162 6.67757
1.59362 0.00536214 3.34318
1.41399 0.242642 8.02927
1.52198 0.236032 5.35547
1.69956 0.211012 12.5537
1.46807 0.272412 8.96659
1.467 0.106052 7.64219
1.72766 0.0550521 10.3412
1.57692 0.216042 2.59703
1.41433 0.0825321 6.53478
1.71849 0.243852 6.83018
1.64821 0.0535621 8.75734
1.66069 0.198432 8.34197
1.64264 0.252392 10.957
1.49981 0.0426121 8.85798
