1.50022 0.0631355 7.34627
1.50612 0.0606755 7.9443
1.65952 0.0754555 8.89745
1.45629 0.269196 12.5412
1.60128 0.176106 10.1573
1.44898 0.0327855 6.8438
1.49705 0.0625655 10.4809
1.4275 0.0966955 8.74073
1.66962 0.0358255 6.12329
1.70512 0.125046 10.248
1.54526 0.109946 9.05278
1.47236 0.226136 11.7962
1.60013 0.106986 7.48382
1.59911 0.125416 7.6065
1.63447 0.274476 7.17228
1.48077 0.228236 6.37953
1.71576 0.0946655 7.25093
1.48408 0.279926 7.9826
1.42082 0.225166 7.87684
1.58161 0.102576 9.31824
1.56652 0.222206 9.22614
1.54022 0.224136 6.55013
1.48295 0.269796 8.39931
1.63726 0.281526 11.6453
1.5987 0.300986 7.09406
1.68616 0.0527255 7.05007
1.58352 0.252076 5.34713
1.51716 0.259656 11.87
1.50665 0.0516355 8.9252
1.53671 0.0057955 8.02927
1.45822 0.200186 8.88217
1.53233 0.0780755 7.94901
1.71676 0.119306 10.6196
1.58699 0.248456 8.30364
1.59079 0.0355655 8.96659
1.67356 0.243156 8.85975
1.43897 0.0304255 9.6112
1.68771 0.216466 7.24938
1.4587 0.0034855 6.09565
1.53694 0.111156 6.99795
1.54208 0.255616 8.2391
1.50473 0.191466 6.55971
1.64141 0.104706 9.26881
1.48516 0.249376 9.40187
