1.42175 0.298902 8.13111
1.58203 0.0232321 10.1853
1.45674 0.165882 7.48317
1.66217 0.281412 8.69853
1.52404 0.0815321 9.83595
1.70477 0.212542 9.39184
1.65599 0.151222 6.00485
1.44576 0.264422 9.37649
1.64993 0.0673821 8.80242
1.65608 0.0237521 9.6439
1.43752 0.158002 4.73505
1.44681 0.298742 9.01191
1.44451 0.0198721 6.51004
1.54392 0.0123621 6.16769
1.6058 0.0741921 7.40473
1.63573 0.0435721 6.64655
1.62478 0.275652 10.1846
1.61538 0.169352 10.6279
1.43777 0.0483721 8.39158
1.6408 0.130762 5.92509
1.41679 0.301022 9.14497
1.61216 0.258722 11.9504
1.68902 0.127652 9.6978
1.54833 0.137672 6.98397
1.65767 0.217382 12.7744
1.67441 0.125562 9.42632
1.70938 0.113072 7.91843
1.62997 0.150982 9.52918
1.46772 0.116162 10.1498
1.59074 0.0160621 7.55029
1.70598 0.283782 8.95233
1.63635 0.186392 4.57745
1.71745 0.0538121 10.4128
1.61242 0.135492 7.50102
1.4434 0.0254921 10.1143
1.41486 0.211012 12.5537
1.67729 0.189242 9.03485
1.57177 0.239492 9.22838
1.60978 0.201972 6.2887
1.60709 0.161202 10.3397
1.64805 0.214112 9.15752
1.59558 0.302312 8.99324
1.44296 0.0550521 10.3412
1.57383 0.110122 11.6866
1.43379 0.243852 6.83018
1.47611 0.153332 7.16749
1.71353 0.166822 8.68781
1.67581 0.228012 8.16371
1.57903 0.258692 8.43044
1.58327 0.155102 9.07249
1.54476 0.0534021 8.42762
1.5714 0.199392 9.93495
1.59535 0.271632 8.03211
1.48685 0.0892121 6.43828
1.67025 0.294712 6.16866
1.49416 0.0457621 5.13396
