1.63752 0.244492 10.1494
1.71701 0.213912 5.25027
1.50821 0.180842 8.05486
1.48719 0.185162 12.9946
1.57879 0.196632 8.86592
1.60066 0.0960021 7.47419
1.59186 0.141402 11.8625
1.55635 0.0262221 7.68539
1.43741 0.216612 8.34999
1.44064 0.202092 7.18179
1.47078 0.0901821 9.42662
1.56239 0.276762 10.1832
1.54477 0.0185921 8.58276
1.58379 0.243702 7.96303
1.4805 0.305012 8.37316
1.42483 0.224902 3.44991
1.62553 0.105022 7.31622
1.48706 0.106952 9.26445
1.64209 0.0320521 8.50235
1.61246 0.0295721 8.22871
1.45792 0.123992 5.56933
1.6512 0.0916621 4.35333
1.41956 0.264842 9.52559
1.61023 0.288292 7.68192
1.61178 0.214462 9.98557
1.58062 0.142782 9.91415
1.67819 0.151082 8.99765
1.59917 0.287532 10.1051
1.59638 0.217462 11.5685
1.5877 0.0584821 8.58008
1.45873 0.0295521 8.33872
1.4913 0.279602 8.82533
1.54029 0.178302 7.08542
1.52583 0.0604421 10.6433
1.46552 0.160792 8.57992
1.4656 0.0890821 11.2182
1.71871 0.274662 7.06029
1.61458 0.290312 9.31114
1.47858 0.0360321 8.87567
1.65122 0.104552 7.68837
1.52492 0.145732 7.65382
1.57267 0.259892 5.90922
1.4153 0.0273621 12.61
1.50503 0.223162 5.52954
