1.72111 0.160313 10.769
1.60009 0.156723 6.35558
1.67485 0.246633 12.4847
1.60989 0.142623 9.08387
1.71371 0.0371428 7.41871
1.72342 0.258443 7.52218
1.60006 0.00858282 10.0863
1.66908 0.119343 5.50001
1.71651 0.244343 8.41301
1.66494 0.184683 7.07294
1.56371 0.0594928 7.18692
1.70696 0.167933 9.56019
1.71255 0.149003 9.36655
1.61255 0.0348928 6.57828
1.67776 0.278813 12.3368
1.69846 0.0772328 8.0656
1.61657 0.189223 10.1404
1.56905 0.143393 5.80099
1.56527 0.0382328 12.0625
1.55792 0.144093 9.88572
1.55283 0.241963 10.087
1.64042 0.263863 4.73315
1.67645 0.111423 7.21255
1.61136 0.126043 10.4478
1.65128 0.0889028 13.8328
1.66698 0.0858128 7.52441
1.63603 0.0983228 8.90965
1.65051 0.140163 9.41877
1.60281 0.230903 5.20822
1.70414 0.280543 9.33733
