1.61148 0.0710923 10.1853
1.48619 0.213742 7.48317
1.55349 0.129392 9.83595
1.42768 0.297532 4.83342
1.44313 0.215642 6.19134
1.68544 0.199082 6.00485
1.47521 0.312282 9.37649
1.67938 0.115242 8.80242
1.68553 0.0716123 9.6439
1.46697 0.205862 4.73505
1.47396 0.0677323 6.51004
1.57337 0.0602223 6.16769
1.63525 0.122052 7.40473
1.66518 0.0914323 6.64655
1.64483 0.217212 10.6279
1.46722 0.0962323 8.39158
1.67025 0.178622 5.92509
1.43881 0.102312 7.71318
1.64161 0.306582 11.9504
1.71847 0.175512 9.6978
1.57778 0.185532 6.98397
1.62639 0.0166723 9.36544
1.68712 0.265242 12.7744
1.70386 0.173422 9.42632
1.65942 0.198842 9.52918
1.43294 0.136312 10.5628
1.57125 0.0192123 9.60221
1.49717 0.164022 10.1498
1.62019 0.0639223 7.55029
1.6658 0.234252 4.57745
1.64918 0.0103023 10.1096
1.64187 0.183352 7.50102
1.47285 0.0733523 10.1143
1.44431 0.258872 12.5537
1.70674 0.237102 9.03485
1.60122 0.287352 9.22838
1.63923 0.249832 6.2887
1.63654 0.209062 10.3397
1.6775 0.261972 9.15752
1.47241 0.102912 10.3412
1.60328 0.157982 11.6866
1.46324 0.291712 6.83018
1.50556 0.201192 7.16749
1.70526 0.275872 8.16371
1.60848 0.306552 8.43044
1.61272 0.202962 9.07249
1.57421 0.101262 8.42762
1.60085 0.247252 9.93495
1.46974 0.0446423 11.9621
1.5163 0.137072 6.43828
1.52361 0.0936223 5.13396
