1.5806 0.0697225 10.7507
1.57292 0.143413 9.70355
1.47896 0.0755325 9.21391
1.71611 0.298283 11.5523
1.59549 0.125523 4.49879
1.49782 0.0555525 9.80259
1.62202 0.274773 4.90543
1.72473 0.301433 6.02329
1.7147 0.0615125 7.8833
1.57771 0.0825425 7.84762
1.59864 0.301263 8.84598
1.68958 0.278683 8.97658
1.65163 0.225723 9.21965
1.43646 0.280043 8.51821
1.7068 0.217183 10.3889
1.62502 0.310513 6.90622
1.67376 0.138943 8.10052
1.61674 0.217173 8.75283
1.52941 0.226223 10.158
1.456 0.00722253 9.57321
1.52556 0.0675725 9.39325
1.43041 0.113353 7.46348
1.46617 0.139983 6.21301
1.53226 0.130303 9.48503
1.52801 0.115083 9.27945
1.7204 0.262633 10.331
1.70738 0.309683 8.71038
1.58182 0.149203 8.29129
1.68555 0.205413 6.61368
1.68829 0.0302325 9.5182
1.682 0.297053 8.89808
1.60958 0.221073 5.98188
1.511 0.300733 8.55271
1.58508 0.262743 9.89814
1.68196 0.0488025 6.68258
1.4409 0.245743 10.6139
1.45641 0.198683 9.8477
1.51597 0.168633 8.25778
1.6505 0.248323 7.46354
1.53315 0.182973 12.9376
1.54347 0.0677225 9.466
1.58086 0.0462825 7.33525
1.5341 0.00356253 11.7481
1.69459 0.0296925 8.03522
1.53949 0.170883 7.04974
1.6042 0.274493 9.93891
