1.6802 0.105454 10.1853
1.55491 0.248104 7.48317
1.42674 0.240114 7.56495
1.62221 0.163754 9.83595
1.51185 0.250004 6.19134
1.43446 0.245324 6.40262
1.48029 0.226614 7.01074
1.53569 0.240224 4.73505
1.62713 0.0106935 7.43832
1.44094 0.265934 5.86146
1.54268 0.102094 6.51004
1.64209 0.0945835 6.16769
1.70397 0.156414 7.40473
1.41637 0.177284 8.72814
1.71355 0.251574 10.6279
1.53594 0.130594 8.39158
1.43289 0.0993435 8.85039
1.43216 0.198574 7.24413
1.50753 0.136674 7.71318
1.6465 0.219894 6.98397
1.43951 0.173544 10.6118
1.69511 0.0510335 9.36544
1.51449 0.0275035 5.89698
1.50166 0.170674 10.5628
1.63997 0.0535735 9.60221
1.43314 0.227554 6.53623
1.56589 0.198384 10.1498
1.68891 0.0982835 7.55029
1.7179 0.0446635 10.1096
1.71059 0.217714 7.50102
1.54157 0.107714 10.1143
1.51303 0.293234 12.5537
1.70795 0.284194 6.2887
1.70526 0.243424 10.3397
1.54113 0.137274 10.3412
1.4605 0.0318135 13.4192
1.43423 0.00124351 5.29349
1.61454 0.0338335 9.6493
1.47182 0.00709351 9.37185
1.672 0.192344 11.6866
1.47063 0.0694735 9.58671
1.57428 0.235554 7.16749
1.46168 0.135784 8.75734
1.47416 0.280654 8.34197
1.68144 0.237324 9.07249
1.64293 0.135624 8.42762
1.66957 0.281614 9.93495
1.53846 0.0790035 11.9621
1.58502 0.171434 6.43828
1.59233 0.127984 5.13396
