1.50696 0.106538 10.7507
1.49928 0.180228 9.70355
1.52186 0.162338 4.49879
1.6184 0.0121181 4.12123
1.42419 0.0923681 9.80259
1.54838 0.311588 4.90543
1.71532 0.0860781 5.21027
1.64107 0.0983281 7.8833
1.46306 0.0253481 12.1024
1.70865 0.252908 7.81723
1.50408 0.119358 7.84762
1.578 0.262538 9.21965
1.63317 0.253998 10.3889
1.60013 0.175758 8.10052
1.68068 0.0969981 6.13027
1.54311 0.253988 8.75283
1.69365 0.0264881 6.36379
1.45578 0.263038 10.158
1.45193 0.104388 9.39325
1.59027 0.000438069 7.65143
1.45863 0.167118 9.48503
1.45576 0.0229881 10.9435
1.45438 0.151898 9.27945
1.64677 0.299448 10.331
1.50819 0.186018 8.29129
1.61192 0.242228 6.61368
1.66932 0.287748 7.00005
1.61466 0.0670481 9.5182
1.69338 0.0938681 6.32903
1.53595 0.257888 5.98188
1.45117 0.0148581 7.39632
1.51145 0.299558 9.89814
1.60833 0.0856181 6.68258
1.68857 0.148508 8.01433
1.66138 0.0497781 7.22465
1.70592 0.221158 9.28761
1.67285 0.222868 3.15309
1.44234 0.205448 8.25778
1.57687 0.285138 7.46354
1.55383 0.0342481 5.51908
1.52085 0.00330807 6.03551
1.45952 0.219788 12.9376
1.46984 0.104538 9.466
1.50723 0.0830981 7.33525
1.46046 0.0403781 11.7481
1.62096 0.0665081 8.03522
1.46585 0.207698 7.04974
1.53056 0.311308 9.93891
