1.57094 0.313519 6.19461
1.65774 0.0190993 9.42983
1.48821 0.105289 10.1985
1.63965 0.250559 7.54688
1.69001 0.233369 8.81649
1.66946 0.0679293 7.37324
1.70221 0.117239 14.0718
1.61657 0.172189 8.13816
1.50737 0.194309 9.79795
1.44663 0.0908393 6.81326
1.45738 0.241379 7.94804
1.70125 0.132779 8.9649
1.50934 0.268149 9.26338
1.59068 0.149869 8.37107
1.58038 0.185419 8.42869
1.60484 0.0303893 6.94769
1.50811 0.0214193 10.5855
1.57528 0.00256927 9.40788
1.61611 0.278989 8.42056
1.49055 0.138799 9.9086
1.58078 0.271149 10.5699
1.4408 0.232919 10.2304
1.48821 0.0355893 8.92796
1.54834 0.207019 5.35347
1.58014 0.131989 7.07325
1.60623 0.235279 8.88135
1.63942 0.290139 7.49122
1.63849 0.123349 7.57258
1.5905 0.114489 7.9849
1.51121 0.234919 9.19404
1.46491 0.270349 9.34095
1.44291 0.150389 7.2218
1.54596 0.292969 6.53437
1.56469 0.0580693 12.3679
1.70849 0.186899 7.53375
1.51834 0.193769 9.51503
1.47706 0.0134493 6.92325
1.70283 0.146119 9.82356
1.44913 0.0860193 6.26427
