1.70389 0.0874609 6.35737
1.6784 0.172701 5.94039
1.43613 0.0996209 5.2493
1.64913 0.0633709 9.89792
1.50684 0.238081 10.0795
1.51203 0.196131 12.458
1.708 0.224641 11.3613
1.5607 0.0930209 8.1405
1.72618 0.0169609 6.94054
1.7156 0.181831 7.58633
1.49396 0.137661 8.09945
1.48832 0.0492209 12.7998
1.505 0.161981 9.85298
1.64002 0.0234209 5.04181
1.47453 0.134321 9.76161
1.51722 0.0296209 8.80065
1.66007 0.156601 9.52581
1.5128 0.304951 7.60748
1.50956 0.278971 7.75364
1.66604 0.232561 11.7225
1.72214 0.103641 9.65317
1.65053 0.307261 8.30835
1.64394 0.117811 9.06267
1.4647 0.0691909 10.6129
1.72253 0.0827809 7.04585
1.62865 0.0803509 8.60217
1.57162 0.127861 11.2664
1.69587 0.120021 12.1529
1.64296 0.0659809 10.0811
1.57308 0.125631 11.3707
1.50135 0.204901 6.80955
1.4157 0.00838093 8.85913
1.46793 0.00429093 7.63856
1.54493 0.0820609 6.29525
1.63501 0.252051 7.93248
1.68566 0.0617509 9.79269
1.59549 0.224571 7.5046
1.69528 0.311531 6.53551
1.59355 0.272081 9.41331
1.63577 0.138481 6.42572
1.63981 0.155731 9.07474
1.69671 0.0753809 9.39255
1.5393 0.210951 12.6634
1.45241 0.0215209 6.82729
1.6512 0.306251 7.5089
1.57022 0.263371 5.94865
1.42528 0.0880009 7.95658
1.70347 0.111941 9.50448
1.47711 0.110861 8.17665
1.42849 0.106151 7.72861
1.51752 0.0139709 5.86578
1.63661 0.213971 9.3563
1.61428 0.268081 10.783
1.44563 0.0185809 8.85094
1.47411 0.258121 6.34104
