1.49815 0.256917 6.08845
1.50984 0.00038711 7.16428
1.68254 0.311917 7.48317
1.69042 0.0572271 8.05751
1.55437 0.303927 7.56495
1.69347 0.0301371 6.04407
1.46099 0.0982671 9.49836
1.63948 0.313817 6.19134
1.56209 0.309137 6.40262
1.50806 0.227747 10.6224
1.58767 0.0201471 6.69315
1.60792 0.290427 7.01074
1.66332 0.304037 4.73505
1.67031 0.165907 6.51004
1.544 0.241097 8.72814
1.47227 0.0889971 7.35576
1.66357 0.194407 8.39158
1.56052 0.163157 8.85039
1.57924 0.0605871 6.47321
1.55979 0.262387 7.24413
1.71252 0.0183271 8.68026
1.63516 0.200487 7.71318
1.49626 0.158717 6.34262
1.56714 0.237357 10.6118
1.64212 0.0913171 5.89698
1.62929 0.234487 10.5628
1.56077 0.291367 6.53623
1.69352 0.262197 10.1498
1.42407 0.287497 6.42993
1.4982 0.143757 10.2936
1.67137 0.0167571 10.0651
1.43119 0.118067 4.94607
1.53472 0.151397 3.34318
1.6692 0.171527 10.1143
1.49116 0.115387 7.59352
1.65659 0.0362171 8.46808
1.47824 0.145577 7.65242
1.66876 0.201087 10.3412
1.58813 0.0956271 13.4192
1.56186 0.0650571 5.29349
1.59945 0.0709071 9.37185
1.46027 0.0589171 6.87043
1.59826 0.133287 9.58671
1.70191 0.299367 7.16749
1.58931 0.199597 8.75734
1.66609 0.142817 11.9621
1.44091 0.188647 8.85798
1.71265 0.235247 6.43828
1.71996 0.191797 5.13396
