1.49121 0.213912 5.25027
1.65752 0.00285214 8.6107
1.68893 0.0421221 7.29018
1.61767 0.257542 5.85759
1.5932 0.189762 7.17606
1.63733 0.00480214 7.2562
1.64578 0.0986121 7.14469
1.70392 0.219902 9.109
1.68 0.188902 6.96768
1.41629 0.0320521 8.50235
1.60443 0.299712 9.59314
1.564 0.266672 9.18508
1.4254 0.0916621 4.35333
1.51261 0.273542 9.04583
1.58181 0.0445621 8.44953
1.55559 0.293662 4.94342
1.45239 0.151082 8.99765
1.51615 0.155312 7.66807
1.55053 0.193332 11.9139
1.71929 0.00304214 7.62395
1.63511 0.0139421 5.91364
1.55119 0.0978521 7.61263
1.70873 0.252882 8.19783
1.70226 0.0238921 4.54847
1.62074 0.287392 7.86821
1.67763 0.211032 7.07662
1.50789 0.0120821 11.683
1.49291 0.274662 7.06029
1.53508 0.140892 10.8821
1.52883 0.300692 5.51205
1.55639 0.0119121 9.63411
1.42541 0.104552 7.68837
1.68991 0.128922 9.28751
1.57772 0.0955121 9.44892
1.67501 0.117052 9.48576
1.63995 0.212492 8.43702
