1.57094 0.104898 6.19461
1.49313 0.200108 9.37164
1.71404 0.265098 9.70339
1.69814 0.108738 9.54773
1.63709 0.240828 9.44493
1.68153 0.142158 9.10726
1.43573 0.303878 5.41518
1.63965 0.0419379 7.54688
1.69001 0.0247479 8.81649
1.70721 0.267358 7.33901
1.6093 0.206828 7.76683
1.60936 0.307948 9.65105
1.6636 0.223628 7.36461
1.54492 0.253978 11.2008
1.49735 0.228448 10.3085
1.45738 0.0327579 7.94804
1.50934 0.0595279 9.26338
1.72 0.213238 6.78061
1.72652 0.262508 9.18662
1.57886 0.234758 10.926
1.65069 0.206908 6.57205
1.65499 0.288578 8.01684
1.61611 0.0703679 8.42056
1.58078 0.0625279 10.5699
1.4408 0.0242979 10.2304
1.66064 0.285768 11.0462
1.60623 0.0266579 8.88135
1.63942 0.0815179 7.49122
1.51121 0.0262979 9.19404
1.46491 0.0617279 9.34095
1.46823 0.256728 9.37908
1.54596 0.0843479 6.53437
1.62247 0.282398 9.28645
1.61131 0.229348 12.0975
1.47107 0.260158 9.39051
1.44929 0.251258 3.84092
1.5433 0.156408 8.74354
