1.57094 0.19571 6.19461
1.49313 0.29092 9.37164
1.69814 0.19955 9.54773
1.68153 0.23297 9.10726
1.63965 0.13275 7.54688
1.69001 0.11556 8.81649
1.6093 0.29764 7.76683
1.61657 0.0543795 8.13816
1.50737 0.0764995 9.79795
1.45738 0.12357 7.94804
1.70125 0.0149695 8.9649
1.50934 0.15034 9.26338
1.72 0.30405 6.78061
1.59068 0.0320595 8.37107
1.58038 0.0676095 8.42869
1.65069 0.29772 6.57205
1.61611 0.16118 8.42056
1.49055 0.0209895 9.9086
1.58078 0.15334 10.5699
1.4408 0.11511 10.2304
1.54834 0.0892095 5.35347
1.58014 0.0141795 7.07325
1.60623 0.11747 8.88135
1.63942 0.17233 7.49122
1.63849 0.00553955 7.57258
1.51121 0.11711 9.19404
1.46491 0.15254 9.34095
1.44291 0.0325795 7.2218
1.54596 0.17516 6.53437
1.70849 0.0690895 7.53375
1.51834 0.0759595 9.51503
1.5433 0.24722 8.74354
1.70283 0.0283095 9.82356
