1.68223 0.110882 6.08845
1.50268 0.299982 7.34627
1.50858 0.297522 7.9443
1.47832 0.211852 9.96675
1.66198 0.312302 8.89745
1.69214 0.0817121 10.6224
1.45143 0.269632 6.8438
1.49951 0.299412 10.4809
1.67208 0.272672 6.12329
1.55797 0.135512 10.6318
1.54753 0.128942 6.0343
1.49282 0.113502 8.08206
1.42081 0.00783214 11.6119
1.68034 0.0126821 6.34262
1.45898 0.0364921 8.01005
1.47606 0.0168321 7.89155
1.60815 0.141462 6.42993
1.68862 0.289572 7.05007
1.46274 0.0182821 11.4016
1.7188 0.00536214 3.34318
1.49438 0.124662 6.9326
1.50911 0.288482 8.9252
1.53917 0.242642 8.02927
1.64716 0.236032 5.35547
1.59325 0.272412 8.96659
1.59218 0.106052 7.64219
1.44142 0.267272 9.6112
1.46115 0.240332 6.09565
1.7021 0.216042 2.59703
1.49745 0.104842 8.72271
1.53951 0.0825321 6.53478
1.46701 0.170212 7.62991
1.53291 0.118682 6.89079
1.62499 0.0426121 8.85798
