1.71089 0.211515 6.53953
1.54495 0.194925 10.1919
1.49443 0.196525 5.21027
1.63366 0.307805 8.77379
1.42018 0.208775 7.8833
1.54016 0.251315 8.02336
1.42967 0.0263947 8.89304
1.61655 0.248135 6.60112
1.5492 0.211005 10.0676
1.63369 0.203945 8.81692
1.5104 0.0672947 11.8414
1.45978 0.207445 6.13027
1.53466 0.172715 7.31655
1.54336 0.290005 13.0983
1.47276 0.136935 6.36379
1.63932 0.254395 10.097
1.51364 0.229375 7.17227
1.67535 0.000474686 11.0715
1.53549 0.168885 7.71969
1.68487 0.247345 8.87112
1.53824 0.150205 9.53535
1.43446 0.0214047 7.73634
1.62891 0.0485347 3.82463
1.47248 0.204315 6.32903
1.53996 0.0240547 6.39183
1.46767 0.258955 8.01433
1.41773 0.0528547 7.00851
1.64995 0.235455 9.47317
1.44049 0.160225 7.22465
1.61668 0.232795 6.9164
1.59515 0.208675 6.5519
1.48429 0.0685647 11.5361
1.56999 0.0780247 12.6999
1.64867 0.182205 9.81325
1.59224 0.120635 7.67328
1.70475 0.178805 11.414
1.55582 0.201755 11.0413
1.4846 0.0518147 6.95572
1.62244 0.0813747 11.6204
1.64394 0.134075 9.27702
1.72298 0.298515 7.4222
1.72567 0.0227247 9.51136
1.52925 0.207915 10.3814
1.50907 0.229235 5.54356
1.51335 0.289515 6.85474
1.44682 0.0801047 7.5048
1.70974 0.0780047 9.62859
