1.57239 0.024899 7.31245
1.4796 0.073299 5.94039
1.56586 0.118579 10.4156
1.48972 0.271349 5.37733
1.55704 0.198369 9.98965
1.5092 0.125239 11.3613
1.66544 0.027109 9.95805
1.5168 0.082429 7.58633
1.57021 0.065739 7.48718
1.59088 0.135839 6.10942
1.47274 0.261039 8.4583
1.72527 0.054339 9.17
1.70336 0.00476897 11.8747
1.49644 0.226119 12.3485
1.453 0.241929 8.08011
1.60772 0.091569 7.55338
1.46126 0.057199 9.52581
1.68168 0.240779 4.68986
1.66935 0.077059 8.10023
1.64397 0.160919 11.8419
1.46724 0.133159 11.7225
1.64648 0.067819 9.74676
1.56365 0.026779 11.0487
1.52334 0.00423897 9.65317
1.45173 0.207859 8.30835
1.44514 0.018409 9.06267
1.51408 0.292539 11.6119
1.49706 0.020619 12.1529
1.53652 0.206909 9.2944
1.56347 0.112179 9.7806
1.56932 0.301539 7.89155
1.67462 0.238569 8.24007
1.556 0.302989 11.4016
1.4362 0.152649 7.93248
1.70853 0.256739 4.94607
1.49647 0.212129 6.53551
1.43697 0.039079 6.42572
1.44101 0.056329 9.07474
1.57097 0.121789 7.51821
1.45239 0.206849 7.5089
1.60254 0.281679 10.8188
1.52972 0.152299 8.53727
1.50466 0.012539 9.50448
1.43781 0.114569 9.3563
1.68397 0.186449 7.43245
1.65089 0.209419 11.0375
1.41548 0.168679 10.783
1.65463 0.113939 7.00371
1.59149 0.253889 7.26155
