1.58456 0.193283 10.0326
1.54685 0.0731827 10.769
1.63879 0.242663 8.57833
1.683 0.239463 8.04085
1.42583 0.0695927 6.35558
1.57434 0.301763 12.4246
1.50059 0.159503 12.4847
1.43563 0.0554927 9.08387
1.60213 0.281183 9.47512
1.54916 0.171313 7.52218
1.48174 0.284513 3.57622
1.49482 0.0322127 5.50001
1.54225 0.157213 8.41301
1.60213 0.184353 7.94907
1.49068 0.0975527 7.07294
1.64845 0.130703 9.69777
1.5327 0.0808027 9.56019
1.53829 0.0618727 9.36655
1.5035 0.191683 12.3368
1.56578 0.0225627 11.5721
1.44231 0.102093 10.1404
1.52356 0.257783 8.19064
1.58828 0.0356527 8.96678
1.60057 0.227563 10.9849
1.70563 0.167283 9.11596
1.52423 0.312423 10.2854
1.689 0.270203 8.8865
1.59208 0.0176227 11.7209
1.43882 0.263613 8.7648
1.65155 0.142653 8.8961
1.46616 0.176733 4.73315
1.50219 0.0242927 7.21255
1.4371 0.0389127 10.4478
1.61437 0.00784272 8.18619
1.47702 0.00177272 13.8328
1.56057 0.308723 8.98904
1.50426 0.260243 5.42487
1.66212 0.0868627 5.10995
1.46177 0.0111927 8.90965
1.71779 0.303493 5.61222
1.47625 0.0530327 9.41877
1.42855 0.143773 5.20822
1.52988 0.193413 9.33733
1.69882 0.183153 9.34989
