1.61625 0.146663 11.2358
1.49494 0.117619 5.49643
1.6456 0.291159 6.82155
1.45007 0.108201 8.70002
1.42463 0.138416 11.5783
1.48246 0.0288183 10.1957
1.45852 0.309278 9.14711
1.44792 0.262234 6.65722
1.50655 0.271839 11.3427
1.66063 0.281699 7.19434
1.64348 0.186676 8.03949
1.58136 0.112113 8.61454
1.44641 0.0531683 8.2235
1.70908 0.0140583 9.48351
1.58665 0.154407 9.15397
1.53114 0.269629 11.752
1.52921 0.0982904 7.47052
1.66922 0.192972 7.31087
1.46039 0.0969504 5.86824
1.611 0.182437 9.11878
1.41507 0.101678 9.94106
1.69906 0.298869 8.4487
1.44799 0.217882 9.83102
1.7228 0.0114483 5.64483
1.59516 0.246255 7.97113
1.47781 0.207749 8.75275
1.55168 0.256124 6.60827
1.5799 0.216618 9.00137
1.47227 0.00274829 8.86507
1.59063 0.083999 8.29084
1.65906 0.0487983 9.66419
1.62826 0.083968 6.58664
1.58023 0.272438 6.05235
1.42311 0.187423 8.00612
1.70245 0.209554 6.308
1.5314 0.0133783 5.05418
1.52161 0.0279383 11.0336
1.51991 0.0671349 10.8973
1.53501 0.304332 6.05723
1.67213 0.0968714 5.63548
