1.57094 0.185892 6.19461
1.49313 0.281102 9.37164
1.69814 0.189732 9.54773
1.68153 0.223152 9.10726
1.63965 0.122932 7.54688
1.69001 0.105742 8.81649
1.6093 0.287822 7.76683
1.6636 0.304622 7.36461
1.61657 0.0445621 8.13816
1.50737 0.0666821 9.79795
1.49735 0.309442 10.3085
1.45738 0.113752 7.94804
1.70125 0.00515207 8.9649
1.50934 0.140522 9.26338
1.72 0.294232 6.78061
1.59068 0.0222421 8.37107
1.58038 0.0577921 8.42869
1.65069 0.287902 6.57205
1.61611 0.151362 8.42056
1.49055 0.0111721 9.9086
1.58078 0.143522 10.5699
1.4408 0.105292 10.2304
1.54834 0.0793921 5.35347
1.58014 0.00436207 7.07325
1.60623 0.107652 8.88135
1.63942 0.162512 7.49122
1.51121 0.107292 9.19404
1.46491 0.142722 9.34095
1.44291 0.0227621 7.2218
1.54596 0.165342 6.53437
1.61131 0.310342 12.0975
1.70849 0.0592721 7.53375
1.51834 0.0661421 9.51503
1.5433 0.237402 8.74354
1.70283 0.0184921 9.82356
