1.44292 0.281998 6.86862
1.45611 0.248588 8.13111
1.50711 0.280838 10.9825
1.4911 0.115568 7.48317
1.69653 0.231098 8.69853
1.5584 0.0312176 9.83595
1.43259 0.199358 4.83342
1.44804 0.117468 6.19134
1.41648 0.0940776 7.01074
1.69035 0.100908 6.00485
1.48012 0.214108 9.37649
1.68429 0.0170676 8.80242
1.47188 0.107688 4.73505
1.48117 0.248428 9.01191
1.64016 0.0238776 7.40473
1.65914 0.225338 10.1846
1.51333 0.311758 6.3685
1.64974 0.119038 10.6279
1.67516 0.0804476 5.92509
1.45115 0.250708 9.14497
1.44372 0.00413757 7.71318
1.64652 0.208408 11.9504
1.72338 0.0773376 9.6978
1.58269 0.0873576 6.98397
1.69203 0.167068 12.7744
1.70877 0.0752476 9.42632
1.66433 0.100668 9.52918
1.43785 0.0381376 10.5628
1.50208 0.0658476 10.1498
1.67071 0.136078 4.57745
1.4197 0.241848 6.67757
1.64678 0.0851776 7.50102
1.51497 0.298318 9.99024
1.44922 0.160698 12.5537
1.71165 0.138928 9.03485
1.60613 0.189178 9.22838
1.64414 0.151658 6.2887
1.64145 0.110888 10.3397
1.42858 0.300408 6.37333
1.68241 0.163798 9.15752
1.62994 0.251998 8.99324
1.47732 0.00473757 10.3412
1.42575 0.311838 7.59023
1.60819 0.0598076 11.6866
1.46815 0.193538 6.83018
1.51047 0.103018 7.16749
1.71017 0.177698 8.16371
1.42481 0.267338 10.9833
1.61339 0.208378 8.43044
1.61763 0.104788 9.07249
1.57912 0.00308757 8.42762
1.60576 0.149078 9.93495
1.62971 0.221318 8.03211
1.52121 0.0388976 6.43828
1.70461 0.244398 6.16866
