1.64365 0.144176 7.18776
1.71404 0.0086163 9.70339
1.48985 0.149006 6.57907
1.52344 0.225196 5.39164
1.43573 0.0473963 5.41518
1.65218 0.143256 9.33824
1.70721 0.0108763 7.33901
1.60936 0.0514663 9.65105
1.69398 0.220206 8.04004
1.46964 0.154746 10.8164
1.59249 0.0737363 7.87974
1.46012 0.205566 10.0605
1.48132 0.101286 9.38908
1.58353 0.178286 8.8288
1.59931 0.0673863 7.88671
1.59249 0.221536 9.83798
1.4541 0.226896 11.9089
1.60666 0.174646 4.65153
1.56008 0.192126 10.6401
1.4268 0.163726 7.48278
1.59827 0.0674163 8.5693
1.60213 0.0742163 5.27358
1.63531 0.189116 11.3125
1.72652 0.0060263 9.18662
1.47317 0.137396 9.88451
1.65499 0.0320963 8.01684
1.52067 0.246716 9.50062
1.71585 0.159356 10.1045
1.67896 0.296466 5.5814
1.70958 0.175386 10.4344
1.4544 0.101086 10.8479
1.66064 0.0292863 11.0462
1.59362 0.228646 1.79944
1.66493 0.0830463 4.13992
1.67068 0.106356 7.31184
1.49846 0.108856 9.96904
1.64491 0.209236 6.68269
1.45691 0.0815663 6.67278
1.46863 0.231906 7.73531
1.4166 0.219576 10.2291
1.46823 0.000246297 9.37908
1.56995 0.0721663 10.9693
1.59941 0.268356 5.76839
1.49261 0.286776 3.32247
1.64802 0.252256 10.4545
1.56737 0.236986 9.17467
1.61347 0.117476 12.2061
1.62247 0.0259163 9.28645
1.47107 0.0036763 9.39051
1.47571 0.250676 7.30187
1.62887 0.0794163 10.4939
