1.72279 0.0817186 8.13136
1.5959 0.0519286 8.69853
1.65774 0.167589 9.42983
1.48821 0.253779 10.1985
1.66744 0.110519 7.42089
1.66694 0.0564486 7.92899
1.66946 0.216419 7.37324
1.70221 0.265729 14.0718
1.55851 0.0461686 10.1846
1.67093 0.0323386 11.9338
1.54589 0.0292386 11.9504
1.44663 0.239329 6.81326
1.70125 0.281269 8.9649
1.59068 0.298359 8.37107
1.60484 0.178879 6.94769
1.71962 0.104889 9.14889
1.50811 0.169909 10.5855
1.63971 0.0542986 8.95233
1.57528 0.151059 9.40788
1.49388 0.142919 7.6935
1.49055 0.287289 9.9086
1.41434 0.119149 9.99024
1.48821 0.184079 8.92796
1.58014 0.280479 7.07325
1.5055 0.0100086 9.22838
1.63849 0.271839 7.57258
1.72081 0.0720586 7.56544
1.52931 0.0728286 8.99324
1.5905 0.262979 7.9849
1.69407 0.0606786 9.73365
1.6687 0.110819 8.25033
1.44291 0.298879 7.2218
1.68159 0.0432386 5.02904
1.56469 0.206559 12.3679
1.70374 0.121119 9.7349
1.47706 0.161939 6.92325
1.51276 0.0292086 8.43044
1.52908 0.0421486 8.03211
1.70283 0.294609 9.82356
1.44913 0.234509 6.26427
1.60398 0.0652286 6.16866
