1.71464 0.258324 10.0326
1.67693 0.138224 10.769
1.55591 0.134634 6.35558
1.63067 0.224544 12.4847
1.56571 0.120534 9.08387
1.68811 0.0396735 8.93041
1.66953 0.0150535 7.41871
1.67924 0.236354 7.52218
1.6249 0.0972535 5.50001
1.67233 0.222254 8.41301
1.62077 0.162594 7.07294
1.51953 0.0374035 7.18692
1.66278 0.145844 9.56019
1.66837 0.126914 9.36655
1.56837 0.0128035 6.57828
1.63358 0.256724 12.3368
1.69586 0.0876035 11.5721
1.65428 0.0551435 8.0656
1.57239 0.167134 10.1404
1.71836 0.100694 8.96678
1.52487 0.121304 5.80099
1.72216 0.0826635 11.7209
1.5211 0.0161435 12.0625
1.51374 0.122004 9.88572
1.50866 0.219874 10.087
1.59624 0.241774 4.73315
1.63227 0.0893335 7.21255
1.56719 0.103954 10.4478
1.6071 0.0668135 13.8328
1.6228 0.0637235 7.52441
1.59186 0.0762335 8.90965
1.60633 0.118074 9.41877
1.55863 0.208814 5.20822
1.65996 0.258454 9.33733
