1.72279 0.0424487 8.13136
1.5959 0.0126587 8.69853
1.65774 0.128319 9.42983
1.48821 0.214509 10.1985
1.66744 0.0712487 7.42089
1.66694 0.0171787 7.92899
1.66946 0.177149 7.37324
1.70221 0.226459 14.0718
1.61657 0.281409 8.13816
1.55851 0.0068987 10.1846
1.50737 0.303529 9.79795
1.44663 0.200059 6.81326
1.70125 0.241999 8.9649
1.59068 0.259089 8.37107
1.58038 0.294639 8.42869
1.60484 0.139609 6.94769
1.71962 0.0656187 9.14889
1.50811 0.130639 10.5855
1.63971 0.0150287 8.95233
1.57528 0.111789 9.40788
1.49388 0.103649 7.6935
1.49055 0.248019 9.9086
1.41434 0.0798787 9.99024
1.48821 0.144809 8.92796
1.58014 0.241209 7.07325
1.63849 0.232569 7.57258
1.72081 0.0327887 7.56544
1.52931 0.0335587 8.99324
1.5905 0.223709 7.9849
1.69407 0.0214087 9.73365
1.6687 0.0715487 8.25033
1.44291 0.259609 7.2218
1.68159 0.0039687 5.02904
1.56469 0.167289 12.3679
1.70374 0.0818487 9.7349
1.70849 0.296119 7.53375
1.51834 0.302989 9.51503
1.47706 0.122669 6.92325
1.52908 0.0028787 8.03211
1.70283 0.255339 9.82356
1.44913 0.195239 6.26427
1.60398 0.0259587 6.16866
