1.4518 0.0887221 8.37516
1.67694 0.299982 7.34627
1.68284 0.297522 7.9443
1.53647 0.227362 10.1369
1.65258 0.211852 9.96675
1.49405 0.140662 9.80098
1.50965 0.105132 7.66217
1.52934 0.261292 8.01622
1.50138 0.0933821 7.39753
1.46304 0.150472 7.1591
1.55363 0.233182 8.31697
1.46417 0.0795121 8.10658
1.57281 0.200462 9.96321
1.62569 0.269632 6.8438
1.67377 0.299412 10.4809
1.72179 0.128942 6.0343
1.56155 0.123342 10.4059
1.66708 0.113502 8.08206
1.41391 0.290302 8.92775
1.42507 0.123192 8.77708
1.59507 0.00783214 11.6119
1.56324 0.109542 10.3578
1.52356 0.313942 7.72788
1.63324 0.0364921 8.01005
1.54691 0.114292 8.65119
1.65032 0.0168321 7.89155
1.43281 0.00495214 8.37628
1.637 0.0182821 11.4016
1.66864 0.124662 6.9326
1.68337 0.288482 8.9252
1.71343 0.242642 8.02927
1.56713 0.0435221 6.79222
1.55256 0.298522 9.21138
1.49262 0.225812 10.292
1.45047 0.170932 10.8239
1.47151 0.300332 6.02306
1.54857 0.274462 12.1938
1.61568 0.267272 9.6112
1.46152 0.166672 7.59257
1.63541 0.240332 6.09565
1.42872 0.182512 9.49395
1.67171 0.104842 8.72271
1.49465 0.0322821 9.43116
1.71377 0.0825321 6.53478
1.55466 0.208612 6.01365
1.64127 0.170212 7.62991
1.47469 0.114002 8.88375
1.51447 0.113442 11.3858
1.70717 0.118682 6.89079
1.42263 0.267612 10.8593
