1.45397 0.234828 6.08845
1.63836 0.289828 7.48317
1.64624 0.0351378 8.05751
1.51019 0.281838 7.56495
1.70566 0.205478 9.83595
1.64929 0.00804779 6.04407
1.41681 0.0761778 9.49836
1.5953 0.291728 6.19134
1.51791 0.287048 6.40262
1.46388 0.205658 10.6224
1.56374 0.268338 7.01074
1.61914 0.281948 4.73505
1.71058 0.0524178 7.43832
1.52439 0.307658 5.86146
1.62613 0.143818 6.51004
1.72554 0.136308 6.16769
1.49982 0.219008 8.72814
1.42809 0.0669078 7.35576
1.61939 0.172318 8.39158
1.51634 0.141068 8.85039
1.53506 0.0384978 6.47321
1.51561 0.240298 7.24413
1.59098 0.178398 7.71318
1.45208 0.136628 6.34262
1.52296 0.215268 10.6118
1.59794 0.0692278 5.89698
1.58511 0.212398 10.5628
1.72342 0.0952978 9.60221
1.51659 0.269278 6.53623
1.64934 0.240108 10.1498
1.45402 0.121668 10.2936
1.49054 0.129308 3.34318
1.62502 0.149438 10.1143
1.68962 0.0181678 9.68054
1.44698 0.0932978 7.59352
1.61241 0.0141278 8.46808
1.43406 0.123488 7.65242
1.62458 0.178998 10.3412
1.54395 0.0735378 13.4192
1.51768 0.0429678 5.29349
1.69799 0.0755578 9.6493
1.55527 0.0488178 9.37185
1.41609 0.0368278 6.87043
1.55408 0.111198 9.58671
1.65773 0.277278 7.16749
1.54513 0.177508 8.75734
1.72638 0.177348 8.42762
1.62191 0.120728 11.9621
1.66847 0.213158 6.43828
1.67578 0.169708 5.13396
