1.4242 0.298902 8.13111
1.58448 0.0232321 10.1853
1.45919 0.165882 7.48317
1.66462 0.281412 8.69853
1.52649 0.0815321 9.83595
1.41613 0.167782 6.19134
1.70722 0.212542 9.39184
1.65844 0.151222 6.00485
1.44821 0.264422 9.37649
1.65238 0.0673821 8.80242
1.65853 0.0237521 9.6439
1.43997 0.158002 4.73505
1.44926 0.298742 9.01191
1.44696 0.0198721 6.51004
1.54637 0.0123621 6.16769
1.60825 0.0741921 7.40473
1.63818 0.0435721 6.64655
1.62723 0.275652 10.1846
1.61783 0.169352 10.6279
1.44022 0.0483721 8.39158
1.64325 0.130762 5.92509
1.41924 0.301022 9.14497
1.61461 0.258722 11.9504
1.69147 0.127652 9.6978
1.55078 0.137672 6.98397
1.66012 0.217382 12.7744
1.67686 0.125562 9.42632
1.71183 0.113072 7.91843
1.63242 0.150982 9.52918
1.47017 0.116162 10.1498
1.59319 0.0160621 7.55029
1.70843 0.283782 8.95233
1.6388 0.186392 4.57745
1.7199 0.0538121 10.4128
1.61487 0.135492 7.50102
1.44585 0.0254921 10.1143
1.41731 0.211012 12.5537
1.67974 0.189242 9.03485
1.57422 0.239492 9.22838
1.61223 0.201972 6.2887
1.60954 0.161202 10.3397
1.6505 0.214112 9.15752
1.59803 0.302312 8.99324
1.44541 0.0550521 10.3412
1.57628 0.110122 11.6866
1.43624 0.243852 6.83018
1.47856 0.153332 7.16749
1.71598 0.166822 8.68781
1.67826 0.228012 8.16371
1.58148 0.258692 8.43044
1.58572 0.155102 9.07249
1.54721 0.0534021 8.42762
1.57385 0.199392 9.93495
1.5978 0.271632 8.03211
1.4893 0.0892121 6.43828
1.6727 0.294712 6.16866
1.49661 0.0457621 5.13396
