1.46429 0.133151 10.0326
1.72273 0.291441 8.90281
1.66348 0.119921 7.83831
1.47686 0.254781 10.873
1.42659 0.0130507 10.769
1.51853 0.182531 8.57833
1.72265 0.270901 8.17431
1.56273 0.179331 8.04085
1.70024 0.0653707 9.97669
1.45407 0.241631 12.4246
1.71704 0.289931 6.57714
1.68033 0.137601 8.41439
1.64183 0.308541 7.72265
1.48187 0.221051 9.47512
1.61551 0.266221 6.38876
1.53201 0.283501 11.5704
1.4289 0.111181 7.52218
1.45074 0.275971 12.4949
1.42198 0.0970807 8.41301
1.48186 0.124221 7.94907
1.52819 0.0705707 9.69777
1.66092 0.254551 5.89735
1.66849 0.280141 10.8744
1.41803 0.00174067 9.36655
1.66481 0.133941 9.21655
1.72641 0.106141 8.22786
1.64454 0.212561 5.2127
1.4803 0.167431 10.9849
1.58537 0.107151 9.11596
1.56874 0.210071 8.8865
1.42439 0.281581 5.82223
1.69539 0.0624107 10.5989
1.53129 0.0825207 8.8961
1.67491 0.177001 7.74214
1.48476 0.288691 12.2699
1.44031 0.248591 8.98904
1.54185 0.0267307 5.10995
1.59753 0.243361 5.61222
1.46537 0.271721 11.5061
1.69346 0.226341 11.3588
1.57855 0.123021 9.34989
1.49404 0.274731 8.26861
