1.46624 0.110882 6.08845
1.61564 0.298902 8.13111
1.54546 0.309702 12.0433
1.65063 0.165882 7.48317
1.52246 0.157892 7.56495
1.71793 0.0815321 9.83595
1.44599 0.312302 8.89745
1.59212 0.249672 4.83342
1.60757 0.167782 6.19134
1.53018 0.163102 6.40262
1.47615 0.0817121 10.6224
1.57601 0.144392 7.01074
1.63965 0.264422 9.37649
1.63141 0.158002 4.73505
1.6407 0.298742 9.01191
1.53666 0.183712 5.86146
1.6384 0.0198721 6.51004
1.45609 0.272672 6.12329
1.51209 0.0950621 8.72814
1.56659 0.312102 9.20542
1.63166 0.0483721 8.39158
1.52861 0.0171221 8.85039
1.52788 0.116352 7.24413
1.61068 0.301022 9.14497
1.60325 0.0544521 7.71318
1.46435 0.0126821 6.34262
1.53523 0.0913221 10.6118
1.59738 0.0884521 10.5628
1.52886 0.145332 6.53623
1.66161 0.116162 10.1498
1.47263 0.289572 7.05007
1.57923 0.292162 6.67757
1.50281 0.00536214 3.34318
1.43117 0.236032 5.35547
1.63729 0.0254921 10.1143
1.60875 0.211012 12.5537
1.63685 0.0550521 10.3412
1.48611 0.216042 2.59703
1.62768 0.243852 6.83018
1.67 0.153332 7.16749
1.5574 0.0535621 8.75734
1.56988 0.198432 8.34197
1.55183 0.252392 10.957
1.68074 0.0892121 6.43828
1.68805 0.0457621 5.13396
