1.44458 0.213912 5.25027
1.61088 0.00285214 8.6107
1.6423 0.0421221 7.29018
1.57104 0.257542 5.85759
1.68292 0.277702 5.91544
1.72379 0.250662 9.69625
1.54657 0.189762 7.17606
1.5907 0.00480214 7.2562
1.59915 0.0986121 7.14469
1.65729 0.219902 9.109
1.63337 0.188902 6.96768
1.7136 0.0488021 7.77202
1.55779 0.299712 9.59314
1.51737 0.266672 9.18508
1.46598 0.273542 9.04583
1.53517 0.0445621 8.44953
1.50896 0.293662 4.94342
1.46952 0.155312 7.66807
1.50389 0.193332 11.9139
1.67266 0.00304214 7.62395
1.58848 0.0139421 5.91364
1.69739 0.0278821 7.53214
1.50455 0.0978521 7.61263
1.6621 0.252882 8.19783
1.65563 0.0238921 4.54847
1.57411 0.287392 7.86821
1.631 0.211032 7.07662
1.46126 0.0120821 11.683
1.44628 0.274662 7.06029
1.48845 0.140892 10.8821
1.4822 0.300692 5.51205
1.50976 0.0119121 9.63411
1.64328 0.128922 9.28751
1.69456 0.209212 5.47545
1.53108 0.0955121 9.44892
1.62838 0.117052 9.48576
1.59332 0.212492 8.43702
