1.59308 0.27042 6.53953
1.42714 0.25383 10.1919
1.66008 0.13419 7.32341
1.43144 0.0269595 8.60834
1.66176 0.12218 7.17194
1.71424 0.000199548 10.3407
1.42235 0.31022 8.02336
1.48973 0.0371195 10.3827
1.71774 0.11715 12.5877
1.49874 0.30704 6.60112
1.43139 0.26991 10.0676
1.71992 0.0994395 8.73111
1.51588 0.26285 8.81692
1.41685 0.23162 7.31655
1.70149 0.00178955 6.80289
1.65442 0.0142095 7.0433
1.52151 0.3133 10.097
1.55754 0.0593795 11.0715
1.41768 0.22779 7.71969
1.6767 0.0261595 6.78599
1.56706 0.30625 8.87112
1.72574 0.0776995 8.44774
1.42043 0.20911 9.53535
1.44345 0.0109695 12.3629
1.5111 0.10744 3.82463
1.42216 0.0829595 6.39183
1.6353 0.0835895 11.8953
1.42181 0.0505395 8.20971
1.53214 0.29436 9.47317
1.61966 0.23694 8.34567
1.70902 0.164 8.08046
1.69678 0.19278 5.77223
1.69925 0.0916295 9.98738
1.67306 0.23441 7.09459
1.49887 0.2917 6.9164
1.47734 0.26758 6.5519
1.45219 0.13693 12.6999
1.53086 0.24111 9.81325
1.71779 0.0502095 10.0118
1.47443 0.17954 7.67328
1.66642 0.19917 8.02934
1.58695 0.23771 11.414
1.43801 0.26066 11.0413
1.70613 0.17497 8.04949
1.63884 0.15402 8.86796
1.50463 0.14028 11.6204
1.62607 0.0679995 11.6245
1.52613 0.19298 9.27702
1.52374 0.0291995 8.56464
1.53573 0.0117895 8.59993
1.60786 0.0816295 9.51136
1.70277 0.0294995 11.9383
1.59193 0.13691 9.62859
