1.64365 0.158903 7.18776
1.71404 0.0233425 9.70339
1.48985 0.163733 6.57907
1.52344 0.239923 5.39164
1.43573 0.0621225 5.41518
1.65218 0.157983 9.33824
1.70721 0.0256025 7.33901
1.60936 0.0661925 9.65105
1.69398 0.234933 8.04004
1.46964 0.169473 10.8164
1.59249 0.0884625 7.87974
1.46012 0.220293 10.0605
1.48132 0.116013 9.38908
1.58353 0.193013 8.8288
1.59931 0.0821125 7.88671
1.59249 0.236263 9.83798
1.4541 0.241623 11.9089
1.60666 0.189373 4.65153
1.54492 0.0122225 11.2008
1.56008 0.206853 10.6401
1.4268 0.178453 7.48278
1.59827 0.0821425 8.5693
1.60213 0.0889425 5.27358
1.63531 0.203843 11.3125
1.72652 0.0207525 9.18662
1.47317 0.152123 9.88451
1.65499 0.0468225 8.01684
1.52067 0.261443 9.50062
1.71585 0.174083 10.1045
1.67896 0.311193 5.5814
1.70958 0.190113 10.4344
1.4544 0.115813 10.8479
1.66064 0.0440125 11.0462
1.59362 0.243373 1.79944
1.66493 0.0977725 4.13992
1.67068 0.121083 7.31184
1.49846 0.123583 9.96904
1.64491 0.223963 6.68269
1.45691 0.0962925 6.67278
1.46863 0.246633 7.73531
1.4166 0.234303 10.2291
1.46823 0.0149725 9.37908
1.56995 0.0868925 10.9693
1.59941 0.283083 5.76839
1.49261 0.301503 3.32247
1.64802 0.266983 10.4545
1.56737 0.251713 9.17467
1.61347 0.132203 12.2061
1.62247 0.0406425 9.28645
1.47107 0.0184025 9.39051
1.44929 0.00950251 3.84092
1.47571 0.265403 7.30187
1.62887 0.0941425 10.4939
