1.72204 0.25898 8.00685
1.54718 0.19064 7.32341
1.72656 0.07841 5.18956
1.46508 0.04372 6.45865
1.54886 0.17863 7.17194
1.60134 0.05665 10.3407
1.60484 0.1736 12.5877
1.57642 0.01289 6.20019
1.60702 0.15589 8.73111
1.69815 0.00936004 8.76033
1.58859 0.05824 6.80289
1.54152 0.07066 7.0433
1.68724 0.17872 7.16549
1.44464 0.11583 11.0715
1.5638 0.08261 6.78599
1.61284 0.13415 8.44774
1.5224 0.14004 11.8953
1.7163 0.13486 8.55428
1.50676 0.29339 8.34567
1.59612 0.22045 8.08046
1.58388 0.24923 5.77223
1.58634 0.14808 9.98738
1.56015 0.29086 7.09459
1.69834 0.3085 11.9306
1.41796 0.29756 9.81325
1.60489 0.10666 10.0118
1.55352 0.25562 8.02934
1.47404 0.29416 11.414
1.59322 0.23142 8.04949
1.65544 0.22348 9.95921
1.52594 0.21047 8.86796
1.51317 0.12445 11.6245
1.62196 0.23696 3.61214
1.42283 0.06824 8.59993
1.49496 0.13808 9.51136
1.58987 0.08595 11.9383
1.47903 0.19336 9.62859
