1.53704 0.0447277 7.34627
1.54294 0.0422677 7.9443
1.41579 0.314098 9.63044
1.69634 0.0570477 8.89745
1.4931 0.250788 12.5412
1.6381 0.157698 10.1573
1.48579 0.0143777 6.8438
1.6003 0.312588 7.7608
1.53387 0.0441577 10.4809
1.46432 0.0782877 8.74073
1.70644 0.0174177 6.12329
1.58208 0.0915377 9.05278
1.50918 0.207728 11.7962
1.63695 0.0885777 7.48382
1.63593 0.107008 7.6065
1.67129 0.256068 7.17228
1.43641 0.0680477 9.46531
1.51759 0.209828 6.37953
1.5209 0.261518 7.9826
1.45764 0.206758 7.87684
1.61843 0.0841677 9.31824
1.55964 0.299358 9.71725
1.60334 0.203798 9.22614
1.57704 0.205728 6.55013
1.51977 0.251388 8.39931
1.67408 0.263118 11.6453
1.63552 0.282578 7.09406
1.72298 0.0343177 7.05007
1.62034 0.233668 5.34713
1.55398 0.241248 11.87
1.54347 0.0332277 8.9252
1.49504 0.181778 8.88217
1.56915 0.0596677 7.94901
1.62381 0.230048 8.30364
1.43231 0.0713077 5.73656
1.62761 0.0171577 8.96659
1.44655 0.131398 7.24223
1.44142 0.203808 7.66866
1.71038 0.224748 8.85975
1.47578 0.0120177 9.6112
1.72453 0.198058 7.24938
1.57376 0.0927477 6.99795
1.5789 0.237208 8.2391
1.54155 0.173058 6.55971
1.67823 0.0862977 9.26881
1.52198 0.230968 9.40187
