1.63437 0.247262 8.90281
1.57513 0.075742 7.83831
1.42384 0.280862 11.7371
1.68414 0.271782 7.80137
1.43017 0.138352 8.57833
1.6343 0.226722 8.17431
1.47437 0.135152 8.04085
1.61189 0.021192 9.97669
1.68922 0.129132 8.56252
1.62868 0.245752 6.57714
1.55191 0.312402 7.57764
1.64839 0.013222 10.4727
1.59197 0.093422 8.41439
1.55347 0.264362 7.72265
1.52715 0.222042 6.38876
1.44365 0.239322 11.5704
1.70807 0.00651202 10.952
1.65802 0.026882 8.50433
1.43983 0.026392 9.69777
1.57256 0.210372 5.89735
1.58013 0.235962 10.8744
1.67252 0.025442 6.74028
1.68682 0.280132 8.36558
1.65341 0.311692 8.23762
1.57645 0.089762 9.21655
1.63805 0.061962 8.22786
1.65615 0.085182 10.1704
1.71873 0.262092 5.92395
1.55618 0.168382 5.2127
1.49701 0.062972 9.11596
1.66972 0.204432 7.89086
1.48038 0.165892 8.8865
1.6751 0.239732 9.31683
1.63818 0.308312 6.04908
1.60703 0.018232 10.5989
1.44293 0.038342 8.8961
1.58655 0.132822 7.74214
1.66821 0.024212 10.3586
1.4512 0.308282 9.70022
1.64111 0.133882 9.22537
1.65462 0.280272 6.67414
1.71041 0.265202 7.02854
1.50917 0.199182 5.61222
1.53277 0.301032 5.12397
1.70622 0.171002 10.1543
1.6051 0.182162 11.3588
1.62434 0.290172 7.31318
1.72785 0.191682 10.1321
1.4902 0.078842 9.34989
1.6442 0.198232 5.26847
