1.64365 0.287757 7.18776
1.49313 0.0872069 9.37164
1.71404 0.152197 9.70339
1.63709 0.127927 9.44493
1.68153 0.0292569 9.10726
1.48985 0.292587 6.57907
1.43573 0.190977 5.41518
1.65218 0.286837 9.33824
1.70721 0.154457 7.33901
1.6093 0.0939269 7.76683
1.60936 0.195047 9.65105
1.6636 0.110727 7.36461
1.46964 0.298327 10.8164
1.59249 0.217317 7.87974
1.48132 0.244867 9.38908
1.59931 0.210967 7.88671
1.54492 0.141077 11.2008
1.49735 0.115547 10.3085
1.4268 0.307307 7.48278
1.59827 0.210997 8.5693
1.72 0.100337 6.78061
1.60213 0.217797 5.27358
1.72652 0.149607 9.18662
1.57886 0.121857 10.926
1.47317 0.280977 9.88451
1.65069 0.0940069 6.57205
1.65499 0.175677 8.01684
1.71585 0.302937 10.1045
1.4544 0.244667 10.8479
1.66064 0.172867 11.0462
1.66493 0.226627 4.13992
1.67068 0.249937 7.31184
1.49846 0.252437 9.96904
1.45691 0.225147 6.67278
1.46823 0.143827 9.37908
1.56995 0.215747 10.9693
1.61347 0.261057 12.2061
1.62247 0.169497 9.28645
1.61131 0.116447 12.0975
1.47107 0.147257 9.39051
1.44929 0.138357 3.84092
1.5433 0.0435069 8.74354
1.62887 0.222997 10.4939
