1.50268 0.0619083 7.34627
1.50858 0.0594483 7.9443
1.66198 0.0742283 8.89745
1.45874 0.267968 12.5412
1.60374 0.174878 10.1573
1.45143 0.0315583 6.8438
1.49951 0.0613383 10.4809
1.42996 0.0954683 8.74073
1.67208 0.0345983 6.12329
1.70758 0.123818 10.248
1.54772 0.108718 9.05278
1.47482 0.224908 11.7962
1.60259 0.105758 7.48382
1.60157 0.124188 7.6065
1.63693 0.273248 7.17228
1.48323 0.227008 6.37953
1.71822 0.0934383 7.25093
1.48654 0.278698 7.9826
1.42328 0.223938 7.87684
1.58407 0.101348 9.31824
1.56898 0.220978 9.22614
1.54268 0.222908 6.55013
1.48541 0.268568 8.39931
1.63972 0.280298 11.6453
1.60116 0.299758 7.09406
1.68862 0.0514983 7.05007
1.58598 0.250848 5.34713
1.51962 0.258428 11.87
1.50911 0.0504083 8.9252
1.53917 0.00456832 8.02927
1.46068 0.198958 8.88217
1.53479 0.0768483 7.94901
1.71922 0.118078 10.6196
1.58945 0.247228 8.30364
1.59325 0.0343383 8.96659
1.67602 0.241928 8.85975
1.44142 0.0291983 9.6112
1.69017 0.215238 7.24938
1.46115 0.00225832 6.09565
1.5394 0.109928 6.99795
1.54454 0.254388 8.2391
1.50719 0.190238 6.55971
1.64387 0.103478 9.26881
1.48762 0.248148 9.40187
