1.57943 0.0887221 8.37516
1.44935 0.0831221 8.00668
1.43207 0.164212 8.53792
1.45066 0.209422 12.258
1.6641 0.227362 10.1369
1.62168 0.140662 9.80098
1.63728 0.105132 7.66217
1.50546 0.0987021 11.3447
1.5214 0.163482 8.50576
1.65697 0.261292 8.01622
1.44833 0.0452621 4.44041
1.42072 0.0732221 6.35577
1.62901 0.0933821 7.39753
1.59067 0.150472 7.1591
1.68126 0.233182 8.31697
1.5918 0.0795121 8.10658
1.52079 0.116542 6.5804
1.70043 0.200462 9.96321
1.41454 0.250662 9.69625
1.43916 0.0638321 9.79893
1.48315 0.0320121 9.72888
1.49666 0.148892 8.46218
1.68917 0.123342 10.4059
1.54154 0.290302 8.92775
1.5527 0.123192 8.77708
1.7227 0.00783214 11.6119
1.41981 0.0607121 8.49857
1.69086 0.109542 10.3578
1.65119 0.313942 7.72788
1.67454 0.114292 8.65119
1.48739 0.101372 6.30768
1.48084 0.271372 11.0207
1.56044 0.00495214 8.37628
1.48554 0.191592 9.36411
1.69476 0.0435221 6.79222
1.49083 0.289552 9.32196
1.45641 0.190262 4.37022
1.45699 0.250652 5.50157
1.68019 0.298522 9.21138
1.49646 0.0687621 6.05026
1.62025 0.225812 10.292
1.5781 0.170932 10.8239
1.59914 0.300332 6.02306
1.6762 0.274462 12.1938
1.51569 0.0526421 9.84142
1.58915 0.166672 7.59257
1.55634 0.182512 9.49395
1.42696 0.292732 8.51622
1.62228 0.0322821 9.43116
1.44236 0.152602 7.21765
1.68229 0.208612 6.01365
1.47428 0.0895821 4.86179
1.60232 0.114002 8.88375
1.6421 0.113442 11.3858
1.5395 0.255992 6.26307
1.55026 0.267612 10.8593
