1.64728 0.0691094 7.16428
1.42597 0.0486294 10.4156
1.60215 0.0499294 9.4377
1.41714 0.128419 9.98965
1.59843 0.166989 9.49836
1.6455 0.296469 10.6224
1.72511 0.0888694 6.69315
1.45098 0.0658894 6.10942
1.68144 0.309819 8.72814
1.60971 0.157719 7.35576
1.46782 0.0216194 7.55338
1.54178 0.170829 4.68986
1.52945 0.00710945 8.10023
1.69796 0.231879 8.85039
1.71668 0.129309 6.47321
1.50407 0.0909694 11.8419
1.6337 0.227439 6.34262
1.70458 0.306079 10.6118
1.42357 0.0422294 9.7806
1.42942 0.231589 7.89155
1.53472 0.168619 8.24007
1.41611 0.233039 11.4016
1.63564 0.212479 10.2936
1.56863 0.186789 4.94607
1.67216 0.220119 3.34318
1.7146 0.0318794 6.98927
1.67361 0.0292994 5.27215
1.6286 0.184109 7.59352
1.43107 0.0518394 7.51821
1.46264 0.211729 10.8188
1.61568 0.214299 7.65242
1.70031 0.0326994 7.39877
1.6547 0.0162294 7.99526
1.72557 0.164349 13.4192
1.6993 0.133779 5.29349
1.49287 0.297289 6.53478
1.54407 0.116499 7.43245
1.59771 0.127639 6.87043
1.51099 0.139469 11.0375
1.51473 0.0439894 7.00371
1.72675 0.268319 8.75734
1.45159 0.183939 7.26155
1.57835 0.257369 8.85798
