1.71781 0.144553 6.86862
1.66082 0.121943 12.0433
1.66992 0.223783 10.6259
1.56135 0.124543 8.89745
1.70748 0.0619129 4.83342
1.50311 0.225193 10.1573
1.63973 0.250933 6.92432
1.63936 0.258053 10.6023
1.57145 0.0849129 6.12329
1.60695 0.174133 10.248
1.44709 0.159033 9.05278
1.50196 0.156073 7.48382
1.50094 0.174503 7.6065
1.68195 0.124343 9.20542
1.72604 0.113263 9.14497
1.61759 0.143753 7.25093
1.48344 0.151663 9.31824
1.46835 0.271293 9.22614
1.44205 0.273223 6.55013
1.58799 0.101813 7.05007
1.66002 0.268433 2.86335
1.48535 0.301163 5.34713
1.41899 0.308743 11.87
1.69459 0.104403 6.67757
1.43854 0.0548829 8.02927
1.54653 0.0482729 5.35547
1.72411 0.0232529 12.5537
1.43416 0.127163 7.94901
1.61859 0.168393 10.6196
1.48882 0.297543 8.30364
1.49262 0.0846529 8.96659
1.57539 0.292243 8.85975
1.70347 0.162963 6.37333
1.58954 0.265553 7.24938
1.72133 0.297273 9.80952
1.43877 0.160243 6.99795
1.60147 0.0282829 2.59703
1.44391 0.304703 8.2391
1.6344 0.198273 6.44337
1.70064 0.174393 7.59023
1.68524 0.0106729 8.34197
1.6997 0.129893 10.9833
1.66719 0.0646329 10.957
1.54324 0.153793 9.26881
