1.64365 0.292666 7.18776
1.49313 0.0921156 9.37164
1.71404 0.157106 9.70339
1.69814 0.000745638 9.54773
1.63709 0.132836 9.44493
1.68153 0.0341656 9.10726
1.48985 0.297496 6.57907
1.43573 0.195886 5.41518
1.65218 0.291746 9.33824
1.70721 0.159366 7.33901
1.6093 0.0988356 7.76683
1.60936 0.199956 9.65105
1.6636 0.115636 7.36461
1.46964 0.303236 10.8164
1.59249 0.222226 7.87974
1.48132 0.249776 9.38908
1.59931 0.215876 7.88671
1.54492 0.145986 11.2008
1.49735 0.120456 10.3085
1.4268 0.312216 7.48278
1.59827 0.215906 8.5693
1.72 0.105246 6.78061
1.60213 0.222706 5.27358
1.72652 0.154516 9.18662
1.57886 0.126766 10.926
1.47317 0.285886 9.88451
1.65069 0.0989156 6.57205
1.65499 0.180586 8.01684
1.71585 0.307846 10.1045
1.4544 0.249576 10.8479
1.66064 0.177776 11.0462
1.66493 0.231536 4.13992
1.67068 0.254846 7.31184
1.49846 0.257346 9.96904
1.45691 0.230056 6.67278
1.46823 0.148736 9.37908
1.56995 0.220656 10.9693
1.61347 0.265966 12.2061
1.62247 0.174406 9.28645
1.61131 0.121356 12.0975
1.47107 0.152166 9.39051
1.44929 0.143266 3.84092
1.5433 0.0484156 8.74354
1.62887 0.227906 10.4939
