1.64365 0.189582 7.18776
1.71404 0.0540221 9.70339
1.63709 0.0297521 9.44493
1.48985 0.194412 6.57907
1.52344 0.270602 5.39164
1.43573 0.0928021 5.41518
1.65218 0.188662 9.33824
1.70721 0.0562821 7.33901
1.60936 0.0968721 9.65105
1.69398 0.265612 8.04004
1.6636 0.0125521 7.36461
1.46964 0.200152 10.8164
1.59249 0.119142 7.87974
1.46012 0.250972 10.0605
1.48132 0.146692 9.38908
1.58353 0.223692 8.8288
1.59931 0.112792 7.88671
1.59249 0.266942 9.83798
1.4541 0.272302 11.9089
1.60666 0.220052 4.65153
1.54492 0.0429021 11.2008
1.56008 0.237532 10.6401
1.49735 0.0173721 10.3085
1.4268 0.209132 7.48278
1.59827 0.112822 8.5693
1.72 0.00216213 6.78061
1.60213 0.119622 5.27358
1.63531 0.234522 11.3125
1.72652 0.0514321 9.18662
1.57886 0.0236821 10.926
1.47317 0.182802 9.88451
1.65499 0.0775021 8.01684
1.52067 0.292122 9.50062
1.71585 0.204762 10.1045
1.70958 0.220792 10.4344
1.4544 0.146492 10.8479
1.66064 0.0746921 11.0462
1.59362 0.274052 1.79944
1.66493 0.128452 4.13992
1.67068 0.151762 7.31184
1.49846 0.154262 9.96904
1.64491 0.254642 6.68269
1.45691 0.126972 6.67278
1.46863 0.277312 7.73531
1.4166 0.264982 10.2291
1.46823 0.0456521 9.37908
1.56995 0.117572 10.9693
1.59941 0.313762 5.76839
1.64802 0.297662 10.4545
1.56737 0.282392 9.17467
1.61347 0.162882 12.2061
1.62247 0.0713221 9.28645
1.61131 0.0182721 12.0975
1.47107 0.0490821 9.39051
1.44929 0.0401821 3.84092
1.47571 0.296082 7.30187
1.62887 0.124822 10.4939
