1.49749 0.130301 5.2493
1.43772 0.294671 5.42979
1.71049 0.0940505 9.89792
1.5682 0.268761 10.0795
1.57339 0.226811 12.458
1.46736 0.182951 10.5645
1.46922 0.189641 11.2394
1.62206 0.123701 8.1405
1.42219 0.302901 10.2092
1.60965 0.0268705 11.1315
1.55532 0.168341 8.09945
1.67781 0.00630054 7.26213
1.54968 0.0799005 12.7998
1.56636 0.192661 9.85298
1.44666 0.148291 4.88651
1.70138 0.0541005 5.04181
1.53589 0.165001 9.76161
1.57858 0.0603005 8.80065
1.72142 0.187281 9.52581
1.57092 0.309651 7.75364
1.7274 0.263241 11.7225
1.7053 0.148491 9.06267
1.52606 0.0998705 10.6129
1.69001 0.111031 8.60217
1.63298 0.158541 11.2664
1.70432 0.0966605 10.0811
1.63444 0.156311 11.3707
1.56271 0.235581 6.80955
1.47706 0.0390605 8.85913
1.43016 0.289751 5.97961
1.52929 0.0349705 7.63856
1.44904 0.0200205 9.2042
1.42195 0.0794105 9.48219
1.60628 0.112741 6.29525
1.69636 0.282731 7.93248
1.65685 0.255251 7.5046
1.65491 0.302761 9.41331
1.69713 0.169161 6.42572
1.70117 0.186411 9.07474
1.42656 0.0249905 9.01659
1.60066 0.241631 12.6634
1.42276 0.205071 7.78005
1.51377 0.0522005 6.82729
1.63158 0.294051 5.94865
1.48664 0.118681 7.95658
1.53847 0.141541 8.17665
1.48985 0.136831 7.72861
1.64711 0.00563054 8.63258
1.57888 0.0446505 5.86578
1.46649 0.180681 7.12577
1.69797 0.244651 9.3563
1.67564 0.298761 10.783
1.50698 0.0492605 8.85094
1.53547 0.288801 6.34104
