1.72279 0.143078 8.13136
1.5959 0.113288 8.69853
1.65774 0.228948 9.42983
1.66744 0.171878 7.42089
1.66694 0.117808 7.92899
1.6385 0.0444178 9.39184
1.66946 0.277778 7.37324
1.6621 0.0482878 9.35374
1.55851 0.107528 10.1846
1.54911 0.00122784 10.6279
1.67093 0.0936978 11.9338
1.54589 0.0905978 11.9504
1.44663 0.300688 6.81326
1.5914 0.0492578 12.7744
1.60484 0.240238 6.94769
1.71962 0.166248 9.14889
1.50811 0.231268 10.5855
1.63971 0.115658 8.95233
1.57008 0.0182678 4.57745
1.57528 0.212418 9.40788
1.49388 0.204278 7.6935
1.41434 0.180508 9.99024
1.48821 0.245438 8.92796
1.61102 0.0211178 9.03485
1.5055 0.0713678 9.22838
1.54351 0.0338478 6.2887
1.72081 0.133418 7.56544
1.58178 0.0459878 9.15752
1.52931 0.134188 8.99324
1.69407 0.122038 9.73365
1.6687 0.172178 8.25033
1.68159 0.104598 5.02904
1.56469 0.267918 12.3679
1.69851 0.0146478 7.92413
1.70374 0.182478 9.7349
1.60954 0.0598878 8.16371
1.47706 0.223298 6.92325
1.51276 0.0905678 8.43044
1.50513 0.0312678 9.93495
1.52908 0.103508 8.03211
1.44913 0.295868 6.26427
1.60398 0.126588 6.16866
