1.72279 0.0547206 8.13136
1.5959 0.0249306 8.69853
1.65774 0.140591 9.42983
1.48821 0.226781 10.1985
1.66744 0.0835206 7.42089
1.66694 0.0294506 7.92899
1.66946 0.189421 7.37324
1.70221 0.238731 14.0718
1.61657 0.293681 8.13816
1.55851 0.0191706 10.1846
1.67093 0.00534055 11.9338
1.54589 0.00224055 11.9504
1.44663 0.212331 6.81326
1.70125 0.254271 8.9649
1.59068 0.271361 8.37107
1.58038 0.306911 8.42869
1.60484 0.151881 6.94769
1.71962 0.0778906 9.14889
1.50811 0.142911 10.5855
1.63971 0.0273006 8.95233
1.57528 0.124061 9.40788
1.49388 0.115921 7.6935
1.49055 0.260291 9.9086
1.41434 0.0921506 9.99024
1.48821 0.157081 8.92796
1.58014 0.253481 7.07325
1.63849 0.244841 7.57258
1.72081 0.0450606 7.56544
1.52931 0.0458306 8.99324
1.5905 0.235981 7.9849
1.69407 0.0336806 9.73365
1.6687 0.0838206 8.25033
1.44291 0.271881 7.2218
1.68159 0.0162406 5.02904
1.56469 0.179561 12.3679
1.70374 0.0941206 9.7349
1.70849 0.308391 7.53375
1.47706 0.134941 6.92325
1.51276 0.00221055 8.43044
1.52908 0.0151506 8.03211
1.70283 0.267611 9.82356
1.44913 0.207511 6.26427
1.60398 0.0382306 6.16866
