1.53554 0.101605 7.21136
1.50232 0.0905051 8.27018
1.51303 0.185175 5.18956
1.57042 0.236785 9.63044
1.64773 0.173475 12.5412
1.53696 0.0912851 4.93978
1.51249 0.0690551 5.76332
1.60049 0.284175 7.73981
1.56552 0.114725 9.01314
1.44312 0.0592551 10.6604
1.52996 0.143015 9.69773
1.61894 0.000975104 8.74073
1.46698 0.0431751 8.46639
1.48462 0.116125 8.76033
1.6638 0.130415 11.7962
1.51587 0.138555 6.28263
1.67221 0.132515 6.37953
1.47371 0.285485 7.16549
1.67552 0.184205 7.9826
1.61227 0.129445 7.87684
1.71426 0.222045 9.71725
1.62723 0.310235 9.01126
1.52876 0.263275 8.13112
1.67439 0.174075 8.39931
1.42557 0.0145851 9.26592
1.7086 0.163935 11.87
1.54265 0.0635251 9.29426
1.50277 0.241625 8.55428
1.65568 0.289365 8.09062
1.64967 0.104465 8.88217
1.48038 0.0798151 9.75953
1.60118 0.0540851 7.24223
1.59605 0.126495 7.66866
1.51508 0.238575 7.27102
1.52565 0.0974251 6.74294
1.67256 0.252725 5.1787
1.51596 0.271405 6.46419
1.62764 0.281065 9.66441
1.69617 0.0957451 6.55971
1.6766 0.153655 9.40187
1.48772 0.0573651 10.0623
