1.68497 0.0887221 8.37516
1.55489 0.0831221 8.00668
1.53761 0.164212 8.53792
1.5562 0.209422 12.258
1.72722 0.140662 9.80098
1.611 0.0987021 11.3447
1.43859 0.0421221 7.29018
1.62694 0.163482 8.50576
1.47921 0.277702 5.91544
1.55387 0.0452621 4.44041
1.52626 0.0732221 6.35577
1.69621 0.150472 7.1591
1.69734 0.0795121 8.10658
1.62633 0.116542 6.5804
1.52007 0.250662 9.69625
1.5447 0.0638321 9.79893
1.58868 0.0320121 9.72888
1.6022 0.148892 8.46218
1.45357 0.219902 9.109
1.42966 0.188902 6.96768
1.50989 0.0488021 7.77202
1.64708 0.290302 8.92775
1.65823 0.123192 8.77708
1.52535 0.0607121 8.49857
1.59293 0.101372 6.30768
1.58638 0.271372 11.0207
1.66598 0.00495214 8.37628
1.59108 0.191592 9.36411
1.46894 0.00304214 7.62395
1.49368 0.0278821 7.53214
1.59636 0.289552 9.32196
1.56195 0.190262 4.37022
1.56252 0.250652 5.50157
1.45839 0.252882 8.19783
1.602 0.0687621 6.05026
1.72579 0.225812 10.292
1.68363 0.170932 10.8239
1.45192 0.0238921 4.54847
1.70468 0.300332 6.02306
1.62123 0.0526421 9.84142
1.42729 0.211032 7.07662
1.69469 0.166672 7.59257
1.66188 0.182512 9.49395
1.53249 0.292732 8.51622
1.72782 0.0322821 9.43116
1.5479 0.152602 7.21765
1.57982 0.0895821 4.86179
1.43957 0.128922 9.28751
1.70785 0.114002 8.88375
1.49085 0.209212 5.47545
1.64504 0.255992 6.26307
1.42467 0.117052 9.48576
1.65579 0.267612 10.8593
