1.61625 0.255882 11.2358
1.49494 0.226839 5.49643
1.52344 0.0153477 5.39164
1.69398 0.0103577 8.04004
1.45007 0.217421 8.70002
1.42463 0.247636 11.5783
1.58481 0.105278 9.07765
1.48246 0.138038 10.1957
1.59249 0.0116877 9.83798
1.4541 0.0170477 11.9089
1.64348 0.295895 8.03949
1.58136 0.221332 8.61454
1.44641 0.162388 8.2235
1.70908 0.123278 9.48351
1.58665 0.263626 9.15397
1.52921 0.20751 7.47052
1.66922 0.302191 7.31087
1.46039 0.20617 5.86824
1.611 0.291656 9.11878
1.41507 0.210897 9.94106
1.7228 0.120668 5.64483
1.52067 0.0368677 9.50062
1.67896 0.0866177 5.5814
1.47227 0.111968 8.86507
1.59063 0.193218 8.29084
1.65906 0.158018 9.66419
1.59362 0.0187977 1.79944
1.62826 0.193187 6.58664
1.681 0.107738 6.18782
1.42311 0.296642 8.00612
1.46863 0.0220577 7.73531
1.4166 0.00972773 10.2291
1.5314 0.122598 5.05418
1.52161 0.137158 11.0336
1.51991 0.176354 10.8973
1.59941 0.0585077 5.76839
1.49261 0.0769277 3.32247
1.64802 0.0424077 10.4545
1.56737 0.0271377 9.17467
1.67213 0.206091 5.63548
1.47571 0.0408277 7.30187
