1.43872 0.244492 10.1494
1.51821 0.213912 5.25027
1.68451 0.00285214 8.6107
1.71593 0.0421221 7.29018
1.64467 0.257542 5.85759
1.6202 0.189762 7.17606
1.66433 0.00480214 7.2562
1.67278 0.0986121 7.14469
1.42672 0.105022 7.31622
1.707 0.188902 6.96768
1.44329 0.0320521 8.50235
1.63142 0.299712 9.59314
1.591 0.266672 9.18508
1.4524 0.0916621 4.35333
1.53961 0.273542 9.04583
1.6088 0.0445621 8.44953
1.58259 0.293662 4.94342
1.47939 0.151082 8.99765
1.54315 0.155312 7.66807
1.57753 0.193332 11.9139
1.66211 0.0139421 5.91364
1.57819 0.0978521 7.61263
1.64774 0.287392 7.86821
1.70463 0.211032 7.07662
1.53489 0.0120821 11.683
1.51991 0.274662 7.06029
1.56208 0.140892 10.8821
1.55583 0.300692 5.51205
1.41578 0.290312 9.31114
1.58339 0.0119121 9.63411
1.45241 0.104552 7.68837
1.71691 0.128922 9.28751
1.60471 0.0955121 9.44892
1.70201 0.117052 9.48576
1.66695 0.212492 8.43702
