1.69637 0.0936531 7.16428
1.47505 0.0731731 10.4156
1.65124 0.0744731 9.4377
1.46623 0.152963 9.98965
1.41839 0.0798331 11.3613
1.64752 0.191533 9.49836
1.42598 0.0370231 7.58633
1.4794 0.0203331 7.48718
1.50007 0.0904331 6.10942
1.63446 0.00893314 9.17
1.6588 0.182263 7.35576
1.51691 0.0461631 7.55338
1.59087 0.195373 4.68986
1.57854 0.0316531 8.10023
1.55316 0.115513 11.8419
1.55567 0.0224131 9.74676
1.42327 0.247133 11.6119
1.68279 0.251983 6.34262
1.46144 0.275793 8.01005
1.44571 0.161503 9.2944
1.47266 0.0667731 9.7806
1.47851 0.256133 7.89155
1.58381 0.193163 8.24007
1.46519 0.257583 11.4016
1.68473 0.237023 10.2936
1.61772 0.211333 4.94607
1.72125 0.244663 3.34318
1.7227 0.0538431 5.27215
1.67769 0.208653 7.59352
1.48016 0.0763831 7.51821
1.51173 0.236273 10.8188
1.66477 0.238843 7.65242
1.43891 0.106893 8.53727
1.70379 0.0407731 7.99526
1.59316 0.141043 7.43245
1.6468 0.152183 6.87043
1.56008 0.164013 11.0375
1.56382 0.0685331 7.00371
1.50068 0.208483 7.26155
1.62744 0.281913 8.85798
