1.57094 0.281612 6.19461
1.69814 0.285452 9.54773
1.48821 0.0733825 10.1985
1.63965 0.218652 7.54688
1.69001 0.201462 8.81649
1.66946 0.0360225 7.37324
1.70221 0.0853325 14.0718
1.61657 0.140282 8.13816
1.50737 0.162402 9.79795
1.44663 0.0589325 6.81326
1.45738 0.209472 7.94804
1.70125 0.100872 8.9649
1.50934 0.236242 9.26338
1.59068 0.117962 8.37107
1.58038 0.153512 8.42869
1.61611 0.247082 8.42056
1.49055 0.106892 9.9086
1.58078 0.239242 10.5699
1.4408 0.201012 10.2304
1.48821 0.00368247 8.92796
1.54834 0.175112 5.35347
1.58014 0.100082 7.07325
1.60623 0.203372 8.88135
1.63942 0.258232 7.49122
1.63849 0.0914425 7.57258
1.5905 0.0825825 7.9849
1.51121 0.203012 9.19404
1.46491 0.238442 9.34095
1.44291 0.118482 7.2218
1.54596 0.261062 6.53437
1.56469 0.0261625 12.3679
1.70849 0.154992 7.53375
1.51834 0.161862 9.51503
1.70283 0.114212 9.82356
1.44913 0.0541125 6.26427
