1.51288 0.26428 6.08845
1.52457 0.00775022 7.16428
1.70515 0.0645902 8.05751
1.5691 0.31129 7.56495
1.7082 0.0375002 6.04407
1.47572 0.10563 9.49836
1.52279 0.23511 10.6224
1.6024 0.0275102 6.69315
1.62265 0.29779 7.01074
1.67805 0.3114 4.73505
1.68504 0.17327 6.51004
1.55873 0.24846 8.72814
1.487 0.0963602 7.35576
1.6783 0.20177 8.39158
1.41907 0.10947 4.68986
1.57525 0.17052 8.85039
1.59397 0.0679502 6.47321
1.57452 0.26975 7.24413
1.72725 0.0256902 8.68026
1.64989 0.20785 7.71318
1.51099 0.16608 6.34262
1.58187 0.24472 10.6118
1.65685 0.0986802 5.89698
1.64402 0.24185 10.5628
1.5755 0.29873 6.53623
1.70825 0.26956 10.1498
1.4388 0.29486 6.42993
1.51293 0.15112 10.2936
1.6861 0.0241202 10.0651
1.44592 0.12543 4.94607
1.54945 0.15876 3.34318
1.68393 0.17889 10.1143
1.50589 0.12275 7.59352
1.67132 0.0435802 8.46808
1.42283 0.25945 7.64219
1.49297 0.15294 7.65242
1.68349 0.20845 10.3412
1.60286 0.10299 13.4192
1.57659 0.0724202 5.29349
1.61418 0.0782702 9.37185
1.42136 0.0551402 7.43245
1.475 0.0662802 6.87043
1.61299 0.14065 9.58671
1.71664 0.30673 7.16749
1.60404 0.20696 8.75734
1.68082 0.15018 11.9621
1.45564 0.19601 8.85798
1.72738 0.24261 6.43828
