1.61625 0.227657 11.2358
1.49494 0.198613 5.49643
1.45007 0.189196 8.70002
1.42463 0.21941 11.5783
1.58481 0.0770525 9.07765
1.48246 0.109812 10.1957
1.64348 0.26767 8.03949
1.58136 0.193107 8.61454
1.44641 0.134162 8.2235
1.70908 0.0950525 9.48351
1.58665 0.235401 9.15397
1.52921 0.179285 7.47052
1.66922 0.273966 7.31087
1.46039 0.177945 5.86824
1.611 0.263431 9.11878
1.41507 0.182672 9.94106
1.44799 0.298876 9.83102
1.7228 0.0924425 5.64483
1.52067 0.00864248 9.50062
1.67896 0.0583925 5.5814
1.47781 0.288743 8.75275
1.5799 0.297612 9.00137
1.47227 0.0837425 8.86507
1.59063 0.164993 8.29084
1.65906 0.129792 9.66419
1.62826 0.164962 6.58664
1.681 0.0795125 6.18782
1.42311 0.268417 8.00612
1.70245 0.290548 6.308
1.5314 0.0943725 5.05418
1.52161 0.108932 11.0336
1.51991 0.148129 10.8973
1.59941 0.0302825 5.76839
1.49261 0.0487025 3.32247
1.64802 0.0141825 10.4545
1.67213 0.177866 5.63548
1.47571 0.0126025 7.30187
