1.64365 0.309846 7.18776
1.57094 0.0140862 6.19461
1.49313 0.109296 9.37164
1.71404 0.174286 9.70339
1.69814 0.0179262 9.54773
1.63709 0.150016 9.44493
1.68153 0.0513462 9.10726
1.43573 0.213066 5.41518
1.65218 0.308926 9.33824
1.70721 0.176546 7.33901
1.6093 0.116016 7.76683
1.60936 0.217136 9.65105
1.6636 0.132816 7.36461
1.59249 0.239406 7.87974
1.48132 0.266956 9.38908
1.59931 0.233056 7.88671
1.54492 0.163166 11.2008
1.49735 0.137636 10.3085
1.59827 0.233086 8.5693
1.72 0.122426 6.78061
1.60213 0.239886 5.27358
1.72652 0.171696 9.18662
1.57886 0.143946 10.926
1.47317 0.303066 9.88451
1.65069 0.116096 6.57205
1.65499 0.197766 8.01684
1.4544 0.266756 10.8479
1.66064 0.194956 11.0462
1.66493 0.248716 4.13992
1.67068 0.272026 7.31184
1.49846 0.274526 9.96904
1.45691 0.247236 6.67278
1.46823 0.165916 9.37908
1.56995 0.237836 10.9693
1.61347 0.283146 12.2061
1.62247 0.191586 9.28645
1.61131 0.138536 12.0975
1.47107 0.169346 9.39051
1.44929 0.160446 3.84092
1.5433 0.0655962 8.74354
1.62887 0.245086 10.4939
