1.62332 0.110882 6.08845
1.44377 0.299982 7.34627
1.70254 0.309702 12.0433
1.44967 0.297522 7.9443
1.41941 0.211852 9.96675
1.67954 0.157892 7.56495
1.60307 0.312302 8.89745
1.68726 0.163102 6.40262
1.63323 0.0817121 10.6224
1.69374 0.183712 5.86146
1.4406 0.299412 10.4809
1.61317 0.272672 6.12329
1.66917 0.0950621 8.72814
1.49906 0.135512 10.6318
1.72367 0.312102 9.20542
1.48862 0.128942 6.0343
1.68569 0.0171221 8.85039
1.68496 0.116352 7.24413
1.43391 0.113502 8.08206
1.62143 0.0126821 6.34262
1.69231 0.0913221 10.6118
1.68594 0.145332 6.53623
1.41715 0.0168321 7.89155
1.54924 0.141462 6.42993
1.62971 0.289572 7.05007
1.65989 0.00536214 3.34318
1.43547 0.124662 6.9326
1.4502 0.288482 8.9252
1.48026 0.242642 8.02927
1.58825 0.236032 5.35547
1.53434 0.272412 8.96659
1.53327 0.106052 7.64219
1.64319 0.216042 2.59703
1.43854 0.104842 8.72271
1.4806 0.0825321 6.53478
1.71448 0.0535621 8.75734
1.72696 0.198432 8.34197
1.474 0.118682 6.89079
1.70891 0.252392 10.957
1.56608 0.0426121 8.85798
