1.56239 0.0232321 10.1853
1.4371 0.165882 7.48317
1.64253 0.281412 8.69853
1.5044 0.0815321 9.83595
1.71357 0.285932 7.92899
1.68513 0.212542 9.39184
1.63635 0.151222 6.00485
1.42612 0.264422 9.37649
1.63029 0.0673821 8.80242
1.63644 0.0237521 9.6439
1.41788 0.158002 4.73505
1.42717 0.298742 9.01191
1.42487 0.0198721 6.51004
1.70873 0.216412 9.35374
1.52428 0.0123621 6.16769
1.58616 0.0741921 7.40473
1.61609 0.0435721 6.64655
1.60514 0.275652 10.1846
1.59574 0.169352 10.6279
1.71756 0.261822 11.9338
1.41813 0.0483721 8.39158
1.62116 0.130762 5.92509
1.59252 0.258722 11.9504
1.66938 0.127652 9.6978
1.52869 0.137672 6.98397
1.63803 0.217382 12.7744
1.65477 0.125562 9.42632
1.68974 0.113072 7.91843
1.61033 0.150982 9.52918
1.44808 0.116162 10.1498
1.5711 0.0160621 7.55029
1.68634 0.283782 8.95233
1.61671 0.186392 4.57745
1.69781 0.0538121 10.4128
1.59278 0.135492 7.50102
1.42376 0.0254921 10.1143
1.65765 0.189242 9.03485
1.55213 0.239492 9.22838
1.59014 0.201972 6.2887
1.58745 0.161202 10.3397
1.62841 0.214112 9.15752
1.57594 0.302312 8.99324
1.42332 0.0550521 10.3412
1.55419 0.110122 11.6866
1.41415 0.243852 6.83018
1.45647 0.153332 7.16749
1.69389 0.166822 8.68781
1.65617 0.228012 8.16371
1.55939 0.258692 8.43044
1.56363 0.155102 9.07249
1.52512 0.0534021 8.42762
1.55176 0.199392 9.93495
1.57571 0.271632 8.03211
1.46721 0.0892121 6.43828
1.65061 0.294712 6.16866
1.47452 0.0457621 5.13396
