1.61625 0.231339 11.2358
1.49494 0.202295 5.49643
1.45007 0.192877 8.70002
1.42463 0.223092 11.5783
1.58481 0.080734 9.07765
1.48246 0.113494 10.1957
1.64348 0.271351 8.03949
1.58136 0.196789 8.61454
1.44641 0.137844 8.2235
1.70908 0.098734 9.48351
1.58665 0.239082 9.15397
1.52921 0.182966 7.47052
1.66922 0.277647 7.31087
1.46039 0.181626 5.86824
1.611 0.267112 9.11878
1.41507 0.186353 9.94106
1.44799 0.302557 9.83102
1.7228 0.096124 5.64483
1.52067 0.012324 9.50062
1.67896 0.062074 5.5814
1.47781 0.292424 8.75275
1.5799 0.301293 9.00137
1.47227 0.087424 8.86507
1.59063 0.168675 8.29084
1.65906 0.133474 9.66419
1.62826 0.168644 6.58664
1.681 0.083194 6.18782
1.42311 0.272098 8.00612
1.70245 0.294229 6.308
1.5314 0.098054 5.05418
1.52161 0.112614 11.0336
1.51991 0.151811 10.8973
1.59941 0.033964 5.76839
1.49261 0.052384 3.32247
1.64802 0.017864 10.4545
1.56737 0.00259403 9.17467
1.67213 0.181547 5.63548
1.47571 0.016284 7.30187
