1.54931 0.299982 7.34627
1.55521 0.297522 7.9443
1.52495 0.211852 9.96675
1.70861 0.312302 8.89745
1.426 0.233182 8.31697
1.44518 0.200462 9.96321
1.49807 0.269632 6.8438
1.54614 0.299412 10.4809
1.71871 0.272672 6.12329
1.6046 0.135512 10.6318
1.59416 0.128942 6.0343
1.43392 0.123342 10.4059
1.53945 0.113502 8.08206
1.46745 0.00783214 11.6119
1.72697 0.0126821 6.34262
1.43561 0.109542 10.3578
1.50561 0.0364921 8.01005
1.41928 0.114292 8.65119
1.52269 0.0168321 7.89155
1.65478 0.141462 6.42993
1.50937 0.0182821 11.4016
1.54101 0.124662 6.9326
1.55574 0.288482 8.9252
1.5858 0.242642 8.02927
1.69379 0.236032 5.35547
1.43951 0.0435221 6.79222
1.42494 0.298522 9.21138
1.63988 0.272412 8.96659
1.63881 0.106052 7.64219
1.42095 0.274462 12.1938
1.48805 0.267272 9.6112
1.50779 0.240332 6.09565
1.54408 0.104842 8.72271
1.58614 0.0825321 6.53478
1.42703 0.208612 6.01365
1.51365 0.170212 7.62991
1.57954 0.118682 6.89079
1.67162 0.0426121 8.85798
