1.56687 0.110882 6.08845
1.71627 0.298902 8.13111
1.64609 0.309702 12.0433
1.62309 0.157892 7.56495
1.54662 0.312302 8.89745
1.69275 0.249672 4.83342
1.7082 0.167782 6.19134
1.63081 0.163102 6.40262
1.57678 0.0817121 10.6224
1.67664 0.144392 7.01074
1.63729 0.183712 5.86146
1.55672 0.272672 6.12329
1.61272 0.0950621 8.72814
1.44261 0.135512 10.6318
1.66722 0.312102 9.20542
1.43217 0.128942 6.0343
1.62924 0.0171221 8.85039
1.62851 0.116352 7.24413
1.71131 0.301022 9.14497
1.70388 0.0544521 7.71318
1.56498 0.0126821 6.34262
1.63586 0.0913221 10.6118
1.69801 0.0884521 10.5628
1.62949 0.145332 6.53623
1.49279 0.141462 6.42993
1.57326 0.289572 7.05007
1.67986 0.292162 6.67757
1.60344 0.00536214 3.34318
1.42381 0.242642 8.02927
1.5318 0.236032 5.35547
1.70938 0.211012 12.5537
1.47789 0.272412 8.96659
1.47682 0.106052 7.64219
1.58674 0.216042 2.59703
1.42415 0.0825321 6.53478
1.65803 0.0535621 8.75734
1.67051 0.198432 8.34197
1.41755 0.118682 6.89079
1.65246 0.252392 10.957
1.50963 0.0426121 8.85798
