1.64365 0.261986 7.18776
1.49313 0.061436 9.37164
1.71404 0.126426 9.70339
1.63709 0.102156 9.44493
1.68153 0.00348602 9.10726
1.48985 0.266816 6.57907
1.43573 0.165206 5.41518
1.65218 0.261066 9.33824
1.70721 0.128686 7.33901
1.6093 0.068156 7.76683
1.60936 0.169276 9.65105
1.6636 0.084956 7.36461
1.46964 0.272556 10.8164
1.59249 0.191546 7.87974
1.48132 0.219096 9.38908
1.58353 0.296096 8.8288
1.59931 0.185196 7.88671
1.60666 0.292456 4.65153
1.54492 0.115306 11.2008
1.56008 0.309936 10.6401
1.49735 0.089776 10.3085
1.4268 0.281536 7.48278
1.59827 0.185226 8.5693
1.72 0.074566 6.78061
1.60213 0.192026 5.27358
1.63531 0.306926 11.3125
1.72652 0.123836 9.18662
1.57886 0.096086 10.926
1.47317 0.255206 9.88451
1.65069 0.068236 6.57205
1.65499 0.149906 8.01684
1.71585 0.277166 10.1045
1.70958 0.293196 10.4344
1.4544 0.218896 10.8479
1.66064 0.147096 11.0462
1.66493 0.200856 4.13992
1.67068 0.224166 7.31184
1.49846 0.226666 9.96904
1.45691 0.199376 6.67278
1.46823 0.118056 9.37908
1.56995 0.189976 10.9693
1.61347 0.235286 12.2061
1.62247 0.143726 9.28645
1.61131 0.090676 12.0975
1.47107 0.121486 9.39051
1.44929 0.112586 3.84092
1.5433 0.017736 8.74354
1.62887 0.197226 10.4939
