1.52449 0.1438 5.2493
1.46472 0.30817 5.42979
1.59519 0.28226 10.0795
1.60039 0.24031 12.458
1.43838 0.20828 7.15422
1.49436 0.19645 10.5645
1.49622 0.20314 11.2394
1.71632 0.0105096 6.82659
1.64906 0.1372 8.1405
1.50025 0.00714957 13.2212
1.63665 0.0403696 11.1315
1.58232 0.18184 8.09945
1.70481 0.0197996 7.26213
1.57668 0.0933996 12.7998
1.59336 0.20616 9.85298
1.47366 0.16179 4.88651
1.56289 0.1785 9.76161
1.60558 0.0737996 8.80065
1.55306 0.11337 10.6129
1.71701 0.12453 8.60217
1.65998 0.17204 11.2664
1.66144 0.16981 11.3707
1.58971 0.24908 6.80955
1.50406 0.0525596 8.85913
1.42783 0.0562296 5.27226
1.45716 0.30325 5.97961
1.48807 0.0100396 10.1091
1.55629 0.0484696 7.63856
1.47604 0.0335196 9.2042
1.44895 0.0929096 9.48219
1.63328 0.12624 6.29525
1.72336 0.29623 7.93248
1.68384 0.26875 7.5046
1.72413 0.18266 6.42572
1.45356 0.0384896 9.01659
1.62766 0.25513 12.6634
1.44976 0.21857 7.78005
1.54076 0.0656996 6.82729
1.65858 0.30755 5.94865
1.51364 0.13218 7.95658
1.56547 0.15504 8.17665
1.51685 0.15033 7.72861
1.67411 0.0191296 8.63258
1.60588 0.0581496 5.86578
1.49349 0.19418 7.12577
1.72497 0.25815 9.3563
1.70264 0.31226 10.783
1.53398 0.0627596 8.85094
1.41614 0.0358296 10.1321
1.56247 0.3023 6.34104
