1.68345 0.161733 6.86862
1.69664 0.128323 8.13111
1.62646 0.139123 12.0433
1.63556 0.240963 10.6259
1.7104 0.285273 9.63906
1.52699 0.141723 8.89745
1.67312 0.0790935 4.83342
1.46875 0.242373 10.1573
1.72065 0.0938435 9.37649
1.70411 0.311913 6.07598
1.60537 0.268113 6.92432
1.605 0.275233 10.6023
1.7217 0.128163 9.01191
1.61766 0.0131335 5.86146
1.53709 0.102093 6.12329
1.57259 0.191313 10.248
1.4676 0.173253 7.48382
1.46658 0.191683 7.6065
1.64759 0.141523 9.20542
1.69168 0.130443 9.14497
1.58323 0.160933 7.25093
1.44908 0.168843 9.31824
1.43399 0.288473 9.22614
1.55363 0.118993 7.05007
1.62566 0.285613 2.86335
1.66023 0.121583 6.67757
1.71456 0.313373 8.34123
1.51217 0.0654535 5.35547
1.68975 0.0404335 12.5537
1.58423 0.185573 10.6196
1.45826 0.101833 8.96659
1.54103 0.309423 8.85975
1.66911 0.180143 6.37333
1.55518 0.282733 7.24938
1.70766 0.281423 5.94507
1.56711 0.0454635 2.59703
1.60004 0.215453 6.44337
1.66628 0.191573 7.59023
1.70868 0.0732735 6.83018
1.65088 0.0278535 8.34197
1.66534 0.147073 10.9833
1.63283 0.0818135 10.957
1.50888 0.170973 9.26881
