1.61625 0.125801 11.2358
1.49494 0.096757 5.49643
1.61822 0.313706 8.55357
1.54682 0.301131 6.84356
1.6456 0.270296 6.82155
1.45007 0.0873393 8.70002
1.42463 0.117554 11.5783
1.48246 0.00795615 10.1957
1.45852 0.288415 9.14711
1.44792 0.241371 6.65722
1.50655 0.250976 11.3427
1.66063 0.260836 7.19434
1.64348 0.165813 8.03949
1.58136 0.0912509 8.61454
1.44641 0.0323062 8.2235
1.58665 0.133544 9.15397
1.53114 0.248766 11.752
1.52921 0.0774283 7.47052
1.66922 0.172109 7.31087
1.46039 0.0760883 5.86824
1.611 0.161574 9.11878
1.41819 0.295558 9.16685
1.41507 0.0808156 9.94106
1.69906 0.278006 8.4487
1.44799 0.197019 9.83102
1.59516 0.225392 7.97113
1.47781 0.186886 8.75275
1.55168 0.235261 6.60827
1.5799 0.195755 9.00137
1.59063 0.0631369 8.29084
1.65906 0.0279362 9.66419
1.62826 0.0631059 6.58664
1.58023 0.251575 6.05235
1.42311 0.16656 8.00612
1.70245 0.188691 6.308
1.52161 0.00707615 11.0336
1.51991 0.0462727 10.8973
1.53501 0.283469 6.05723
1.71802 0.303981 10.2666
1.67213 0.0760093 5.63548
1.42279 0.307092 10.9814
