1.57094 0.171166 6.19461
1.49313 0.266376 9.37164
1.69814 0.175006 9.54773
1.63709 0.307096 9.44493
1.68153 0.208426 9.10726
1.63965 0.108206 7.54688
1.69001 0.0910159 8.81649
1.6093 0.273096 7.76683
1.6636 0.289896 7.36461
1.61657 0.0298359 8.13816
1.50737 0.0519559 9.79795
1.49735 0.294716 10.3085
1.45738 0.0990259 7.94804
1.50934 0.125796 9.26338
1.72 0.279506 6.78061
1.59068 0.00751586 8.37107
1.58038 0.0430659 8.42869
1.57886 0.301026 10.926
1.65069 0.273176 6.57205
1.61611 0.136636 8.42056
1.58078 0.128796 10.5699
1.4408 0.0905659 10.2304
1.54834 0.0646659 5.35347
1.60623 0.0929259 8.88135
1.63942 0.147786 7.49122
1.51121 0.0925659 9.19404
1.46491 0.127996 9.34095
1.44291 0.00803586 7.2218
1.54596 0.150616 6.53437
1.61131 0.295616 12.0975
1.70849 0.0445459 7.53375
1.51834 0.0514159 9.51503
1.5433 0.222676 8.74354
1.70283 0.00376586 9.82356
