1.69595 0.0120449 10.7507
1.68827 0.0857349 9.70355
1.59431 0.0178549 9.21391
1.71085 0.0678449 4.49879
1.51936 0.0391849 6.90745
1.5921 0.284375 6.52664
1.69307 0.0248649 7.84762
1.71399 0.243585 8.84598
1.55182 0.222365 8.51821
1.7121 0.285025 6.67077
1.64477 0.168545 10.158
1.64091 0.00989485 9.39325
1.54576 0.0556749 7.46348
1.58152 0.0823049 6.21301
1.64761 0.0726249 9.48503
1.64337 0.0574049 9.27945
1.69718 0.0915249 8.29129
1.72493 0.163395 5.98188
1.62636 0.243055 8.55271
1.70043 0.205065 9.89814
1.55625 0.188065 10.6139
1.57176 0.141005 9.8477
1.63133 0.110955 8.25778
1.64851 0.125295 12.9376
1.52296 0.183455 9.25586
1.65883 0.0100449 9.466
1.65484 0.113205 7.04974
1.71955 0.216815 9.93891
