1.61625 0.228884 11.2358
1.49494 0.19984 5.49643
1.45007 0.190423 8.70002
1.42463 0.220638 11.5783
1.58481 0.0782797 9.07765
1.48246 0.11104 10.1957
1.64348 0.268897 8.03949
1.58136 0.194334 8.61454
1.44641 0.13539 8.2235
1.70908 0.0962797 9.48351
1.58665 0.236628 9.15397
1.52921 0.180512 7.47052
1.66922 0.275193 7.31087
1.46039 0.179172 5.86824
1.611 0.264658 9.11878
1.41507 0.183899 9.94106
1.44799 0.300103 9.83102
1.7228 0.0936697 5.64483
1.52067 0.00986966 9.50062
1.67896 0.0596197 5.5814
1.47781 0.28997 8.75275
1.5799 0.298839 9.00137
1.47227 0.0849697 8.86507
1.59063 0.16622 8.29084
1.65906 0.13102 9.66419
1.62826 0.166189 6.58664
1.681 0.0807397 6.18782
1.42311 0.269644 8.00612
1.70245 0.291775 6.308
1.5314 0.0955997 5.05418
1.52161 0.11016 11.0336
1.51991 0.149356 10.8973
1.59941 0.0315097 5.76839
1.49261 0.0499297 3.32247
1.64802 0.0154097 10.4545
1.56737 0.000139664 9.17467
1.67213 0.179093 5.63548
1.47571 0.0138297 7.30187
