1.49715 0.111447 10.7507
1.48947 0.185137 9.70355
1.51204 0.167247 4.49879
1.60858 0.0170268 4.12123
1.41438 0.0972768 9.80259
1.7055 0.0909868 5.21027
1.63125 0.103237 7.8833
1.45324 0.0302568 12.1024
1.69883 0.257817 7.81723
1.49426 0.124267 7.84762
1.56818 0.267447 9.21965
1.72354 0.300507 6.22563
1.62335 0.258907 10.3889
1.59031 0.180667 8.10052
1.67086 0.101907 6.13027
1.53329 0.258897 8.75283
1.68383 0.0313968 6.36379
1.44597 0.267947 10.158
1.72197 0.297427 9.7264
1.44211 0.109297 9.39325
1.72472 0.123837 7.17227
1.58045 0.00534681 7.65143
1.44881 0.172027 9.48503
1.44594 0.0278968 10.9435
1.44456 0.156807 9.27945
1.63696 0.304357 10.331
1.49837 0.190927 8.29129
1.6021 0.247137 6.61368
1.6595 0.292657 7.00005
1.60484 0.0719568 9.5182
1.68356 0.0987768 6.32903
1.50681 0.00116681 8.3101
1.52613 0.262797 5.98188
1.44135 0.0197668 7.39632
1.50163 0.304467 9.89814
1.59851 0.0905268 6.68258
1.67875 0.153417 8.01433
1.65157 0.0546868 7.22465
1.6961 0.226067 9.28761
1.66303 0.227777 3.15309
1.43253 0.210357 8.25778
1.56705 0.290047 7.46354
1.54402 0.0391568 5.51908
1.51103 0.00821681 6.03551
1.56936 0.00488681 6.97603
1.4497 0.224697 12.9376
1.46003 0.109447 9.466
1.72015 0.123697 5.54356
1.49741 0.0880068 7.33525
1.45065 0.0452868 11.7481
1.72443 0.183977 6.85474
1.61114 0.0714168 8.03522
1.45604 0.212607 7.04974
