1.64365 0.25585 7.18776
1.49313 0.0553001 9.37164
1.71404 0.12029 9.70339
1.63709 0.0960201 9.44493
1.48985 0.26068 6.57907
1.43573 0.15907 5.41518
1.65218 0.25493 9.33824
1.70721 0.12255 7.33901
1.6093 0.0620201 7.76683
1.60936 0.16314 9.65105
1.6636 0.0788201 7.36461
1.46964 0.26642 10.8164
1.59249 0.18541 7.87974
1.48132 0.21296 9.38908
1.58353 0.28996 8.8288
1.59931 0.17906 7.88671
1.60666 0.28632 4.65153
1.54492 0.10917 11.2008
1.56008 0.3038 10.6401
1.49735 0.0836401 10.3085
1.4268 0.2754 7.48278
1.59827 0.17909 8.5693
1.72 0.0684301 6.78061
1.60213 0.18589 5.27358
1.63531 0.30079 11.3125
1.72652 0.1177 9.18662
1.57886 0.0899501 10.926
1.47317 0.24907 9.88451
1.65069 0.0621001 6.57205
1.65499 0.14377 8.01684
1.71585 0.27103 10.1045
1.70958 0.28706 10.4344
1.4544 0.21276 10.8479
1.66064 0.14096 11.0462
1.66493 0.19472 4.13992
1.67068 0.21803 7.31184
1.49846 0.22053 9.96904
1.45691 0.19324 6.67278
1.46823 0.11192 9.37908
1.56995 0.18384 10.9693
1.61347 0.22915 12.2061
1.62247 0.13759 9.28645
1.61131 0.0845401 12.0975
1.47107 0.11535 9.39051
1.44929 0.10645 3.84092
1.5433 0.0116001 8.74354
1.62887 0.19109 10.4939
