1.70489 0.0169294 7.21136
1.67786 0.281069 8.00685
1.503 0.212729 7.32341
1.67167 0.00582936 8.27018
1.68238 0.100499 5.18956
1.4209 0.0658094 6.45865
1.50468 0.200719 7.17194
1.70631 0.00660936 4.93978
1.55716 0.0787394 10.3407
1.69931 0.0583394 9.69773
1.56066 0.195689 12.5877
1.53224 0.0349794 6.20019
1.56284 0.177979 8.73111
1.65398 0.0314494 8.76033
1.68522 0.0538794 6.28263
1.54441 0.0803294 6.80289
1.49734 0.0927494 7.0433
1.64306 0.200809 7.16549
1.51962 0.104699 6.78599
1.56866 0.156239 8.44774
1.69811 0.178599 8.13112
1.70654 0.268749 9.59547
1.47822 0.162129 11.8953
1.67212 0.156949 8.55428
1.55194 0.242539 8.08046
1.5397 0.271319 5.77223
1.54217 0.170169 9.98738
1.51598 0.312949 7.09459
1.68443 0.153899 7.27102
1.695 0.0127494 6.74294
1.56071 0.128749 10.0118
1.50934 0.277709 8.02934
1.54905 0.253509 8.04949
1.61126 0.245569 9.95921
1.48176 0.232559 8.86796
1.46899 0.146539 11.6245
1.57778 0.259049 3.61214
1.68531 0.186729 6.46419
1.45078 0.160169 9.51136
1.54569 0.108039 11.9383
1.43485 0.215449 9.62859
