1.72279 0.00195161 8.13136
1.65774 0.0878216 9.42983
1.48821 0.174012 10.1985
1.66744 0.0307516 7.42089
1.69001 0.302092 8.81649
1.66946 0.136652 7.37324
1.70221 0.185962 14.0718
1.61657 0.240912 8.13816
1.50737 0.263032 9.79795
1.44663 0.159562 6.81326
1.45738 0.310102 7.94804
1.70125 0.201502 8.9649
1.59068 0.218592 8.37107
1.58038 0.254142 8.42869
1.60484 0.0991116 6.94769
1.71962 0.0251216 9.14889
1.50811 0.0901416 10.5855
1.57528 0.0712916 9.40788
1.49388 0.0631516 7.6935
1.49055 0.207522 9.9086
1.4408 0.301642 10.2304
1.41434 0.0393816 9.99024
1.48821 0.104312 8.92796
1.54834 0.275742 5.35347
1.58014 0.200712 7.07325
1.60623 0.304002 8.88135
1.63849 0.192072 7.57258
1.5905 0.183212 7.9849
1.51121 0.303642 9.19404
1.6687 0.0310516 8.25033
1.44291 0.219112 7.2218
1.56469 0.126792 12.3679
1.70374 0.0413516 9.7349
1.70849 0.255622 7.53375
1.51834 0.262492 9.51503
1.47706 0.0821716 6.92325
1.70283 0.214842 9.82356
1.44913 0.154742 6.26427
