1.72272 0.142099 6.86862
1.66573 0.119489 12.0433
1.67483 0.221329 10.6259
1.56626 0.122089 8.89745
1.71239 0.0594585 4.83342
1.50802 0.222739 10.1573
1.64464 0.248479 6.92432
1.64427 0.255599 10.6023
1.57636 0.0824585 6.12329
1.61186 0.171679 10.248
1.452 0.156579 9.05278
1.50687 0.153619 7.48382
1.50585 0.172049 7.6065
1.68686 0.121889 9.20542
1.6225 0.141299 7.25093
1.48835 0.149209 9.31824
1.47326 0.268839 9.22614
1.44696 0.270769 6.55013
1.5929 0.0993585 7.05007
1.66493 0.265979 2.86335
1.49026 0.298709 5.34713
1.4239 0.306289 11.87
1.6995 0.101949 6.67757
1.44345 0.0524285 8.02927
1.55144 0.0458185 5.35547
1.43907 0.124709 7.94901
1.6235 0.165939 10.6196
1.49373 0.295089 8.30364
1.49753 0.0821985 8.96659
1.5803 0.289789 8.85975
1.70838 0.160509 6.37333
1.59445 0.263099 7.24938
1.72624 0.294819 9.80952
1.44368 0.157789 6.99795
1.60638 0.0258285 2.59703
1.44882 0.302249 8.2391
1.63931 0.195819 6.44337
1.70555 0.171939 7.59023
1.69015 0.00821852 8.34197
1.70461 0.127439 10.9833
1.6721 0.0621785 10.957
1.54815 0.151339 9.26881
