1.65409 0.183721 6.35558
1.66388 0.169621 9.08387
1.65406 0.0355809 10.0863
1.72308 0.146341 5.50001
1.71894 0.211681 7.07294
1.6177 0.0864909 7.18692
1.66655 0.0618909 6.57828
1.67057 0.216221 10.1404
1.62304 0.170391 5.80099
1.61927 0.0652309 12.0625
1.61192 0.171091 9.88572
1.60683 0.268961 10.087
1.69442 0.290861 4.73315
1.66536 0.153041 10.4478
1.70528 0.115901 13.8328
1.72098 0.112811 7.52441
1.69003 0.125321 8.90965
1.69333 0.00925089 6.24003
1.7045 0.167161 9.41877
1.65681 0.257901 5.20822
