1.63331 0.150746 10.1919
1.41769 0.053306 5.93884
1.48586 0.078386 4.12123
1.58279 0.152346 5.21027
1.72202 0.263626 8.77379
1.50853 0.164596 7.8833
1.62852 0.207136 8.02336
1.68711 0.281276 6.7586
1.63546 0.282736 7.54989
1.70491 0.203956 6.60112
1.63756 0.166826 10.0676
1.72205 0.159766 8.81692
1.59876 0.023116 11.8414
1.46759 0.242026 8.10052
1.54814 0.163266 6.13027
1.62302 0.128536 7.31655
1.63172 0.245826 13.0983
1.56112 0.092756 6.36379
1.72767 0.210216 10.097
1.602 0.185196 7.17227
1.45773 0.066706 7.65143
1.62385 0.124706 7.71969
1.47938 0.308496 6.61368
1.6266 0.106026 9.53535
1.71727 0.00435604 3.82463
1.48212 0.133316 9.5182
1.56084 0.160136 6.32903
1.47579 0.151886 6.68258
1.55603 0.214776 8.01433
1.50609 0.00867604 7.00851
1.52885 0.116046 7.22465
1.57338 0.287426 9.28761
1.70504 0.188616 6.9164
1.54032 0.289136 3.15309
1.68351 0.164496 6.5519
1.57265 0.024386 11.5361
1.65835 0.033846 12.6999
1.6806 0.076456 7.67328
1.64418 0.157576 11.0413
1.57296 0.00763604 6.95572
1.7108 0.037196 11.6204
1.4213 0.100516 5.51908
1.44665 0.066246 6.97603
1.47986 0.045026 12.9282
1.61761 0.163736 10.3814
1.59743 0.185056 5.54356
1.60171 0.245336 6.85474
1.53517 0.035926 7.5048
1.48842 0.132776 8.03522
