1.54903 0.156071 5.2493
1.61974 0.294531 10.0795
1.62493 0.252581 12.458
1.47349 0.00374142 8.74819
1.46292 0.220551 7.15422
1.5189 0.208721 10.5645
1.52076 0.215411 11.2394
1.6736 0.149471 8.1405
1.52479 0.0194214 13.2212
1.66119 0.0526414 11.1315
1.43713 0.295881 7.75577
1.60686 0.194111 8.09945
1.60122 0.105671 12.7998
1.61791 0.218431 9.85298
1.49821 0.174061 4.88651
1.58743 0.190771 9.76161
1.63012 0.0860714 8.80065
1.63024 0.00205142 8.41183
1.5776 0.125641 10.6129
1.68452 0.184311 11.2664
1.68598 0.182081 11.3707
1.61425 0.261351 6.80955
1.5286 0.0648314 8.85913
1.45238 0.0685014 5.27226
1.51261 0.0223114 10.1091
1.58083 0.0607414 7.63856
1.50058 0.0457914 9.2042
1.47349 0.105181 9.48219
1.65783 0.138511 6.29525
1.43157 0.118511 5.92395
1.70839 0.281021 7.5046
1.4781 0.0507614 9.01659
1.6522 0.267401 12.6634
1.4743 0.230841 7.78005
1.56531 0.0779714 6.82729
1.53818 0.144451 7.95658
1.59001 0.167311 8.17665
1.54139 0.162601 7.72861
1.69866 0.0314014 8.63258
1.42325 0.121621 7.02854
1.63042 0.0704214 5.86578
1.51803 0.206451 7.12577
1.41906 0.0274214 10.1543
1.55853 0.0750314 8.85094
1.44069 0.0481014 10.1321
