1.65774 0.0583692 9.42983
1.48821 0.144559 10.1985
1.66744 0.00129918 7.42089
1.63965 0.289829 7.54688
1.69001 0.272639 8.81649
1.66946 0.107199 7.37324
1.70221 0.156509 14.0718
1.61657 0.211459 8.13816
1.50737 0.233579 9.79795
1.44663 0.130109 6.81326
1.45738 0.280649 7.94804
1.70125 0.172049 8.9649
1.50934 0.307419 9.26338
1.59068 0.189139 8.37107
1.58038 0.224689 8.42869
1.60484 0.0696592 6.94769
1.50811 0.0606892 10.5855
1.57528 0.0418392 9.40788
1.49388 0.0336992 7.6935
1.49055 0.178069 9.9086
1.58078 0.310419 10.5699
1.4408 0.272189 10.2304
1.41434 0.00992918 9.99024
1.48821 0.0748592 8.92796
1.54834 0.246289 5.35347
1.58014 0.171259 7.07325
1.60623 0.274549 8.88135
1.63849 0.162619 7.57258
1.5905 0.153759 7.9849
1.51121 0.274189 9.19404
1.46491 0.309619 9.34095
1.6687 0.00159918 8.25033
1.44291 0.189659 7.2218
1.56469 0.0973392 12.3679
1.70374 0.0118992 9.7349
1.70849 0.226169 7.53375
1.51834 0.233039 9.51503
1.47706 0.0527192 6.92325
1.70283 0.185389 9.82356
1.44913 0.125289 6.26427
