1.5714 0.299982 7.34627
1.5773 0.297522 7.9443
1.43093 0.227362 10.1369
1.54704 0.211852 9.96675
1.4238 0.261292 8.01622
1.44809 0.233182 8.31697
1.46727 0.200462 9.96321
1.52016 0.269632 6.8438
1.56823 0.299412 10.4809
1.62669 0.135512 10.6318
1.61625 0.128942 6.0343
1.45601 0.123342 10.4059
1.56154 0.113502 8.08206
1.48954 0.00783214 11.6119
1.4577 0.109542 10.3578
1.41803 0.313942 7.72788
1.5277 0.0364921 8.01005
1.44137 0.114292 8.65119
1.54478 0.0168321 7.89155
1.67687 0.141462 6.42993
1.53146 0.0182821 11.4016
1.5631 0.124662 6.9326
1.57783 0.288482 8.9252
1.60789 0.242642 8.02927
1.71588 0.236032 5.35547
1.4616 0.0435221 6.79222
1.44703 0.298522 9.21138
1.66197 0.272412 8.96659
1.6609 0.106052 7.64219
1.44304 0.274462 12.1938
1.51014 0.267272 9.6112
1.52987 0.240332 6.09565
1.56617 0.104842 8.72271
1.60823 0.0825321 6.53478
1.44912 0.208612 6.01365
1.53574 0.170212 7.62991
1.60163 0.118682 6.89079
1.69371 0.0426121 8.85798
