1.57094 0.288976 6.19461
1.69814 0.292816 9.54773
1.48821 0.0807456 10.1985
1.63965 0.226016 7.54688
1.69001 0.208826 8.81649
1.66946 0.0433856 7.37324
1.70221 0.0926956 14.0718
1.61657 0.147646 8.13816
1.50737 0.169766 9.79795
1.44663 0.0662956 6.81326
1.45738 0.216836 7.94804
1.70125 0.108236 8.9649
1.50934 0.243606 9.26338
1.59068 0.125326 8.37107
1.58038 0.160876 8.42869
1.60484 0.00584558 6.94769
1.61611 0.254446 8.42056
1.49055 0.114256 9.9086
1.58078 0.246606 10.5699
1.4408 0.208376 10.2304
1.48821 0.0110456 8.92796
1.54834 0.182476 5.35347
1.58014 0.107446 7.07325
1.60623 0.210736 8.88135
1.63942 0.265596 7.49122
1.63849 0.0988056 7.57258
1.5905 0.0899456 7.9849
1.51121 0.210376 9.19404
1.46491 0.245806 9.34095
1.44291 0.125846 7.2218
1.54596 0.268426 6.53437
1.56469 0.0335256 12.3679
1.70849 0.162356 7.53375
1.51834 0.169226 9.51503
1.70283 0.121576 9.82356
1.44913 0.0614756 6.26427
