1.52074 0.161376 10.0326
1.71993 0.148146 7.83831
1.53331 0.283006 10.873
1.48304 0.0412759 10.769
1.57498 0.210756 8.57833
1.61918 0.207556 8.04085
1.51052 0.269856 12.4246
1.43677 0.127596 12.4847
1.53832 0.249276 9.47512
1.67196 0.294446 6.38876
1.58846 0.311726 11.5704
1.48535 0.139406 7.52218
1.41792 0.252606 3.57622
1.43101 0.000305916 5.50001
1.71032 0.00966592 7.87222
1.50719 0.304196 12.4949
1.47843 0.125306 8.41301
1.53831 0.152446 7.94907
1.42687 0.0656459 7.07294
1.58464 0.0987959 9.69777
1.71737 0.282776 5.89735
1.41551 0.303376 12.4948
1.72494 0.308366 10.8744
1.46889 0.0488959 9.56019
1.68079 0.0263159 6.74909
1.47448 0.0299659 9.36655
1.43969 0.159776 12.3368
1.72126 0.162166 9.21655
1.46035 0.286196 6.2232
1.45975 0.225876 8.19064
1.52446 0.00374592 8.96678
1.70099 0.240786 5.2127
1.53675 0.195656 10.9849
1.64182 0.135376 9.11596
1.46041 0.280516 10.2854
1.62519 0.238296 8.8865
1.48084 0.309806 5.82223
1.58774 0.110746 8.8961
1.49676 0.276816 8.98904
1.43888 0.301236 7.99221
1.44045 0.228336 5.42487
1.5983 0.0549559 5.10995
1.65398 0.271586 5.61222
1.52182 0.299946 11.5061
1.46606 0.161506 9.33733
1.635 0.151246 9.34989
1.55049 0.302956 8.26861
