1.54767 0.0391855 10.1853
1.42238 0.181836 7.48317
1.62781 0.297366 8.69853
1.48968 0.0974855 9.83595
1.69885 0.301886 7.92899
1.67041 0.228496 9.39184
1.62163 0.167176 6.00485
1.61557 0.0833355 8.80242
1.62172 0.0397055 9.6439
1.69401 0.232366 9.35374
1.50956 0.0283155 6.16769
1.57144 0.0901455 7.40473
1.60137 0.0595255 6.64655
1.59042 0.291606 10.1846
1.58102 0.185306 10.6279
1.70284 0.277776 11.9338
1.60644 0.146716 5.92509
1.5778 0.274676 11.9504
1.65466 0.143606 9.6978
1.51397 0.153626 6.98397
1.62331 0.233336 12.7744
1.64005 0.141516 9.42632
1.67502 0.129026 7.91843
1.59561 0.166936 9.52918
1.43336 0.132116 10.1498
1.55638 0.0320155 7.55029
1.67162 0.299736 8.95233
1.60199 0.202346 4.57745
1.68309 0.0697655 10.4128
1.57806 0.151446 7.50102
1.64293 0.205196 9.03485
1.53741 0.255446 9.22838
1.57542 0.217926 6.2887
1.57273 0.177156 10.3397
1.61369 0.230066 9.15752
1.72598 0.306116 9.73365
1.53947 0.126076 11.6866
1.7135 0.288676 5.02904
1.44175 0.169286 7.16749
1.67917 0.182776 8.68781
1.64145 0.243966 8.16371
1.54467 0.274646 8.43044
1.54891 0.171056 9.07249
1.5104 0.0693555 8.42762
1.53704 0.215346 9.93495
1.56099 0.287586 8.03211
1.71988 0.0132655 7.85834
1.45249 0.105166 6.43828
1.63589 0.310666 6.16866
1.4598 0.0617155 5.13396
