1.6532 0.0919545 10.1853
1.52791 0.234604 7.48317
1.59521 0.150254 9.83595
1.48485 0.236504 6.19134
1.45329 0.213114 7.01074
1.72716 0.219944 6.00485
1.7211 0.136104 8.80242
1.72725 0.0924745 9.6439
1.50869 0.226724 4.73505
1.41394 0.252434 5.86146
1.51568 0.0885945 6.51004
1.61509 0.0810845 6.16769
1.67697 0.142914 7.40473
1.7069 0.112294 6.64655
1.68655 0.238074 10.6279
1.50894 0.117094 8.39158
1.71197 0.199484 5.92509
1.48053 0.123174 7.71318
1.6195 0.206394 6.98397
1.66811 0.0375345 9.36544
1.48749 0.0140045 5.89698
1.70114 0.219704 9.52918
1.47466 0.157174 10.5628
1.61297 0.0400745 9.60221
1.53889 0.184884 10.1498
1.66191 0.0847845 7.55029
1.70752 0.255114 4.57745
1.6909 0.0311645 10.1096
1.68359 0.204214 7.50102
1.51457 0.0942145 10.1143
1.48603 0.279734 12.5537
1.64294 0.308214 9.22838
1.68095 0.270694 6.2887
1.67826 0.229924 10.3397
1.71922 0.282834 9.15752
1.51413 0.123774 10.3412
1.4335 0.0183145 13.4192
1.58754 0.0203345 9.6493
1.645 0.178844 11.6866
1.50496 0.312574 6.83018
1.44363 0.0559745 9.58671
1.54728 0.222054 7.16749
1.43468 0.122284 8.75734
1.44716 0.267154 8.34197
1.65444 0.223824 9.07249
1.61593 0.122124 8.42762
1.64257 0.268114 9.93495
1.51146 0.0655045 11.9621
1.55802 0.157934 6.43828
1.56533 0.114484 5.13396
