1.57094 0.234979 6.19461
1.69814 0.238819 9.54773
1.68153 0.272239 9.10726
1.48821 0.0267495 10.1985
1.63965 0.172019 7.54688
1.69001 0.154829 8.81649
1.70221 0.0386995 14.0718
1.61657 0.0936495 8.13816
1.50737 0.115769 9.79795
1.44663 0.0122995 6.81326
1.45738 0.162839 7.94804
1.70125 0.0542395 8.9649
1.50934 0.189609 9.26338
1.59068 0.0713295 8.37107
1.58038 0.106879 8.42869
1.61611 0.200449 8.42056
1.49055 0.0602595 9.9086
1.58078 0.192609 10.5699
1.4408 0.154379 10.2304
1.54834 0.128479 5.35347
1.58014 0.0534495 7.07325
1.60623 0.156739 8.88135
1.63942 0.211599 7.49122
1.63849 0.0448095 7.57258
1.5905 0.0359495 7.9849
1.51121 0.156379 9.19404
1.46491 0.191809 9.34095
1.44291 0.0718495 7.2218
1.54596 0.214429 6.53437
1.70849 0.108359 7.53375
1.51834 0.115229 9.51503
1.5433 0.286489 8.74354
1.70283 0.0675795 9.82356
1.44913 0.00747946 6.26427
