1.56239 0.0465486 10.1853
1.4371 0.189199 7.48317
1.64253 0.304729 8.69853
1.5044 0.104849 9.83595
1.71357 0.309249 7.92899
1.68513 0.235859 9.39184
1.63635 0.174539 6.00485
1.42612 0.287739 9.37649
1.63029 0.0906986 8.80242
1.63644 0.0470686 9.6439
1.41788 0.181319 4.73505
1.42487 0.0431886 6.51004
1.70873 0.239729 9.35374
1.52428 0.0356786 6.16769
1.58616 0.0975086 7.40473
1.61609 0.0668886 6.64655
1.60514 0.298969 10.1846
1.59574 0.192669 10.6279
1.71756 0.285139 11.9338
1.41813 0.0716886 8.39158
1.62116 0.154079 5.92509
1.59252 0.282039 11.9504
1.66938 0.150969 9.6978
1.52869 0.160989 6.98397
1.63803 0.240699 12.7744
1.65477 0.148879 9.42632
1.68974 0.136389 7.91843
1.61033 0.174299 9.52918
1.44808 0.139479 10.1498
1.5711 0.0393786 7.55029
1.68634 0.307099 8.95233
1.61671 0.209709 4.57745
1.69781 0.0771286 10.4128
1.59278 0.158809 7.50102
1.42376 0.0488086 10.1143
1.65765 0.212559 9.03485
1.55213 0.262809 9.22838
1.59014 0.225289 6.2887
1.58745 0.184519 10.3397
1.62841 0.237429 9.15752
1.42332 0.0783686 10.3412
1.55419 0.133439 11.6866
1.41415 0.267169 6.83018
1.45647 0.176649 7.16749
1.69389 0.190139 8.68781
1.65617 0.251329 8.16371
1.55939 0.282009 8.43044
1.56363 0.178419 9.07249
1.52512 0.0767186 8.42762
1.55176 0.222709 9.93495
1.57571 0.294949 8.03211
1.42065 0.0200986 11.9621
1.46721 0.112529 6.43828
1.47452 0.0690786 5.13396
