1.65935 0.237286 6.53953
1.49341 0.220696 10.1919
1.72634 0.101056 7.32341
1.44289 0.222296 5.21027
1.48862 0.277086 8.02336
1.556 0.00398556 10.3827
1.56501 0.273906 6.60112
1.49766 0.236776 10.0676
1.58215 0.229716 8.81692
1.45886 0.0930656 11.8414
1.48312 0.198486 7.31655
1.42122 0.162706 6.36379
1.44847 0.0127056 11.4721
1.58777 0.280166 10.097
1.4621 0.255146 7.17227
1.6238 0.0262456 11.0715
1.48395 0.194656 7.71969
1.63332 0.273116 8.87112
1.44196 0.0144256 8.23512
1.4867 0.175976 9.53535
1.57737 0.0743056 3.82463
1.42094 0.230086 6.32903
1.48842 0.0498256 6.39183
1.70157 0.0504556 11.8953
1.41613 0.284726 8.01433
1.48808 0.0174056 8.20971
1.70672 0.307676 8.59988
1.59841 0.261226 9.47317
1.68593 0.203806 8.34567
1.41819 0.0118856 9.54618
1.56514 0.258566 6.9164
1.54361 0.234446 6.5519
1.43275 0.0943356 11.5361
1.51845 0.103796 12.6999
1.59713 0.207976 9.81325
1.5407 0.146406 7.67328
1.65321 0.204576 11.414
1.50428 0.227526 11.0413
1.43306 0.0775856 6.95572
1.70511 0.120886 8.86796
1.5709 0.107146 11.6204
1.69234 0.0348656 11.6245
1.5924 0.159846 9.27702
1.67413 0.0484956 9.51136
1.47771 0.233686 10.3814
1.45753 0.255006 5.54356
1.6582 0.103776 9.62859
