1.49079 0.110882 6.08845
1.64019 0.298902 8.13111
1.57001 0.309702 12.0433
1.67518 0.165882 7.48317
1.54701 0.157892 7.56495
1.47054 0.312302 8.89745
1.61667 0.249672 4.83342
1.63212 0.167782 6.19134
1.55473 0.163102 6.40262
1.5007 0.0817121 10.6224
1.60056 0.144392 7.01074
1.6642 0.264422 9.37649
1.65596 0.158002 4.73505
1.66525 0.298742 9.01191
1.56121 0.183712 5.86146
1.66295 0.0198721 6.51004
1.48064 0.272672 6.12329
1.53664 0.0950621 8.72814
1.59114 0.312102 9.20542
1.65621 0.0483721 8.39158
1.55316 0.0171221 8.85039
1.55243 0.116352 7.24413
1.63523 0.301022 9.14497
1.6278 0.0544521 7.71318
1.4889 0.0126821 6.34262
1.55978 0.0913221 10.6118
1.62193 0.0884521 10.5628
1.55341 0.145332 6.53623
1.68616 0.116162 10.1498
1.41671 0.141462 6.42993
1.49718 0.289572 7.05007
1.60378 0.292162 6.67757
1.52736 0.00536214 3.34318
1.45572 0.236032 5.35547
1.66184 0.0254921 10.1143
1.6333 0.211012 12.5537
1.6614 0.0550521 10.3412
1.51066 0.216042 2.59703
1.65223 0.243852 6.83018
1.69455 0.153332 7.16749
1.58195 0.0535621 8.75734
1.59443 0.198432 8.34197
1.57638 0.252392 10.957
1.43355 0.0426121 8.85798
1.70529 0.0892121 6.43828
1.7126 0.0457621 5.13396
