1.65892 0.259534 8.90281
1.59967 0.0880139 7.83831
1.44838 0.293134 11.7371
1.70868 0.284054 7.80137
1.45471 0.150624 8.57833
1.65884 0.238994 8.17431
1.49892 0.147424 8.04085
1.63643 0.0334639 9.97669
1.71376 0.141404 8.56252
1.65322 0.258024 6.57714
1.67293 0.0254939 10.4727
1.61652 0.105694 8.41439
1.57802 0.276634 7.72265
1.41806 0.189144 9.47512
1.5517 0.234314 6.38876
1.4682 0.251594 11.5704
1.68257 0.0391539 8.50433
1.41805 0.0923139 7.94907
1.46437 0.0386639 9.69777
1.59711 0.222644 5.89735
1.60468 0.248234 10.8744
1.69706 0.0377139 6.74028
1.71136 0.292404 8.36558
1.60099 0.102034 9.21655
1.66259 0.0742339 8.22786
1.68069 0.0974539 10.1704
1.58072 0.180654 5.2127
1.41649 0.135524 10.9849
1.52156 0.0752439 9.11596
1.69427 0.216704 7.89086
1.50493 0.178164 8.8865
1.69964 0.252004 9.31683
1.63157 0.0305039 10.5989
1.46748 0.0506139 8.8961
1.6111 0.145094 7.74214
1.69275 0.0364839 10.3586
1.66566 0.146154 9.22537
1.42095 0.256784 12.2699
1.67916 0.292544 6.67414
1.53371 0.211454 5.61222
1.55731 0.313304 5.12397
1.62964 0.194434 11.3588
1.64888 0.302444 7.31318
1.51474 0.0911139 9.34989
1.43022 0.242824 8.26861
1.66874 0.210504 5.26847
