1.64844 0.0451546 7.21136
1.62141 0.309295 8.00685
1.44655 0.240955 7.32341
1.61522 0.0340546 8.27018
1.62593 0.128725 5.18956
1.68332 0.180335 9.63044
1.44823 0.228945 7.17194
1.64986 0.0348346 4.93978
1.6254 0.0126046 5.76332
1.50071 0.106965 10.3407
1.71339 0.227725 7.73981
1.67842 0.0582746 9.01314
1.55603 0.00280461 10.6604
1.64286 0.0865646 9.69773
1.50421 0.223915 12.5877
1.47579 0.0632046 6.20019
1.51355 0.0176246 9.14188
1.50639 0.206205 8.73111
1.59753 0.0596746 8.76033
1.62877 0.0821046 6.28263
1.48796 0.108555 6.80289
1.44089 0.120975 7.0433
1.58661 0.229035 7.16549
1.72517 0.0729946 7.87684
1.46317 0.132925 6.78599
1.51221 0.184465 8.44774
1.64166 0.206825 8.13112
1.65009 0.296975 9.59547
1.42177 0.190355 11.8953
1.65555 0.00707461 9.29426
1.61567 0.185175 8.55428
1.59328 0.0233646 9.75953
1.68981 0.275845 6.08858
1.49549 0.270765 8.08046
1.48325 0.299545 5.77223
1.48572 0.198395 9.98738
1.70895 0.0700446 7.66866
1.62798 0.182125 7.27102
1.63855 0.0409746 6.74294
1.50426 0.156975 10.0118
1.45289 0.305935 8.02934
1.4926 0.281735 8.04949
1.55481 0.273795 9.95921
1.42531 0.260785 8.86796
1.52133 0.287275 3.61214
1.62886 0.214955 6.46419
1.48924 0.136265 11.9383
1.60062 0.000914611 10.0623
