1.57094 0.177302 6.19461
1.49313 0.272512 9.37164
1.69814 0.181142 9.54773
1.63709 0.313232 9.44493
1.68153 0.214562 9.10726
1.63965 0.114342 7.54688
1.69001 0.0971518 8.81649
1.6093 0.279232 7.76683
1.6636 0.296032 7.36461
1.61657 0.0359718 8.13816
1.50737 0.0580918 9.79795
1.49735 0.300852 10.3085
1.45738 0.105162 7.94804
1.50934 0.131932 9.26338
1.72 0.285642 6.78061
1.59068 0.0136518 8.37107
1.58038 0.0492018 8.42869
1.57886 0.307162 10.926
1.65069 0.279312 6.57205
1.61611 0.142772 8.42056
1.49055 0.00258178 9.9086
1.58078 0.134932 10.5699
1.4408 0.0967018 10.2304
1.54834 0.0708018 5.35347
1.60623 0.0990618 8.88135
1.63942 0.153922 7.49122
1.51121 0.0987018 9.19404
1.46491 0.134132 9.34095
1.44291 0.0141718 7.2218
1.54596 0.156752 6.53437
1.61131 0.301752 12.0975
1.70849 0.0506818 7.53375
1.51834 0.0575518 9.51503
1.5433 0.228812 8.74354
1.70283 0.00990178 9.82356
