1.69162 0.081325 6.35737
1.66613 0.166565 5.94039
1.42386 0.093485 5.2493
1.63685 0.057235 9.89792
1.49456 0.231945 10.0795
1.49976 0.189995 12.458
1.69573 0.218505 11.3613
1.54843 0.086885 8.1405
1.71391 0.010825 6.94054
1.70333 0.175695 7.58633
1.48169 0.131525 8.09945
1.47605 0.043085 12.7998
1.49273 0.155845 9.85298
1.62775 0.017285 5.04181
1.46226 0.128185 9.76161
1.50495 0.023485 8.80065
1.64779 0.150465 9.52581
1.50053 0.298815 7.60748
1.49729 0.272835 7.75364
1.65377 0.226425 11.7225
1.70987 0.097505 9.65317
1.72727 0.025675 6.87333
1.63826 0.301125 8.30835
1.63167 0.111675 9.06267
1.45243 0.063055 10.6129
1.71026 0.076645 7.04585
1.61638 0.074215 8.60217
1.55935 0.121725 11.2664
1.68359 0.113885 12.1529
1.63069 0.059845 10.0811
1.56081 0.119495 11.3707
1.48908 0.198765 6.80955
1.72305 0.300175 9.2944
1.55755 0.309475 7.95035
1.53265 0.075925 6.29525
1.62273 0.245915 7.93248
1.67338 0.055615 9.79269
1.58322 0.218435 7.5046
1.68301 0.305395 6.53551
1.58128 0.265945 9.41331
1.6235 0.132345 6.42572
1.62754 0.149595 9.07474
1.68444 0.069245 9.39255
1.52703 0.204815 12.6634
1.44014 0.015385 6.82729
1.63892 0.300115 7.5089
1.71626 0.245565 8.53727
1.46984 0.309535 6.57324
1.55795 0.257235 5.94865
1.72467 0.085365 7.93291
1.69119 0.105805 9.50448
1.46484 0.104725 8.17665
1.41622 0.100015 7.72861
1.50525 0.007835 5.86578
1.62434 0.207835 9.3563
1.60201 0.261945 10.783
1.43335 0.012445 8.85094
1.46184 0.251985 6.34104
