1.64365 0.0595006 7.18776
1.48985 0.0643306 6.57907
1.52344 0.140521 5.39164
1.65218 0.0585806 9.33824
1.69398 0.135531 8.04004
1.46964 0.0700706 10.8164
1.46012 0.120891 10.0605
1.48132 0.0166106 9.38908
1.58353 0.0936106 8.8288
1.58481 0.230451 9.07765
1.48246 0.263211 10.1957
1.59249 0.136861 9.83798
1.4541 0.142221 11.9089
1.60666 0.0899706 4.65153
1.44641 0.287561 8.2235
1.56008 0.107451 10.6401
1.70908 0.248451 9.48351
1.4268 0.0790506 7.48278
1.63531 0.104441 11.3125
1.47317 0.0527206 9.88451
1.7228 0.245841 5.64483
1.52067 0.162041 9.50062
1.71585 0.0746806 10.1045
1.67896 0.211791 5.5814
1.70958 0.0907106 10.4344
1.47227 0.237141 8.86507
1.4544 0.0164106 10.8479
1.65906 0.283191 9.66419
1.59362 0.143971 1.79944
1.67068 0.0216806 7.31184
1.49846 0.0241806 9.96904
1.681 0.232911 6.18782
1.64491 0.124561 6.68269
1.46863 0.147231 7.73531
1.4166 0.134901 10.2291
1.5314 0.247771 5.05418
1.52161 0.262331 11.0336
1.51991 0.301527 10.8973
1.59941 0.183681 5.76839
1.49261 0.202101 3.32247
1.64802 0.167581 10.4545
1.56737 0.152311 9.17467
1.61347 0.0328006 12.2061
1.47571 0.166001 7.30187
