1.57094 0.217799 6.19461
1.49313 0.313009 9.37164
1.69814 0.221639 9.54773
1.68153 0.255059 9.10726
1.48821 0.00956887 10.1985
1.63965 0.154839 7.54688
1.69001 0.137649 8.81649
1.70221 0.0215189 14.0718
1.61657 0.0764689 8.13816
1.50737 0.0985889 9.79795
1.45738 0.145659 7.94804
1.70125 0.0370589 8.9649
1.50934 0.172429 9.26338
1.59068 0.0541489 8.37107
1.58038 0.0896989 8.42869
1.61611 0.183269 8.42056
1.49055 0.0430789 9.9086
1.58078 0.175429 10.5699
1.4408 0.137199 10.2304
1.54834 0.111299 5.35347
1.58014 0.0362689 7.07325
1.60623 0.139559 8.88135
1.63942 0.194419 7.49122
1.63849 0.0276289 7.57258
1.5905 0.0187689 7.9849
1.51121 0.139199 9.19404
1.46491 0.174629 9.34095
1.44291 0.0546689 7.2218
1.54596 0.197249 6.53437
1.70849 0.0911789 7.53375
1.51834 0.0980489 9.51503
1.5433 0.269309 8.74354
1.70283 0.0503989 9.82356
