1.61625 0.215385 11.2358
1.49494 0.186341 5.49643
1.45007 0.176924 8.70002
1.42463 0.207139 11.5783
1.58481 0.0647806 9.07765
1.48246 0.0975406 10.1957
1.64348 0.255398 8.03949
1.58136 0.180835 8.61454
1.44641 0.121891 8.2235
1.70908 0.0827806 9.48351
1.58665 0.223129 9.15397
1.52921 0.167013 7.47052
1.66922 0.261694 7.31087
1.46039 0.165673 5.86824
1.611 0.251159 9.11878
1.41507 0.1704 9.94106
1.44799 0.286604 9.83102
1.7228 0.0801706 5.64483
1.67896 0.0461206 5.5814
1.47781 0.276471 8.75275
1.5799 0.28534 9.00137
1.47227 0.0714706 8.86507
1.59063 0.152721 8.29084
1.65906 0.117521 9.66419
1.62826 0.15269 6.58664
1.681 0.0672406 6.18782
1.42311 0.256145 8.00612
1.70245 0.278276 6.308
1.5314 0.0821006 5.05418
1.52161 0.0966606 11.0336
1.51991 0.135857 10.8973
1.59941 0.0180106 5.76839
1.49261 0.0364306 3.32247
1.64802 0.00191063 10.4545
1.67213 0.165594 5.63548
1.47571 0.000330633 7.30187
