1.65774 0.0485517 9.42983
1.48821 0.134742 10.1985
1.63965 0.280012 7.54688
1.69001 0.262822 8.81649
1.66946 0.0973817 7.37324
1.70221 0.146692 14.0718
1.61657 0.201642 8.13816
1.50737 0.223762 9.79795
1.44663 0.120292 6.81326
1.45738 0.270832 7.94804
1.70125 0.162232 8.9649
1.50934 0.297602 9.26338
1.59068 0.179322 8.37107
1.58038 0.214872 8.42869
1.60484 0.0598417 6.94769
1.50811 0.0508717 10.5855
1.57528 0.0320217 9.40788
1.49388 0.0238817 7.6935
1.61611 0.308442 8.42056
1.49055 0.168252 9.9086
1.58078 0.300602 10.5699
1.4408 0.262372 10.2304
1.41434 0.000111703 9.99024
1.48821 0.0650417 8.92796
1.54834 0.236472 5.35347
1.58014 0.161442 7.07325
1.60623 0.264732 8.88135
1.63849 0.152802 7.57258
1.5905 0.143942 7.9849
1.51121 0.264372 9.19404
1.46491 0.299802 9.34095
1.44291 0.179842 7.2218
1.56469 0.0875217 12.3679
1.70374 0.0020817 9.7349
1.70849 0.216352 7.53375
1.51834 0.223222 9.51503
1.47706 0.0429017 6.92325
1.70283 0.175572 9.82356
1.44913 0.115472 6.26427
