1.69898 0.0850066 6.35737
1.67349 0.170247 5.94039
1.43122 0.0971666 5.2493
1.64422 0.0609166 9.89792
1.50193 0.235627 10.0795
1.50712 0.193677 12.458
1.7031 0.222187 11.3613
1.55579 0.0905666 8.1405
1.72127 0.0145066 6.94054
1.71069 0.179377 7.58633
1.48905 0.135207 8.09945
1.48341 0.0467666 12.7998
1.5001 0.159527 9.85298
1.63511 0.0209666 5.04181
1.46962 0.131867 9.76161
1.51231 0.0271666 8.80065
1.65516 0.154147 9.52581
1.50789 0.302497 7.60748
1.50465 0.276517 7.75364
1.66113 0.230107 11.7225
1.71723 0.101187 9.65317
1.64562 0.304807 8.30835
1.63903 0.115357 9.06267
1.45979 0.0667366 10.6129
1.71762 0.0803266 7.04585
1.62374 0.0778966 8.60217
1.56671 0.125407 11.2664
1.69096 0.117567 12.1529
1.63805 0.0635266 10.0811
1.56817 0.123177 11.3707
1.49644 0.202447 6.80955
1.56492 0.313157 7.95035
1.46302 0.00183656 7.63856
1.54002 0.0796066 6.29525
1.6301 0.249597 7.93248
1.68075 0.0592966 9.79269
1.59058 0.222117 7.5046
1.69037 0.309077 6.53551
1.58864 0.269627 9.41331
1.63086 0.136027 6.42572
1.63491 0.153277 9.07474
1.6918 0.0729266 9.39255
1.53439 0.208497 12.6634
1.4475 0.0190666 6.82729
1.64629 0.303797 7.5089
1.72362 0.249247 8.53727
1.4772 0.313217 6.57324
1.56531 0.260917 5.94865
1.42037 0.0855466 7.95658
1.69856 0.109487 9.50448
1.4722 0.108407 8.17665
1.42358 0.103697 7.72861
1.51261 0.0115166 5.86578
1.6317 0.211517 9.3563
1.60937 0.265627 10.783
1.44072 0.0161266 8.85094
1.4692 0.255667 6.34104
