1.61625 0.300061 11.2358
1.49494 0.271017 5.49643
1.52344 0.0595264 5.39164
1.69398 0.0545364 8.04004
1.45007 0.261599 8.70002
1.46012 0.0398964 10.0605
1.58353 0.0126164 8.8288
1.42463 0.291814 11.5783
1.58481 0.149456 9.07765
1.48246 0.182216 10.1957
1.59249 0.0558664 9.83798
1.4541 0.0612264 11.9089
1.60666 0.00897637 4.65153
1.58136 0.265511 8.61454
1.44641 0.206566 8.2235
1.56008 0.0264564 10.6401
1.70908 0.167456 9.48351
1.58665 0.307805 9.15397
1.52921 0.251688 7.47052
1.46039 0.250348 5.86824
1.63531 0.0234464 11.3125
1.41507 0.255076 9.94106
1.7228 0.164846 5.64483
1.52067 0.0810464 9.50062
1.67896 0.130796 5.5814
1.70958 0.00971637 10.4344
1.47227 0.156146 8.86507
1.59063 0.237397 8.29084
1.65906 0.202196 9.66419
1.59362 0.0629764 1.79944
1.62826 0.237366 6.58664
1.681 0.151916 6.18782
1.64491 0.0435664 6.68269
1.46863 0.0662364 7.73531
1.4166 0.0539064 10.2291
1.5314 0.166776 5.05418
1.52161 0.181336 11.0336
1.51991 0.220533 10.8973
1.59941 0.102686 5.76839
1.49261 0.121106 3.32247
1.64802 0.0865864 10.4545
1.56737 0.0713164 9.17467
1.67213 0.250269 5.63548
1.47571 0.0850064 7.30187
