1.53525 0.0887221 8.37516
1.61992 0.227362 10.1369
1.5775 0.140662 9.80098
1.5931 0.105132 7.66217
1.46128 0.0987021 11.3447
1.47722 0.163482 8.50576
1.61279 0.261292 8.01622
1.58483 0.0933821 7.39753
1.54649 0.150472 7.1591
1.63708 0.233182 8.31697
1.54762 0.0795121 8.10658
1.47661 0.116542 6.5804
1.65626 0.200462 9.96321
1.70914 0.269632 6.8438
1.43897 0.0320121 9.72888
1.45248 0.148892 8.46218
1.645 0.123342 10.4059
1.49736 0.290302 8.92775
1.50852 0.123192 8.77708
1.67852 0.00783214 11.6119
1.64669 0.109542 10.3578
1.60701 0.313942 7.72788
1.71669 0.0364921 8.01005
1.63036 0.114292 8.65119
1.44321 0.101372 6.30768
1.43666 0.271372 11.0207
1.51626 0.00495214 8.37628
1.72045 0.0182821 11.4016
1.44137 0.191592 9.36411
1.65058 0.0435221 6.79222
1.44665 0.289552 9.32196
1.63601 0.298522 9.21138
1.45228 0.0687621 6.05026
1.57607 0.225812 10.292
1.53392 0.170932 10.8239
1.55496 0.300332 6.02306
1.63202 0.274462 12.1938
1.47152 0.0526421 9.84142
1.69913 0.267272 9.6112
1.54497 0.166672 7.59257
1.71886 0.240332 6.09565
1.51217 0.182512 9.49395
1.5781 0.0322821 9.43116
1.63811 0.208612 6.01365
1.4301 0.0895821 4.86179
1.72472 0.170212 7.62991
1.55814 0.114002 8.88375
1.59792 0.113442 11.3858
1.49532 0.255992 6.26307
1.50608 0.267612 10.8593
