1.61517 0.259375 6.53953
1.44923 0.242785 10.1919
1.68217 0.123145 7.32341
1.45352 0.0159149 8.60834
1.68385 0.111135 7.17194
1.44444 0.299175 8.02336
1.51182 0.0260749 10.3827
1.52083 0.295995 6.60112
1.45348 0.258865 10.0676
1.53797 0.251805 8.81692
1.41468 0.115155 11.8414
1.43894 0.220575 7.31655
1.67651 0.00316489 7.0433
1.5436 0.302255 10.097
1.41792 0.277235 7.17227
1.57963 0.0483349 11.0715
1.43977 0.216745 7.71969
1.69879 0.0151149 6.78599
1.58915 0.295205 8.87112
1.44252 0.198065 9.53535
1.53319 0.0963949 3.82463
1.44424 0.0719149 6.39183
1.65739 0.0725449 11.8953
1.4439 0.0394949 8.20971
1.55423 0.283315 9.47317
1.64175 0.225895 8.34567
1.71887 0.181735 5.77223
1.72133 0.0805849 9.98738
1.69514 0.223365 7.09459
1.52096 0.280655 6.9164
1.49943 0.256535 6.5519
1.47427 0.125885 12.6999
1.55295 0.230065 9.81325
1.49652 0.168495 7.67328
1.68851 0.188125 8.02934
1.60903 0.226665 11.414
1.4601 0.249615 11.0413
1.66093 0.142975 8.86796
1.52672 0.129235 11.6204
1.64816 0.0569549 11.6245
1.54822 0.181935 9.27702
1.54583 0.0181549 8.56464
1.55782 0.000744886 8.59993
1.62995 0.0705849 9.51136
1.43353 0.255775 10.3814
1.72486 0.0184549 11.9383
1.61402 0.125865 9.62859
