1.63375 0.0555786 7.31245
1.56645 0.0187386 6.35737
1.54096 0.103979 5.94039
1.62722 0.149259 10.4156
1.55108 0.302029 5.37733
1.6184 0.229049 9.98965
1.57056 0.155919 11.3613
1.42325 0.0242986 8.1405
1.7268 0.0577886 9.95805
1.57815 0.113109 7.58633
1.63157 0.0964186 7.48718
1.65224 0.166519 6.10942
1.5341 0.291719 8.4583
1.5578 0.256799 12.3485
1.51435 0.272609 8.08011
1.66908 0.122249 7.55338
1.52262 0.0878786 9.52581
1.70533 0.191599 11.8419
1.5286 0.163839 11.7225
1.70784 0.0984986 9.74676
1.62501 0.0574586 11.0487
1.5847 0.0349186 9.65317
1.51308 0.238539 8.30835
1.5065 0.0490886 9.06267
1.58508 0.0140586 7.04585
1.49121 0.0116286 8.60217
1.43418 0.0591386 11.2664
1.55842 0.0512986 12.1529
1.43564 0.0569086 11.3707
1.59788 0.237589 9.2944
1.43238 0.246889 7.95035
1.62483 0.142859 9.7806
1.49756 0.183329 7.93248
1.45804 0.155849 7.5046
1.55783 0.242809 6.53551
1.4561 0.203359 9.41331
1.49833 0.0697586 6.42572
1.50237 0.0870086 9.07474
1.55926 0.00665859 9.39255
1.63233 0.152469 7.51821
1.51375 0.237529 7.5089
1.6639 0.312359 10.8188
1.59108 0.182979 8.53727
1.43278 0.194649 5.94865
1.59949 0.0227786 7.93291
1.56602 0.0432186 9.50448
1.49917 0.145249 9.3563
1.71225 0.240099 11.0375
1.47684 0.199359 10.783
1.71599 0.144619 7.00371
1.65285 0.284569 7.26155
1.63262 0.0121886 8.8904
