1.42819 0.289361 6.86862
1.44138 0.255951 8.13111
1.49238 0.288201 10.9825
1.47637 0.122931 7.48317
1.6818 0.238461 8.69853
1.54367 0.0385807 9.83595
1.41786 0.206721 4.83342
1.43331 0.124831 6.19134
1.7244 0.169591 9.39184
1.67562 0.108271 6.00485
1.46539 0.221471 9.37649
1.66956 0.0244307 8.80242
1.45715 0.115051 4.73505
1.46644 0.255791 9.01191
1.62543 0.0312407 7.40473
1.65536 0.000620676 6.64655
1.64441 0.232701 10.1846
1.63501 0.126401 10.6279
1.4574 0.00542068 8.39158
1.66043 0.0878107 5.92509
1.43642 0.258071 9.14497
1.42899 0.0115007 7.71318
1.63179 0.215771 11.9504
1.70865 0.0847007 9.6978
1.56796 0.0947207 6.98397
1.6773 0.174431 12.7744
1.69404 0.0826107 9.42632
1.6496 0.108031 9.52918
1.42312 0.0455007 10.5628
1.48735 0.0732107 10.1498
1.72561 0.240831 8.95233
1.65598 0.143441 4.57745
1.63205 0.0925407 7.50102
1.50024 0.305681 9.99024
1.43449 0.168061 12.5537
1.69692 0.146291 9.03485
1.5914 0.196541 9.22838
1.62941 0.159021 6.2887
1.62672 0.118251 10.3397
1.41385 0.307771 6.37333
1.66768 0.171161 9.15752
1.61521 0.259361 8.99324
1.46259 0.0121007 10.3412
1.59346 0.0671707 11.6866
1.45342 0.200901 6.83018
1.49574 0.110381 7.16749
1.69544 0.185061 8.16371
1.59866 0.215741 8.43044
1.6029 0.112151 9.07249
1.56439 0.0104507 8.42762
1.59103 0.156441 9.93495
1.61498 0.228681 8.03211
1.50648 0.0462607 6.43828
1.68988 0.251761 6.16866
1.51379 0.00281068 5.13396
