1.52477 0.0508637 7.34627
1.53067 0.0484037 7.9443
1.68407 0.0631837 8.89745
1.48083 0.256924 12.5412
1.62583 0.163834 10.1573
1.47352 0.0205137 6.8438
1.5216 0.0502937 10.4809
1.45205 0.0844237 8.74073
1.69417 0.0235537 6.12329
1.56981 0.0976737 9.05278
1.49691 0.213864 11.7962
1.62468 0.0947137 7.48382
1.62366 0.113144 7.6065
1.65902 0.262204 7.17228
1.42414 0.0741837 9.46531
1.50532 0.215964 6.37953
1.50863 0.267654 7.9826
1.44537 0.212894 7.87684
1.60616 0.0903037 9.31824
1.54737 0.305494 9.71725
1.59107 0.209934 9.22614
1.56477 0.211864 6.55013
1.5075 0.257524 8.39931
1.66181 0.269254 11.6453
1.62325 0.288714 7.09406
1.71071 0.0404537 7.05007
1.60807 0.239804 5.34713
1.54171 0.247384 11.87
1.5312 0.0393637 8.9252
1.48277 0.187914 8.88217
1.55688 0.0658037 7.94901
1.61154 0.236184 8.30364
1.42004 0.0774437 5.73656
1.61534 0.0232937 8.96659
1.43428 0.137534 7.24223
1.42915 0.209944 7.66866
1.69811 0.230884 8.85975
1.46351 0.0181537 9.6112
1.71226 0.204194 7.24938
1.56149 0.0988837 6.99795
1.56663 0.243344 8.2391
1.52928 0.179194 6.55971
1.66596 0.0924337 9.26881
1.50971 0.237104 9.40187
