1.71904 0.110882 6.08845
1.53949 0.299982 7.34627
1.54539 0.297522 7.9443
1.51513 0.211852 9.96675
1.69879 0.312302 8.89745
1.41619 0.233182 8.31697
1.43536 0.200462 9.96321
1.48825 0.269632 6.8438
1.53632 0.299412 10.4809
1.70889 0.272672 6.12329
1.59478 0.135512 10.6318
1.58434 0.128942 6.0343
1.4241 0.123342 10.4059
1.52963 0.113502 8.08206
1.45763 0.00783214 11.6119
1.71715 0.0126821 6.34262
1.42579 0.109542 10.3578
1.4958 0.0364921 8.01005
1.51287 0.0168321 7.89155
1.64496 0.141462 6.42993
1.72543 0.289572 7.05007
1.49955 0.0182821 11.4016
1.53119 0.124662 6.9326
1.54592 0.288482 8.9252
1.57598 0.242642 8.02927
1.68397 0.236032 5.35547
1.42969 0.0435221 6.79222
1.41512 0.298522 9.21138
1.63006 0.272412 8.96659
1.62899 0.106052 7.64219
1.47824 0.267272 9.6112
1.49797 0.240332 6.09565
1.53426 0.104842 8.72271
1.57632 0.0825321 6.53478
1.41721 0.208612 6.01365
1.50383 0.170212 7.62991
1.56972 0.118682 6.89079
1.6618 0.0426121 8.85798
