1.42755 0.155601 7.21136
1.58367 0.0214112 7.34627
1.58957 0.0189512 7.9443
1.46242 0.290781 9.63044
1.53974 0.227471 12.5412
1.42896 0.145281 4.93978
1.68473 0.134381 10.1573
1.45752 0.168721 9.01314
1.42197 0.197011 9.69773
1.64693 0.289271 7.7608
1.5805 0.0208412 10.4809
1.51095 0.0549712 8.74073
1.44827 0.0397512 9.38867
1.62871 0.0682212 9.05278
1.55581 0.184411 11.7962
1.68358 0.0652612 7.48382
1.68256 0.0836912 7.6065
1.71792 0.232751 7.17228
1.48304 0.0447312 9.46531
1.56422 0.186511 6.37953
1.56753 0.238201 7.9826
1.50427 0.183441 7.87684
1.66506 0.0608512 9.31824
1.60627 0.276041 9.71725
1.4303 0.0353712 7.72788
1.64997 0.180481 9.22614
1.62367 0.182411 6.55013
1.5664 0.228071 8.39931
1.72071 0.239801 11.6453
1.68215 0.259261 7.09406
1.66697 0.210351 5.34713
1.60061 0.217931 11.87
1.43466 0.117521 9.29426
1.5901 0.00991123 8.9252
1.72442 0.313151 10.8721
1.54167 0.158461 8.88217
1.61578 0.0363512 7.94901
1.4593 0.0199512 9.21138
1.67044 0.206731 8.30364
1.47895 0.0479912 5.73656
1.49319 0.108081 7.24223
1.48805 0.180491 7.66866
1.41766 0.151421 6.74294
1.62039 0.0694312 6.99795
1.56457 0.306721 5.1787
1.62553 0.213891 8.2391
1.58818 0.149741 6.55971
1.72486 0.0629812 9.26881
1.56861 0.207651 9.40187
