1.62148 0.0494427 7.31245
1.55418 0.0126027 6.35737
1.52869 0.0978427 5.94039
1.61495 0.143123 10.4156
1.53881 0.295893 5.37733
1.60613 0.222913 9.98965
1.55829 0.149783 11.3613
1.71453 0.0516527 9.95805
1.56588 0.106973 7.58633
1.6193 0.0902827 7.48718
1.63997 0.160383 6.10942
1.52183 0.285583 8.4583
1.54552 0.250663 12.3485
1.50208 0.266473 8.08011
1.65681 0.116113 7.55338
1.51035 0.0817427 9.52581
1.71844 0.101603 8.10023
1.69306 0.185463 11.8419
1.51633 0.157703 11.7225
1.69557 0.0923627 9.74676
1.61274 0.0513227 11.0487
1.57243 0.0287827 9.65317
1.50081 0.232403 8.30835
1.49423 0.0429527 9.06267
1.57281 0.00792267 7.04585
1.47893 0.00549267 8.60217
1.42191 0.0530027 11.2664
1.54615 0.0451627 12.1529
1.42337 0.0507727 11.3707
1.58561 0.231453 9.2944
1.42011 0.240753 7.95035
1.61256 0.136723 9.7806
1.72371 0.263113 8.24007
1.48529 0.177193 7.93248
1.44577 0.149713 7.5046
1.54556 0.236673 6.53551
1.44383 0.197223 9.41331
1.48606 0.0636227 6.42572
1.4901 0.0808727 9.07474
1.54699 0.000522665 9.39255
1.62006 0.146333 7.51821
1.50148 0.231393 7.5089
1.65163 0.306223 10.8188
1.57881 0.176843 8.53727
1.42051 0.188513 5.94865
1.58722 0.0166427 7.93291
1.55375 0.0370827 9.50448
1.4869 0.139113 9.3563
1.69998 0.233963 11.0375
1.46457 0.193223 10.783
1.70372 0.138483 7.00371
1.64058 0.278433 7.26155
1.62035 0.00605267 8.8904
