1.62137 0.21169 10.0326
1.58367 0.0915905 10.769
1.6756 0.26107 8.57833
1.71981 0.25787 8.04085
1.46265 0.0880005 6.35558
1.5374 0.17791 12.4847
1.47244 0.0739005 9.08387
1.63895 0.29959 9.47512
1.63819 0.00239049 9.60549
1.58598 0.18972 7.52218
1.51855 0.30292 3.57622
1.53163 0.0506205 5.50001
1.57906 0.17562 8.41301
1.63894 0.20276 7.94907
1.5275 0.11596 7.07294
1.68527 0.14911 9.69777
1.56952 0.0992105 9.56019
1.57511 0.0802805 9.36655
1.54031 0.21009 12.3368
1.6026 0.0409705 11.5721
1.56102 0.00851049 8.0656
1.47912 0.1205 10.1404
1.56037 0.27619 8.19064
1.44713 0.28402 8.44727
1.62509 0.0540605 8.96678
1.4316 0.0746705 5.80099
1.63738 0.24597 10.9849
1.72582 0.28861 8.8865
1.62889 0.0360305 11.7209
1.47563 0.28202 8.7648
1.68837 0.16106 8.8961
1.42048 0.0753705 9.88572
1.41539 0.17324 10.087
1.50298 0.19514 4.73315
1.539 0.0427005 7.21255
1.47392 0.0573205 10.4478
1.65118 0.0262505 8.18619
1.51384 0.0201805 13.8328
1.52954 0.0170905 7.52441
1.54108 0.27865 5.42487
1.69893 0.10527 5.10995
1.49859 0.0296005 8.90965
1.51306 0.0714405 9.41877
1.46537 0.16218 5.20822
1.56669 0.21182 9.33733
