1.57791 0.214502 6.86862
1.5911 0.181092 8.13111
1.6421 0.213342 10.9825
1.52092 0.191892 12.0433
1.62609 0.0480724 7.48317
1.53002 0.293732 10.6259
1.49792 0.0400824 7.56495
1.42145 0.194492 8.89745
1.56758 0.131862 4.83342
1.58303 0.0499724 6.19134
1.50564 0.0452924 6.40262
1.55147 0.0265824 7.01074
1.61511 0.146612 9.37649
1.60687 0.0401924 4.73505
1.61616 0.180932 9.01191
1.51212 0.0659024 5.86146
1.43155 0.154862 6.12329
1.46705 0.244082 10.248
1.64832 0.244262 6.3685
1.54205 0.194292 9.20542
1.63238 0.307802 5.66403
1.58614 0.183212 9.14497
1.47769 0.213702 7.25093
1.71768 0.0198624 6.98397
1.50432 0.0275224 6.53623
1.44809 0.171762 7.05007
1.55469 0.174352 6.67757
1.64996 0.230822 9.99024
1.58421 0.0932024 12.5537
1.47869 0.238342 10.6196
1.72383 0.295752 8.92796
1.56357 0.232912 6.37333
1.46157 0.0982324 2.59703
1.4945 0.268222 6.44337
1.56074 0.244342 7.59023
1.60314 0.126042 6.83018
1.64546 0.0355224 7.16749
1.54534 0.0806224 8.34197
1.71268 0.273612 6.92325
1.5598 0.199842 10.9833
1.52729 0.134582 10.957
1.64914 0.268582 9.55998
