1.60657 0.068638 10.1853
1.48128 0.211288 7.48317
1.54858 0.126938 9.83595
1.42277 0.295078 4.83342
1.43822 0.213188 6.19134
1.68053 0.196628 6.00485
1.4703 0.309828 9.37649
1.67447 0.112788 8.80242
1.68062 0.069158 9.6439
1.46206 0.203408 4.73505
1.46905 0.065278 6.51004
1.56846 0.057768 6.16769
1.63034 0.119598 7.40473
1.66027 0.088978 6.64655
1.63992 0.214758 10.6279
1.46231 0.093778 8.39158
1.66534 0.176168 5.92509
1.4339 0.099858 7.71318
1.6367 0.304128 11.9504
1.71356 0.173058 9.6978
1.57287 0.183078 6.98397
1.62148 0.014218 9.36544
1.68221 0.262788 12.7744
1.69895 0.170968 9.42632
1.65451 0.196388 9.52918
1.42803 0.133858 10.5628
1.56634 0.016758 9.60221
1.49226 0.161568 10.1498
1.61528 0.061468 7.55029
1.66089 0.231798 4.57745
1.64427 0.00784797 10.1096
1.63696 0.180898 7.50102
1.46794 0.070898 10.1143
1.4394 0.256418 12.5537
1.70183 0.234648 9.03485
1.59631 0.284898 9.22838
1.63432 0.247378 6.2887
1.63163 0.206608 10.3397
1.67259 0.259518 9.15752
1.4675 0.100458 10.3412
1.59837 0.155528 11.6866
1.45833 0.289258 6.83018
1.50065 0.198738 7.16749
1.70035 0.273418 8.16371
1.60357 0.304098 8.43044
1.60781 0.200508 9.07249
1.5693 0.098808 8.42762
1.59594 0.244798 9.93495
1.46483 0.042188 11.9621
1.51139 0.134618 6.43828
1.5187 0.091168 5.13396
