1.64365 0.172402 7.18776
1.71404 0.0368415 9.70339
1.63709 0.0125715 9.44493
1.48985 0.177232 6.57907
1.52344 0.253422 5.39164
1.43573 0.0756215 5.41518
1.65218 0.171482 9.33824
1.70721 0.0391015 7.33901
1.60936 0.0796915 9.65105
1.69398 0.248432 8.04004
1.46964 0.182972 10.8164
1.59249 0.101962 7.87974
1.46012 0.233792 10.0605
1.48132 0.129512 9.38908
1.58353 0.206512 8.8288
1.59931 0.0956115 7.88671
1.59249 0.249762 9.83798
1.4541 0.255122 11.9089
1.60666 0.202872 4.65153
1.54492 0.0257215 11.2008
1.56008 0.220352 10.6401
1.49735 0.000191544 10.3085
1.4268 0.191952 7.48278
1.59827 0.0956415 8.5693
1.60213 0.102442 5.27358
1.63531 0.217342 11.3125
1.72652 0.0342515 9.18662
1.57886 0.00650154 10.926
1.47317 0.165622 9.88451
1.65499 0.0603215 8.01684
1.52067 0.274942 9.50062
1.71585 0.187582 10.1045
1.70958 0.203612 10.4344
1.4544 0.129312 10.8479
1.66064 0.0575115 11.0462
1.59362 0.256872 1.79944
1.66493 0.111272 4.13992
1.67068 0.134582 7.31184
1.49846 0.137082 9.96904
1.64491 0.237462 6.68269
1.45691 0.109792 6.67278
1.46863 0.260132 7.73531
1.4166 0.247802 10.2291
1.46823 0.0284715 9.37908
1.56995 0.100392 10.9693
1.59941 0.296582 5.76839
1.64802 0.280482 10.4545
1.56737 0.265212 9.17467
1.61347 0.145702 12.2061
1.62247 0.0541415 9.28645
1.61131 0.00109154 12.0975
1.47107 0.0319015 9.39051
1.44929 0.0230015 3.84092
1.47571 0.278902 7.30187
1.62887 0.107642 10.4939
