1.61412 0.0457611 7.31245
1.54681 0.00892111 6.35737
1.52132 0.0941611 5.94039
1.60759 0.139441 10.4156
1.53145 0.292211 5.37733
1.59876 0.219231 9.98965
1.55092 0.146101 11.3613
1.70717 0.0479711 9.95805
1.55852 0.103291 7.58633
1.61194 0.0866011 7.48718
1.63261 0.156701 6.10942
1.51446 0.281901 8.4583
1.53816 0.246981 12.3485
1.49472 0.262791 8.08011
1.64945 0.112431 7.55338
1.50299 0.0780611 9.52581
1.72341 0.261641 4.68986
1.71108 0.0979211 8.10023
1.6857 0.181781 11.8419
1.50896 0.154021 11.7225
1.68821 0.0886811 9.74676
1.60538 0.0476411 11.0487
1.56506 0.0251011 9.65317
1.49345 0.228721 8.30835
1.48686 0.0392711 9.06267
1.56545 0.00424111 7.04585
1.47157 0.00181111 8.60217
1.41454 0.0493211 11.2664
1.5558 0.313401 11.6119
1.53879 0.0414811 12.1529
1.416 0.0470911 11.3707
1.57824 0.227771 9.2944
1.6052 0.133041 9.7806
1.71635 0.259431 8.24007
1.47793 0.173511 7.93248
1.43841 0.146031 7.5046
1.5382 0.232991 6.53551
1.43647 0.193541 9.41331
1.47869 0.0599411 6.42572
1.48273 0.0771911 9.07474
1.6127 0.142651 7.51821
1.49412 0.227711 7.5089
1.64427 0.302541 10.8188
1.57145 0.173161 8.53727
1.57986 0.0129611 7.93291
1.54639 0.0334011 9.50448
1.47953 0.135431 9.3563
1.7257 0.207311 7.43245
1.69262 0.230281 11.0375
1.4572 0.189541 10.783
1.69636 0.134801 7.00371
1.63322 0.274751 7.26155
1.61299 0.00237111 8.8904
