1.6162 0.180842 8.05486
1.47763 0.0794021 8.4622
1.59518 0.185162 12.9946
1.68678 0.196632 8.86592
1.70865 0.0960021 7.47419
1.4987 0.281882 10.9959
1.69985 0.141402 11.8625
1.66434 0.0262221 7.68539
1.54541 0.216612 8.34999
1.54863 0.202092 7.18179
1.57877 0.0901821 9.42662
1.67038 0.276762 10.1832
1.49781 0.149532 8.12468
1.65276 0.0185921 8.58276
1.69178 0.243702 7.96303
1.51379 0.121592 9.85397
1.51962 0.209722 9.34602
1.58849 0.305012 8.37316
1.53283 0.224902 3.44991
1.48172 0.0998321 7.71378
1.59505 0.106952 9.26445
1.72045 0.0295721 8.22871
1.56591 0.123992 5.56933
1.52755 0.264842 9.52559
1.71823 0.288292 7.68192
1.71977 0.214462 9.98557
1.68861 0.142782 9.91415
1.70716 0.287532 10.1051
1.70437 0.217462 11.5685
1.69569 0.0584821 8.58008
1.56672 0.0295521 8.33872
1.5993 0.279602 8.82533
1.64828 0.178302 7.08542
1.63382 0.0604421 10.6433
1.57351 0.160792 8.57992
1.48317 0.109432 7.11264
1.57359 0.0890821 11.2182
1.72258 0.290312 9.31114
1.58657 0.0360321 8.87567
1.63291 0.145732 7.65382
1.68066 0.259892 5.90922
1.48526 0.0669621 10.374
1.52329 0.0273621 12.61
1.61302 0.223162 5.52954
