1.71606 0.244492 10.1494
1.58675 0.180842 8.05486
1.44818 0.0794021 8.4622
1.56573 0.185162 12.9946
1.65733 0.196632 8.86592
1.6792 0.0960021 7.47419
1.46925 0.281882 10.9959
1.6704 0.141402 11.8625
1.63489 0.0262221 7.68539
1.51595 0.216612 8.34999
1.51918 0.202092 7.18179
1.54932 0.0901821 9.42662
1.64093 0.276762 10.1832
1.46835 0.149532 8.12468
1.62331 0.0185921 8.58276
1.66233 0.243702 7.96303
1.48434 0.121592 9.85397
1.49017 0.209722 9.34602
1.55904 0.305012 8.37316
1.50337 0.224902 3.44991
1.70407 0.105022 7.31622
1.45227 0.0998321 7.71378
1.5656 0.106952 9.26445
1.72063 0.0320521 8.50235
1.691 0.0295721 8.22871
1.53646 0.123992 5.56933
1.4981 0.264842 9.52559
1.68877 0.288292 7.68192
1.69032 0.214462 9.98557
1.65916 0.142782 9.91415
1.67771 0.287532 10.1051
1.67492 0.217462 11.5685
1.66624 0.0584821 8.58008
1.53727 0.0295521 8.33872
1.56984 0.279602 8.82533
1.61883 0.178302 7.08542
1.60437 0.0604421 10.6433
1.54406 0.160792 8.57992
1.45372 0.109432 7.11264
1.54414 0.0890821 11.2182
1.69312 0.290312 9.31114
1.55712 0.0360321 8.87567
1.60346 0.145732 7.65382
1.65121 0.259892 5.90922
1.4558 0.0669621 10.374
1.49384 0.0273621 12.61
1.58357 0.223162 5.52954
