1.65444 0.23974 6.53953
1.4885 0.22315 10.1919
1.72144 0.10351 7.32341
1.43798 0.22475 5.21027
1.72312 0.0914999 7.17194
1.48371 0.27954 8.02336
1.55109 0.00643993 10.3827
1.5601 0.27636 6.60112
1.49275 0.23923 10.0676
1.57724 0.23217 8.81692
1.45395 0.0955199 11.8414
1.47821 0.20094 7.31655
1.41631 0.16516 6.36379
1.44356 0.0151599 11.4721
1.58287 0.28262 10.097
1.45719 0.2576 7.17227
1.6189 0.0286999 11.0715
1.47904 0.19711 7.71969
1.62842 0.27557 8.87112
1.43705 0.0168799 8.23512
1.48179 0.17843 9.53535
1.41678 0.00206993 6.91753
1.57246 0.0767599 3.82463
1.41603 0.23254 6.32903
1.48351 0.0522799 6.39183
1.69666 0.0529099 11.8953
1.48317 0.0198599 8.20971
1.70181 0.31013 8.59988
1.5935 0.26368 9.47317
1.68102 0.20626 8.34567
1.56023 0.26102 6.9164
1.5387 0.2369 6.5519
1.42784 0.0967899 11.5361
1.51354 0.10625 12.6999
1.59222 0.21043 9.81325
1.53579 0.14886 7.67328
1.72778 0.16849 8.02934
1.6483 0.20703 11.414
1.49937 0.22998 11.0413
1.42815 0.0800399 6.95572
1.7002 0.12334 8.86796
1.56599 0.1096 11.6204
1.68743 0.0373199 11.6245
1.58749 0.1623 9.27702
1.66922 0.0509499 9.51136
1.4728 0.23614 10.3814
1.45262 0.25746 5.54356
1.65329 0.10623 9.62859
