1.63602 0.0833642 10.1853
1.51073 0.226014 7.48317
1.57803 0.141664 9.83595
1.45222 0.309804 4.83342
1.46767 0.227914 6.19134
1.43611 0.204524 7.01074
1.70998 0.211354 6.00485
1.70392 0.127514 8.80242
1.71007 0.0838842 9.6439
1.49151 0.218134 4.73505
1.4985 0.0800042 6.51004
1.59791 0.0724942 6.16769
1.65979 0.134324 7.40473
1.68972 0.103704 6.64655
1.66937 0.229484 10.6279
1.49176 0.108504 8.39158
1.69479 0.190894 5.92509
1.46335 0.114584 7.71318
1.60232 0.197804 6.98397
1.65093 0.0289442 9.36544
1.47031 0.00541419 5.89698
1.71166 0.277514 12.7744
1.68396 0.211114 9.52918
1.45748 0.148584 10.5628
1.59579 0.0314842 9.60221
1.52171 0.176294 10.1498
1.64473 0.0761942 7.55029
1.69034 0.246524 4.57745
1.67372 0.0225742 10.1096
1.66641 0.195624 7.50102
1.49739 0.0856242 10.1143
1.46885 0.271144 12.5537
1.62576 0.299624 9.22838
1.66377 0.262104 6.2887
1.66108 0.221334 10.3397
1.70204 0.274244 9.15752
1.49695 0.115184 10.3412
1.41632 0.00972419 13.4192
1.57036 0.0117442 9.6493
1.62782 0.170254 11.6866
1.48778 0.303984 6.83018
1.42645 0.0473842 9.58671
1.5301 0.213464 7.16749
1.4175 0.113694 8.75734
1.42998 0.258564 8.34197
1.63726 0.215234 9.07249
1.59875 0.113534 8.42762
1.62539 0.259524 9.93495
1.49428 0.0569142 11.9621
1.54084 0.149344 6.43828
1.54815 0.105894 5.13396
