1.6213 0.0760011 10.1853
1.49601 0.218651 7.48317
1.56331 0.134301 9.83595
1.4375 0.302441 4.83342
1.45295 0.220551 6.19134
1.42139 0.197161 7.01074
1.69526 0.203991 6.00485
1.6892 0.120151 8.80242
1.69535 0.0765211 9.6439
1.47679 0.210771 4.73505
1.48378 0.0726411 6.51004
1.58319 0.0651311 6.16769
1.64507 0.126961 7.40473
1.675 0.0963411 6.64655
1.65465 0.222121 10.6279
1.47704 0.101141 8.39158
1.68007 0.183531 5.92509
1.44863 0.107221 7.71318
1.65143 0.311491 11.9504
1.5876 0.190441 6.98397
1.63621 0.0215811 9.36544
1.69694 0.270151 12.7744
1.71368 0.178331 9.42632
1.66924 0.203751 9.52918
1.44276 0.141221 10.5628
1.58107 0.0241211 9.60221
1.50699 0.168931 10.1498
1.63001 0.0688311 7.55029
1.67562 0.239161 4.57745
1.659 0.0152111 10.1096
1.65169 0.188261 7.50102
1.48267 0.0782611 10.1143
1.45413 0.263781 12.5537
1.71656 0.242011 9.03485
1.61104 0.292261 9.22838
1.64905 0.254741 6.2887
1.64636 0.213971 10.3397
1.68732 0.266881 9.15752
1.48223 0.107821 10.3412
1.55564 0.00438108 9.6493
1.6131 0.162891 11.6866
1.47306 0.296621 6.83018
1.51538 0.206101 7.16749
1.71508 0.280781 8.16371
1.41526 0.251201 8.34197
1.6183 0.311461 8.43044
1.62254 0.207871 9.07249
1.58403 0.106171 8.42762
1.61067 0.252161 9.93495
1.47956 0.0495511 11.9621
1.52612 0.141981 6.43828
1.53343 0.0985311 5.13396
