1.64346 0.222735 10.0326
1.66736 0.000405147 10.154
1.60576 0.102635 10.769
1.69769 0.272115 8.57833
1.48473 0.0990451 6.35558
1.55949 0.188955 12.4847
1.49453 0.0849451 9.08387
1.61693 0.00408515 8.93041
1.66104 0.310635 9.47512
1.66028 0.0134351 9.60549
1.60807 0.200765 7.52218
1.54064 0.313965 3.57622
1.55372 0.0616651 5.50001
1.60115 0.186665 8.41301
1.66103 0.213805 7.94907
1.54959 0.127005 7.07294
1.44835 0.00181515 7.18692
1.70736 0.160155 9.69777
1.59161 0.110255 9.56019
1.5972 0.0913251 9.36655
1.5624 0.221135 12.3368
1.62469 0.0520151 11.5721
1.58311 0.0195551 8.0656
1.69106 0.0104051 7.16528
1.50121 0.131545 10.1404
1.58246 0.287235 8.19064
1.46922 0.295065 8.44727
1.64718 0.0651051 8.96678
1.45369 0.0857151 5.80099
1.65947 0.257015 10.9849
1.65098 0.0470751 11.7209
1.49772 0.293065 8.7648
1.71046 0.172105 8.8961
1.44257 0.0864151 9.88572
1.43748 0.184285 10.087
1.52506 0.206185 4.73315
1.56109 0.0537451 7.21255
1.49601 0.0683651 10.4478
1.67327 0.0372951 8.18619
1.53593 0.0312251 13.8328
1.55163 0.0281351 7.52441
1.56317 0.289695 5.42487
1.72102 0.116315 5.10995
1.52068 0.0406451 8.90965
1.53515 0.0824851 9.41877
1.48746 0.173225 5.20822
1.58878 0.222865 9.33733
