1.61625 0.133164 11.2358
1.49494 0.10412 5.49643
1.54682 0.308495 6.84356
1.6456 0.27766 6.82155
1.45007 0.0947024 8.70002
1.42463 0.124917 11.5783
1.48246 0.0153193 10.1957
1.45852 0.295779 9.14711
1.44792 0.248735 6.65722
1.50655 0.25834 11.3427
1.66063 0.2682 7.19434
1.64348 0.173177 8.03949
1.58136 0.098614 8.61454
1.44641 0.0396693 8.2235
1.70908 0.000559263 9.48351
1.58665 0.140908 9.15397
1.53114 0.25613 11.752
1.52921 0.0847914 7.47052
1.66922 0.179473 7.31087
1.46039 0.0834514 5.86824
1.611 0.168938 9.11878
1.41819 0.302922 9.16685
1.41507 0.0881787 9.94106
1.69906 0.28537 8.4487
1.44799 0.204383 9.83102
1.59516 0.232756 7.97113
1.47781 0.19425 8.75275
1.55168 0.242625 6.60827
1.5799 0.203119 9.00137
1.59063 0.0705 8.29084
1.65906 0.0352993 9.66419
1.62826 0.070469 6.58664
1.58023 0.258939 6.05235
1.42311 0.173924 8.00612
1.70245 0.196055 6.308
1.52161 0.0144393 11.0336
1.51991 0.0536358 10.8973
1.53501 0.290833 6.05723
1.71802 0.311345 10.2666
1.67213 0.0833724 5.63548
