1.72279 0.144305 8.13136
1.5959 0.114515 8.69853
1.65774 0.230175 9.42983
1.66744 0.173105 7.42089
1.66694 0.119035 7.92899
1.6385 0.045645 9.39184
1.66946 0.279005 7.37324
1.6621 0.049515 9.35374
1.55851 0.108755 10.1846
1.54911 0.00245503 10.6279
1.67093 0.094925 11.9338
1.54589 0.091825 11.9504
1.44663 0.301915 6.81326
1.5914 0.050485 12.7744
1.60484 0.241465 6.94769
1.71962 0.167475 9.14889
1.50811 0.232495 10.5855
1.63971 0.116885 8.95233
1.57008 0.019495 4.57745
1.57528 0.213645 9.40788
1.49388 0.205505 7.6935
1.41434 0.181735 9.99024
1.48821 0.246665 8.92796
1.61102 0.022345 9.03485
1.5055 0.072595 9.22838
1.54351 0.035075 6.2887
1.72081 0.134645 7.56544
1.58178 0.047215 9.15752
1.52931 0.135415 8.99324
1.69407 0.123265 9.73365
1.6687 0.173405 8.25033
1.68159 0.105825 5.02904
1.56469 0.269145 12.3679
1.69851 0.015875 7.92413
1.70374 0.183705 9.7349
1.60954 0.061115 8.16371
1.47706 0.224525 6.92325
1.51276 0.091795 8.43044
1.50513 0.032495 9.93495
1.52908 0.104735 8.03211
1.44913 0.297095 6.26427
1.60398 0.127815 6.16866
