1.6405 0.110882 6.08845
1.46095 0.299982 7.34627
1.71972 0.309702 12.0433
1.46685 0.297522 7.9443
1.43659 0.211852 9.96675
1.69672 0.157892 7.56495
1.62025 0.312302 8.89745
1.70444 0.163102 6.40262
1.65041 0.0817121 10.6224
1.71092 0.183712 5.86146
1.45778 0.299412 10.4809
1.63035 0.272672 6.12329
1.68635 0.0950621 8.72814
1.51624 0.135512 10.6318
1.5058 0.128942 6.0343
1.70287 0.0171221 8.85039
1.70214 0.116352 7.24413
1.45109 0.113502 8.08206
1.63861 0.0126821 6.34262
1.70949 0.0913221 10.6118
1.41726 0.0364921 8.01005
1.70312 0.145332 6.53623
1.43433 0.0168321 7.89155
1.56642 0.141462 6.42993
1.64689 0.289572 7.05007
1.42101 0.0182821 11.4016
1.67707 0.00536214 3.34318
1.45265 0.124662 6.9326
1.46738 0.288482 8.9252
1.49744 0.242642 8.02927
1.60543 0.236032 5.35547
1.55152 0.272412 8.96659
1.55045 0.106052 7.64219
1.41943 0.240332 6.09565
1.66037 0.216042 2.59703
1.45572 0.104842 8.72271
1.49778 0.0825321 6.53478
1.42529 0.170212 7.62991
1.49118 0.118682 6.89079
1.72609 0.252392 10.957
1.58326 0.0426121 8.85798
