1.64365 0.0337297 7.18776
1.48985 0.0385597 6.57907
1.52344 0.11475 5.39164
1.65218 0.0328097 9.33824
1.69398 0.10976 8.04004
1.46964 0.0442997 10.8164
1.46012 0.0951197 10.0605
1.58353 0.0678397 8.8288
1.58481 0.20468 9.07765
1.48246 0.23744 10.1957
1.59249 0.11109 9.83798
1.4541 0.11645 11.9089
1.60666 0.0641997 4.65153
1.44641 0.26179 8.2235
1.56008 0.0816797 10.6401
1.70908 0.22268 9.48351
1.4268 0.0532797 7.48278
1.52921 0.306912 7.47052
1.46039 0.305572 5.86824
1.63531 0.0786697 11.3125
1.47317 0.0269497 9.88451
1.41507 0.310299 9.94106
1.7228 0.22007 5.64483
1.52067 0.13627 9.50062
1.71585 0.0489097 10.1045
1.67896 0.18602 5.5814
1.70958 0.0649397 10.4344
1.47227 0.21137 8.86507
1.59063 0.29262 8.29084
1.65906 0.25742 9.66419
1.59362 0.1182 1.79944
1.62826 0.292589 6.58664
1.681 0.20714 6.18782
1.64491 0.0987897 6.68269
1.46863 0.12146 7.73531
1.4166 0.10913 10.2291
1.5314 0.222 5.05418
1.52161 0.23656 11.0336
1.51991 0.275756 10.8973
1.59941 0.15791 5.76839
1.49261 0.17633 3.32247
1.64802 0.14181 10.4545
1.56737 0.12654 9.17467
1.61347 0.00702968 12.2061
1.67213 0.305493 5.63548
1.47571 0.14023 7.30187
