1.61858 0.158109 10.1919
1.47113 0.0857491 4.12123
1.56806 0.159709 5.21027
1.70729 0.270989 8.77379
1.49381 0.171959 7.8833
1.61379 0.214499 8.02336
1.67238 0.288639 6.7586
1.62073 0.290099 7.54989
1.69018 0.211319 6.60112
1.62283 0.174189 10.0676
1.70732 0.167129 8.81692
1.58403 0.0304791 11.8414
1.45286 0.249389 8.10052
1.53342 0.170629 6.13027
1.60829 0.135899 7.31655
1.61699 0.253189 13.0983
1.54639 0.100119 6.36379
1.71295 0.217579 10.097
1.58727 0.192559 7.17227
1.443 0.0740691 7.65143
1.60912 0.132069 7.71969
1.459 0.00223915 10.0375
1.61187 0.113389 9.53535
1.70254 0.0117191 3.82463
1.46739 0.140679 9.5182
1.54611 0.167499 6.32903
1.46107 0.159249 6.68258
1.5413 0.222139 8.01433
1.49136 0.0160391 7.00851
1.72358 0.198639 9.47317
1.51412 0.123409 7.22465
1.55866 0.294789 9.28761
1.69031 0.195979 6.9164
1.52559 0.296499 3.15309
1.66878 0.171859 6.5519
1.4278 0.00235915 8.45206
1.55792 0.0317491 11.5361
1.64363 0.0412091 12.6999
1.7223 0.145389 9.81325
1.66587 0.0838191 7.67328
1.62945 0.164939 11.0413
1.55823 0.0149991 6.95572
1.69607 0.0445591 11.6204
1.43192 0.0736091 6.97603
1.46513 0.0523891 12.9282
1.42975 0.00575915 8.03587
1.71757 0.0972591 9.27702
1.60288 0.171099 10.3814
1.5827 0.192419 5.54356
1.58698 0.252699 6.85474
1.52045 0.0432891 7.5048
1.47369 0.140139 8.03522
