1.46279 0.128627 10.7507
1.45511 0.202317 9.70355
1.72167 0.106567 10.1919
1.50605 0.00912739 5.93884
1.47768 0.184427 4.49879
1.57422 0.0342074 4.12123
1.67114 0.108167 5.21027
1.59689 0.120417 7.8833
1.41888 0.0474374 12.1024
1.66447 0.274997 7.81723
1.4599 0.141447 7.84762
1.71688 0.162957 8.02336
1.53382 0.284627 9.21965
1.72382 0.238557 7.54989
1.58899 0.276087 10.3889
1.72592 0.122647 10.0676
1.43113 0.00153739 7.05761
1.55595 0.197847 8.10052
1.6365 0.119087 6.13027
1.71138 0.0843574 7.31655
1.72007 0.201647 13.0983
1.49893 0.276077 8.75283
1.64947 0.0485774 6.36379
1.69036 0.141017 7.17227
1.54609 0.0225274 7.65143
1.71221 0.0805274 7.71969
1.41445 0.189207 9.48503
1.46401 0.208107 8.29129
1.56774 0.264317 6.61368
1.71495 0.0618474 9.53535
1.62514 0.309837 7.00005
1.57048 0.0891374 9.5182
1.6492 0.115957 6.32903
1.47245 0.0183474 8.3101
1.7096 0.296577 9.02039
1.49177 0.279977 5.98188
1.56415 0.107707 6.68258
1.64439 0.170597 8.01433
1.61721 0.0718674 7.22465
1.66174 0.243247 9.28761
1.62867 0.244957 3.15309
1.53269 0.307227 7.46354
1.50965 0.0563374 5.51908
1.47667 0.0253974 6.03551
1.535 0.0220674 6.97603
1.41534 0.241877 12.9376
1.56822 0.000847392 12.9282
1.42566 0.126627 9.466
1.70597 0.119557 10.3814
1.68579 0.140877 5.54356
1.46305 0.105187 7.33525
1.41629 0.0624674 11.7481
1.69007 0.201157 6.85474
1.57678 0.0885974 8.03522
1.42168 0.229787 7.04974
