1.41758 0.213912 5.25027
1.71433 0.164212 8.53792
1.58388 0.00285214 8.6107
1.6153 0.0421221 7.29018
1.54404 0.257542 5.85759
1.65592 0.277702 5.91544
1.70298 0.0732221 6.35577
1.69679 0.250662 9.69625
1.51957 0.189762 7.17606
1.72141 0.0638321 9.79893
1.5637 0.00480214 7.2562
1.57215 0.0986121 7.14469
1.63029 0.219902 9.109
1.60637 0.188902 6.96768
1.6866 0.0488021 7.77202
1.53079 0.299712 9.59314
1.70206 0.0607121 8.49857
1.49037 0.266672 9.18508
1.43898 0.273542 9.04583
1.50817 0.0445621 8.44953
1.48196 0.293662 4.94342
1.44252 0.155312 7.66807
1.4769 0.193332 11.9139
1.64566 0.00304214 7.62395
1.56148 0.0139421 5.91364
1.67039 0.0278821 7.53214
1.47756 0.0978521 7.61263
1.6351 0.252882 8.19783
1.62863 0.0238921 4.54847
1.54711 0.287392 7.86821
1.604 0.211032 7.07662
1.43426 0.0120821 11.683
1.41928 0.274662 7.06029
1.46145 0.140892 10.8821
1.70921 0.292732 8.51622
1.4552 0.300692 5.51205
1.72462 0.152602 7.21765
1.48276 0.0119121 9.63411
1.61628 0.128922 9.28751
1.66756 0.209212 5.47545
1.50409 0.0955121 9.44892
1.60138 0.117052 9.48576
1.56632 0.212492 8.43702
