1.46048 0.304154 10.9825
1.44447 0.138884 7.48317
1.6499 0.254414 8.69853
1.51177 0.0545341 9.83595
1.72144 0.313004 7.42089
1.72094 0.258934 7.92899
1.6925 0.185544 9.39184
1.64372 0.124224 6.00485
1.43349 0.237424 9.37649
1.63766 0.0403841 8.80242
1.42525 0.131004 4.73505
1.43454 0.271744 9.01191
1.7161 0.189414 9.35374
1.59353 0.0471941 7.40473
1.62346 0.0165741 6.64655
1.61251 0.248654 10.1846
1.60311 0.142354 10.6279
1.72493 0.234824 11.9338
1.4255 0.0213741 8.39158
1.62853 0.103764 5.92509
1.59989 0.231724 11.9504
1.67675 0.100654 9.6978
1.53606 0.110674 6.98397
1.6454 0.190384 12.7744
1.66214 0.0985641 9.42632
1.69711 0.0860741 7.91843
1.6177 0.123984 9.52918
1.45545 0.0891641 10.1498
1.69371 0.256784 8.95233
1.62408 0.159394 4.57745
1.70518 0.0268141 10.4128
1.60015 0.108494 7.50102
1.66502 0.162244 9.03485
1.5595 0.212494 9.22838
1.59751 0.174974 6.2887
1.59482 0.134204 10.3397
1.63578 0.187114 9.15752
1.58331 0.275314 8.99324
1.43069 0.0280541 10.3412
1.7227 0.313304 8.25033
1.56156 0.0831241 11.6866
1.42152 0.216854 6.83018
1.46384 0.126334 7.16749
1.70126 0.139824 8.68781
1.66354 0.201014 8.16371
1.56676 0.231694 8.43044
1.571 0.128104 9.07249
1.53249 0.0264041 8.42762
1.55913 0.172394 9.93495
1.58308 0.244634 8.03211
1.47458 0.0622141 6.43828
1.65798 0.267714 6.16866
1.48189 0.0187641 5.13396
