1.57094 0.141713 6.19461
1.49313 0.236923 9.37164
1.71404 0.301913 9.70339
1.69814 0.145553 9.54773
1.63709 0.277643 9.44493
1.68153 0.178973 9.10726
1.63965 0.0787534 7.54688
1.69001 0.0615634 8.81649
1.70721 0.304173 7.33901
1.6093 0.243643 7.76683
1.6636 0.260443 7.36461
1.61657 0.000383424 8.13816
1.50737 0.0225034 9.79795
1.54492 0.290793 11.2008
1.49735 0.265263 10.3085
1.45738 0.0695734 7.94804
1.50934 0.0963434 9.26338
1.72 0.250053 6.78061
1.58038 0.0136134 8.42869
1.72652 0.299323 9.18662
1.57886 0.271573 10.926
1.65069 0.243723 6.57205
1.61611 0.107183 8.42056
1.58078 0.0993434 10.5699
1.4408 0.0611134 10.2304
1.54834 0.0352134 5.35347
1.60623 0.0634734 8.88135
1.63942 0.118333 7.49122
1.51121 0.0631134 9.19404
1.46491 0.0985434 9.34095
1.46823 0.293543 9.37908
1.54596 0.121163 6.53437
1.61131 0.266163 12.0975
1.70849 0.0150934 7.53375
1.47107 0.296973 9.39051
1.51834 0.0219634 9.51503
1.44929 0.288073 3.84092
1.5433 0.193223 8.74354
