1.51778 0.110882 6.08845
1.66718 0.298902 8.13111
1.597 0.309702 12.0433
1.70217 0.165882 7.48317
1.574 0.157892 7.56495
1.49753 0.312302 8.89745
1.64366 0.249672 4.83342
1.65911 0.167782 6.19134
1.58172 0.163102 6.40262
1.52769 0.0817121 10.6224
1.62755 0.144392 7.01074
1.69119 0.264422 9.37649
1.68295 0.158002 4.73505
1.69224 0.298742 9.01191
1.5882 0.183712 5.86146
1.68994 0.0198721 6.51004
1.50763 0.272672 6.12329
1.56363 0.0950621 8.72814
1.61813 0.312102 9.20542
1.6832 0.0483721 8.39158
1.58015 0.0171221 8.85039
1.57942 0.116352 7.24413
1.66222 0.301022 9.14497
1.65479 0.0544521 7.71318
1.51589 0.0126821 6.34262
1.58677 0.0913221 10.6118
1.64892 0.0884521 10.5628
1.5804 0.145332 6.53623
1.71315 0.116162 10.1498
1.4437 0.141462 6.42993
1.52417 0.289572 7.05007
1.63077 0.292162 6.67757
1.55435 0.00536214 3.34318
1.48271 0.236032 5.35547
1.68883 0.0254921 10.1143
1.66029 0.211012 12.5537
1.4288 0.272412 8.96659
1.42773 0.106052 7.64219
1.68839 0.0550521 10.3412
1.53765 0.216042 2.59703
1.67922 0.243852 6.83018
1.72154 0.153332 7.16749
1.60894 0.0535621 8.75734
1.62142 0.198432 8.34197
1.60337 0.252392 10.957
1.46054 0.0426121 8.85798
