1.64365 0.193264 7.18776
1.71404 0.0577037 9.70339
1.63709 0.0334337 9.44493
1.48985 0.198094 6.57907
1.52344 0.274284 5.39164
1.43573 0.0964837 5.41518
1.65218 0.192344 9.33824
1.70721 0.0599637 7.33901
1.60936 0.100554 9.65105
1.69398 0.269294 8.04004
1.6636 0.0162337 7.36461
1.46964 0.203834 10.8164
1.59249 0.122824 7.87974
1.46012 0.254654 10.0605
1.48132 0.150374 9.38908
1.58353 0.227374 8.8288
1.59931 0.116474 7.88671
1.59249 0.270624 9.83798
1.4541 0.275984 11.9089
1.60666 0.223734 4.65153
1.54492 0.0465837 11.2008
1.56008 0.241214 10.6401
1.49735 0.0210537 10.3085
1.4268 0.212814 7.48278
1.59827 0.116504 8.5693
1.72 0.00584368 6.78061
1.60213 0.123304 5.27358
1.63531 0.238204 11.3125
1.72652 0.0551137 9.18662
1.57886 0.0273637 10.926
1.47317 0.186484 9.88451
1.65499 0.0811837 8.01684
1.52067 0.295804 9.50062
1.71585 0.208444 10.1045
1.70958 0.224474 10.4344
1.4544 0.150174 10.8479
1.66064 0.0783737 11.0462
1.59362 0.277734 1.79944
1.66493 0.132134 4.13992
1.67068 0.155444 7.31184
1.49846 0.157944 9.96904
1.64491 0.258324 6.68269
1.45691 0.130654 6.67278
1.46863 0.280994 7.73531
1.4166 0.268664 10.2291
1.46823 0.0493337 9.37908
1.56995 0.121254 10.9693
1.64802 0.301344 10.4545
1.56737 0.286074 9.17467
1.61347 0.166564 12.2061
1.62247 0.0750037 9.28645
1.61131 0.0219537 12.0975
1.47107 0.0527637 9.39051
1.44929 0.0438637 3.84092
1.47571 0.299764 7.30187
1.62887 0.128504 10.4939
