1.43476 0.213912 5.25027
1.60107 0.00285214 8.6107
1.63248 0.0421221 7.29018
1.56122 0.257542 5.85759
1.6731 0.277702 5.91544
1.72016 0.0732221 6.35577
1.71397 0.250662 9.69625
1.53675 0.189762 7.17606
1.58088 0.00480214 7.2562
1.58933 0.0986121 7.14469
1.64747 0.219902 9.109
1.62355 0.188902 6.96768
1.70378 0.0488021 7.77202
1.54798 0.299712 9.59314
1.71924 0.0607121 8.49857
1.50755 0.266672 9.18508
1.45616 0.273542 9.04583
1.52536 0.0445621 8.44953
1.49914 0.293662 4.94342
1.4597 0.155312 7.66807
1.49408 0.193332 11.9139
1.66284 0.00304214 7.62395
1.57866 0.0139421 5.91364
1.68757 0.0278821 7.53214
1.49474 0.0978521 7.61263
1.65228 0.252882 8.19783
1.64581 0.0238921 4.54847
1.56429 0.287392 7.86821
1.62118 0.211032 7.07662
1.45144 0.0120821 11.683
1.43646 0.274662 7.06029
1.47863 0.140892 10.8821
1.72639 0.292732 8.51622
1.47238 0.300692 5.51205
1.49994 0.0119121 9.63411
1.63346 0.128922 9.28751
1.68474 0.209212 5.47545
1.52127 0.0955121 9.44892
1.61856 0.117052 9.48576
1.5835 0.212492 8.43702
