1.58434 0.0887221 8.37516
1.45426 0.0831221 8.00668
1.43698 0.164212 8.53792
1.45557 0.209422 12.258
1.66901 0.227362 10.1369
1.62659 0.140662 9.80098
1.64219 0.105132 7.66217
1.51037 0.0987021 11.3447
1.52631 0.163482 8.50576
1.66188 0.261292 8.01622
1.45324 0.0452621 4.44041
1.42563 0.0732221 6.35577
1.63392 0.0933821 7.39753
1.59558 0.150472 7.1591
1.68617 0.233182 8.31697
1.59671 0.0795121 8.10658
1.5257 0.116542 6.5804
1.70534 0.200462 9.96321
1.41945 0.250662 9.69625
1.44407 0.0638321 9.79893
1.48805 0.0320121 9.72888
1.50157 0.148892 8.46218
1.69408 0.123342 10.4059
1.54645 0.290302 8.92775
1.5576 0.123192 8.77708
1.72761 0.00783214 11.6119
1.42472 0.0607121 8.49857
1.69577 0.109542 10.3578
1.6561 0.313942 7.72788
1.67944 0.114292 8.65119
1.4923 0.101372 6.30768
1.48575 0.271372 11.0207
1.56535 0.00495214 8.37628
1.49045 0.191592 9.36411
1.69967 0.0435221 6.79222
1.49573 0.289552 9.32196
1.46132 0.190262 4.37022
1.46189 0.250652 5.50157
1.6851 0.298522 9.21138
1.50137 0.0687621 6.05026
1.62516 0.225812 10.292
1.583 0.170932 10.8239
1.60405 0.300332 6.02306
1.68111 0.274462 12.1938
1.5206 0.0526421 9.84142
1.59406 0.166672 7.59257
1.56125 0.182512 9.49395
1.43187 0.292732 8.51622
1.62719 0.0322821 9.43116
1.44727 0.152602 7.21765
1.68719 0.208612 6.01365
1.47919 0.0895821 4.86179
1.60723 0.114002 8.88375
1.64701 0.113442 11.3858
1.54441 0.255992 6.26307
1.55517 0.267612 10.8593
