1.64365 0.302483 7.18776
1.57094 0.00672311 6.19461
1.49313 0.101933 9.37164
1.71404 0.166923 9.70339
1.69814 0.0105631 9.54773
1.63709 0.142653 9.44493
1.68153 0.0439831 9.10726
1.48985 0.307313 6.57907
1.43573 0.205703 5.41518
1.65218 0.301563 9.33824
1.70721 0.169183 7.33901
1.6093 0.108653 7.76683
1.60936 0.209773 9.65105
1.6636 0.125453 7.36461
1.46964 0.313053 10.8164
1.59249 0.232043 7.87974
1.48132 0.259593 9.38908
1.59931 0.225693 7.88671
1.54492 0.155803 11.2008
1.49735 0.130273 10.3085
1.59827 0.225723 8.5693
1.72 0.115063 6.78061
1.60213 0.232523 5.27358
1.72652 0.164333 9.18662
1.57886 0.136583 10.926
1.47317 0.295703 9.88451
1.65069 0.108733 6.57205
1.65499 0.190403 8.01684
1.4544 0.259393 10.8479
1.66064 0.187593 11.0462
1.66493 0.241353 4.13992
1.67068 0.264663 7.31184
1.49846 0.267163 9.96904
1.45691 0.239873 6.67278
1.46823 0.158553 9.37908
1.56995 0.230473 10.9693
1.61347 0.275783 12.2061
1.62247 0.184223 9.28645
1.61131 0.131173 12.0975
1.47107 0.161983 9.39051
1.44929 0.153083 3.84092
1.5433 0.0582331 8.74354
1.62887 0.237723 10.4939
