1.457 0.140875 7.21136
1.61312 0.00668501 7.34627
1.42378 0.129775 8.27018
1.43449 0.224445 5.18956
1.61902 0.00422501 7.9443
1.49188 0.276055 9.63044
1.56919 0.212745 12.5412
1.45842 0.130555 4.93978
1.71418 0.119655 10.1573
1.43395 0.108325 5.76332
1.48698 0.153995 9.01314
1.45142 0.182285 9.69773
1.67638 0.274545 7.7608
1.60995 0.00611501 10.4809
1.5404 0.040245 8.74073
1.47772 0.025025 9.38867
1.65816 0.053495 9.05278
1.58526 0.169685 11.7962
1.43733 0.177825 6.28263
1.71303 0.050535 7.48382
1.71201 0.068965 7.6065
1.5125 0.030005 9.46531
1.59367 0.171785 6.37953
1.59698 0.223475 7.9826
1.53373 0.168715 7.87684
1.69451 0.046125 9.31824
1.63572 0.261315 9.71725
1.45975 0.020645 7.72788
1.67942 0.165755 9.22614
1.65312 0.167685 6.55013
1.45022 0.302545 8.13112
1.59585 0.213345 8.39931
1.7116 0.244535 7.09406
1.69642 0.195625 5.34713
1.63006 0.203205 11.87
1.46411 0.102795 9.29426
1.42423 0.280895 8.55428
1.57113 0.143735 8.88217
1.64523 0.021625 7.94901
1.48875 0.00522501 9.21138
1.69989 0.192005 8.30364
1.5084 0.033265 5.73656
1.52264 0.093355 7.24223
1.51751 0.165765 7.66866
1.43654 0.277845 7.27102
1.44711 0.136695 6.74294
1.64984 0.054705 6.99795
1.59402 0.291995 5.1787
1.65498 0.199165 8.2391
1.43742 0.310675 6.46419
1.61763 0.135015 6.55971
1.59806 0.192925 9.40187
