1.67511 0.180842 8.05486
1.53654 0.0794021 8.4622
1.65409 0.185162 12.9946
1.55761 0.281882 10.9959
1.72324 0.0262221 7.68539
1.60431 0.216612 8.34999
1.60754 0.202092 7.18179
1.63767 0.0901821 9.42662
1.55671 0.149532 8.12468
1.71167 0.0185921 8.58276
1.57269 0.121592 9.85397
1.57852 0.209722 9.34602
1.6474 0.305012 8.37316
1.59173 0.224902 3.44991
1.54062 0.0998321 7.71378
1.65396 0.106952 9.26445
1.62482 0.123992 5.56933
1.58646 0.264842 9.52559
1.62562 0.0295521 8.33872
1.6582 0.279602 8.82533
1.70719 0.178302 7.08542
1.69272 0.0604421 10.6433
1.63242 0.160792 8.57992
1.54208 0.109432 7.11264
1.63249 0.0890821 11.2182
1.64547 0.0360321 8.87567
1.69181 0.145732 7.65382
1.54416 0.0669621 10.374
1.5822 0.0273621 12.61
1.67193 0.223162 5.52954
