1.42249 0.213912 5.25027
1.71923 0.164212 8.53792
1.58879 0.00285214 8.6107
1.62021 0.0421221 7.29018
1.54895 0.257542 5.85759
1.66083 0.277702 5.91544
1.70789 0.0732221 6.35577
1.7017 0.250662 9.69625
1.52448 0.189762 7.17606
1.72632 0.0638321 9.79893
1.56861 0.00480214 7.2562
1.57706 0.0986121 7.14469
1.6352 0.219902 9.109
1.61128 0.188902 6.96768
1.69151 0.0488021 7.77202
1.5357 0.299712 9.59314
1.70697 0.0607121 8.49857
1.49528 0.266672 9.18508
1.44389 0.273542 9.04583
1.51308 0.0445621 8.44953
1.48687 0.293662 4.94342
1.44743 0.155312 7.66807
1.48181 0.193332 11.9139
1.65057 0.00304214 7.62395
1.56639 0.0139421 5.91364
1.6753 0.0278821 7.53214
1.48247 0.0978521 7.61263
1.64001 0.252882 8.19783
1.63354 0.0238921 4.54847
1.55202 0.287392 7.86821
1.60891 0.211032 7.07662
1.43917 0.0120821 11.683
1.42419 0.274662 7.06029
1.46636 0.140892 10.8821
1.71412 0.292732 8.51622
1.46011 0.300692 5.51205
1.48767 0.0119121 9.63411
1.62119 0.128922 9.28751
1.67247 0.209212 5.47545
1.50899 0.0955121 9.44892
1.60629 0.117052 9.48576
1.57123 0.212492 8.43702
