1.47173 0.133512 7.21136
1.43851 0.122412 8.27018
1.44922 0.217082 5.18956
1.5066 0.268692 9.63044
1.58392 0.205382 12.5412
1.47314 0.123192 4.93978
1.44868 0.100962 5.76332
1.5017 0.146632 9.01314
1.46615 0.174922 9.69773
1.69111 0.267182 7.7608
1.55513 0.0328819 8.74073
1.49245 0.0176619 9.38867
1.42081 0.148032 8.76033
1.67289 0.0461319 9.05278
1.59999 0.162322 11.7962
1.45205 0.170462 6.28263
1.72776 0.0431719 7.48382
1.72674 0.0616019 7.6065
1.52722 0.0226419 9.46531
1.6084 0.164422 6.37953
1.61171 0.216112 7.9826
1.54845 0.161352 7.87684
1.70924 0.0387619 9.31824
1.65045 0.253952 9.71725
1.47448 0.0132819 7.72788
1.69415 0.158392 9.22614
1.66785 0.160322 6.55013
1.46494 0.295182 8.13112
1.61058 0.205982 8.39931
1.72633 0.237172 7.09406
1.71115 0.188262 5.34713
1.64479 0.195842 11.87
1.47884 0.0954319 9.29426
1.43896 0.273532 8.55428
1.58585 0.136372 8.88217
1.65996 0.0142619 7.94901
1.41657 0.111722 9.75953
1.71462 0.184642 8.30364
1.52312 0.0259019 5.73656
1.53736 0.0859919 7.24223
1.53223 0.158402 7.66866
1.45127 0.270482 7.27102
1.46184 0.129332 6.74294
1.66457 0.0473419 6.99795
1.60875 0.284632 5.1787
1.66971 0.191802 8.2391
1.45215 0.303312 6.46419
1.56382 0.312972 9.66441
1.63236 0.127652 6.55971
1.61279 0.185562 9.40187
1.42391 0.0892719 10.0623
