1.48311 0.298902 8.13111
1.64339 0.0232321 10.1853
1.5181 0.165882 7.48317
1.72353 0.281412 8.69853
1.5854 0.0815321 9.83595
1.45959 0.249672 4.83342
1.47504 0.167782 6.19134
1.44348 0.144392 7.01074
1.71735 0.151222 6.00485
1.50712 0.264422 9.37649
1.71129 0.0673821 8.80242
1.71744 0.0237521 9.6439
1.49888 0.158002 4.73505
1.50817 0.298742 9.01191
1.50587 0.0198721 6.51004
1.60528 0.0123621 6.16769
1.66716 0.0741921 7.40473
1.69709 0.0435721 6.64655
1.68614 0.275652 10.1846
1.67674 0.169352 10.6279
1.43406 0.312102 9.20542
1.49913 0.0483721 8.39158
1.70216 0.130762 5.92509
1.47815 0.301022 9.14497
1.47072 0.0544521 7.71318
1.67352 0.258722 11.9504
1.60969 0.137672 6.98397
1.71903 0.217382 12.7744
1.69133 0.150982 9.52918
1.46485 0.0884521 10.5628
1.52908 0.116162 10.1498
1.6521 0.0160621 7.55029
1.69771 0.186392 4.57745
1.4467 0.292162 6.67757
1.67378 0.135492 7.50102
1.50476 0.0254921 10.1143
1.47622 0.211012 12.5537
1.63313 0.239492 9.22838
1.67114 0.201972 6.2887
1.66845 0.161202 10.3397
1.70941 0.214112 9.15752
1.65694 0.302312 8.99324
1.50432 0.0550521 10.3412
1.63519 0.110122 11.6866
1.49515 0.243852 6.83018
1.53747 0.153332 7.16749
1.42487 0.0535621 8.75734
1.43735 0.198432 8.34197
1.64039 0.258692 8.43044
1.64463 0.155102 9.07249
1.4193 0.252392 10.957
1.60612 0.0534021 8.42762
1.63276 0.199392 9.93495
1.65671 0.271632 8.03211
1.54821 0.0892121 6.43828
1.55552 0.0457621 5.13396
