1.54931 0.0385918 7.34627
1.55521 0.0361318 7.9443
1.42806 0.307962 9.63044
1.70861 0.0509118 8.89745
1.50538 0.244652 12.5412
1.65037 0.151562 10.1573
1.42316 0.185902 9.01314
1.49807 0.00824181 6.8438
1.61257 0.306452 7.7608
1.54614 0.0380218 10.4809
1.47659 0.0721518 8.74073
1.71871 0.0112818 6.12329
1.41391 0.0569318 9.38867
1.59435 0.0854018 9.05278
1.52145 0.201592 11.7962
1.64922 0.0824418 7.48382
1.7216 0.313992 6.68113
1.6482 0.100872 7.6065
1.68356 0.249932 7.17228
1.44868 0.0619118 9.46531
1.52986 0.203692 6.37953
1.53317 0.255382 7.9826
1.46991 0.200622 7.87684
1.6307 0.0780318 9.31824
1.57191 0.293222 9.71725
1.61561 0.197662 9.22614
1.58931 0.199592 6.55013
1.53204 0.245252 8.39931
1.68635 0.256982 11.6453
1.64779 0.276442 7.09406
1.63261 0.227532 5.34713
1.56625 0.235112 11.87
1.55574 0.0270918 8.9252
1.50731 0.175642 8.88217
1.58142 0.0535318 7.94901
1.42494 0.0371318 9.21138
1.63608 0.223912 8.30364
1.44458 0.0651718 5.73656
1.63988 0.0110218 8.96659
1.45882 0.125262 7.24223
1.45369 0.197672 7.66866
1.72265 0.218612 8.85975
1.42095 0.0130718 12.1938
1.48805 0.00588181 9.6112
1.58603 0.0866118 6.99795
1.59117 0.231072 8.2391
1.55382 0.166922 6.55971
1.6905 0.0801618 9.26881
1.53425 0.224832 9.40187
