1.60736 0.199776 6.86862
1.62055 0.166366 8.13111
1.67155 0.198616 10.9825
1.55037 0.177166 12.0433
1.65554 0.0333462 7.48317
1.55947 0.279006 10.6259
1.52737 0.0253562 7.56495
1.4509 0.179766 8.89745
1.59703 0.117136 4.83342
1.61248 0.0352462 6.19134
1.53509 0.0305662 6.40262
1.58092 0.0118562 7.01074
1.64456 0.131886 9.37649
1.52928 0.306156 6.92432
1.63632 0.0254662 4.73505
1.52891 0.313276 10.6023
1.64561 0.166206 9.01191
1.54157 0.0511762 5.86146
1.461 0.140136 6.12329
1.4965 0.229356 10.248
1.67777 0.229536 6.3685
1.5715 0.179566 9.20542
1.66183 0.293076 5.66403
1.61559 0.168486 9.14497
1.50714 0.198976 7.25093
1.53377 0.0127962 6.53623
1.47754 0.157036 7.05007
1.58414 0.159626 6.67757
1.43608 0.103496 5.35547
1.65489 0.308936 9.94656
1.67941 0.216096 9.99024
1.61366 0.0784762 12.5537
1.50814 0.223616 10.6196
1.59302 0.218186 6.37333
1.49102 0.0835062 2.59703
1.52395 0.253496 6.44337
1.59019 0.229616 7.59023
1.63259 0.111316 6.83018
1.67491 0.0207962 7.16749
1.57479 0.0658962 8.34197
1.58925 0.185116 10.9833
1.55674 0.119856 10.957
1.67859 0.253856 9.55998
1.43279 0.209016 9.26881
