1.50855 0.115104 7.21136
1.47533 0.104004 8.27018
1.48604 0.198674 5.18956
1.54342 0.250284 9.63044
1.62073 0.186974 12.5412
1.50996 0.104784 4.93978
1.4855 0.0825541 5.76332
1.57349 0.297674 7.73981
1.53852 0.128224 9.01314
1.41613 0.0727541 10.6604
1.50297 0.156514 9.69773
1.59195 0.0144741 8.74073
1.43998 0.0566741 8.46639
1.45763 0.129624 8.76033
1.70971 0.0277241 9.05278
1.63681 0.143914 11.7962
1.48887 0.152054 6.28263
1.56404 0.00423413 9.46531
1.64522 0.146014 6.37953
1.44671 0.298984 7.16549
1.64853 0.197704 7.9826
1.58527 0.142944 7.87684
1.68727 0.235544 9.71725
1.70467 0.141914 6.55013
1.50176 0.276774 8.13112
1.6474 0.187574 8.39931
1.68161 0.177434 11.87
1.51566 0.0770241 9.29426
1.47578 0.255124 8.55428
1.62868 0.302864 8.09062
1.62267 0.117964 8.88217
1.45338 0.0933141 9.75953
1.55994 0.00749413 5.73656
1.57418 0.0675841 7.24223
1.56905 0.139994 7.66866
1.48808 0.252074 7.27102
1.49865 0.110924 6.74294
1.70139 0.0289341 6.99795
1.64557 0.266224 5.1787
1.70653 0.173394 8.2391
1.48896 0.284904 6.46419
1.60064 0.294564 9.66441
1.66918 0.109244 6.55971
1.64961 0.167154 9.40187
1.46072 0.0708641 10.0623
