1.64365 0.23867 7.18776
1.49313 0.0381195 9.37164
1.71404 0.10311 9.70339
1.63709 0.0788395 9.44493
1.48985 0.2435 6.57907
1.43573 0.14189 5.41518
1.65218 0.23775 9.33824
1.70721 0.10537 7.33901
1.6093 0.0448395 7.76683
1.60936 0.14596 9.65105
1.6636 0.0616395 7.36461
1.46964 0.24924 10.8164
1.59249 0.16823 7.87974
1.46012 0.30006 10.0605
1.48132 0.19578 9.38908
1.58353 0.27278 8.8288
1.59931 0.16188 7.88671
1.60666 0.26914 4.65153
1.54492 0.0919895 11.2008
1.56008 0.28662 10.6401
1.49735 0.0664595 10.3085
1.4268 0.25822 7.48278
1.59827 0.16191 8.5693
1.72 0.0512495 6.78061
1.60213 0.16871 5.27358
1.63531 0.28361 11.3125
1.72652 0.10052 9.18662
1.57886 0.0727695 10.926
1.47317 0.23189 9.88451
1.65069 0.0449195 6.57205
1.65499 0.12659 8.01684
1.71585 0.25385 10.1045
1.70958 0.26988 10.4344
1.4544 0.19558 10.8479
1.66064 0.12378 11.0462
1.66493 0.17754 4.13992
1.67068 0.20085 7.31184
1.49846 0.20335 9.96904
1.64491 0.30373 6.68269
1.45691 0.17606 6.67278
1.4166 0.31407 10.2291
1.46823 0.0947395 9.37908
1.56995 0.16666 10.9693
1.61347 0.21197 12.2061
1.62247 0.12041 9.28645
1.61131 0.0673595 12.0975
1.47107 0.0981695 9.39051
1.44929 0.0892695 3.84092
1.62887 0.17391 10.4939
