1.64365 0.277939 7.18776
1.49313 0.0773894 9.37164
1.71404 0.142379 9.70339
1.63709 0.118109 9.44493
1.68153 0.0194394 9.10726
1.48985 0.282769 6.57907
1.43573 0.181159 5.41518
1.65218 0.277019 9.33824
1.70721 0.144639 7.33901
1.6093 0.0841094 7.76683
1.60936 0.185229 9.65105
1.6636 0.100909 7.36461
1.46964 0.288509 10.8164
1.59249 0.207499 7.87974
1.48132 0.235049 9.38908
1.58353 0.312049 8.8288
1.59931 0.201149 7.88671
1.60666 0.308409 4.65153
1.54492 0.131259 11.2008
1.49735 0.105729 10.3085
1.4268 0.297489 7.48278
1.59827 0.201179 8.5693
1.72 0.0905194 6.78061
1.60213 0.207979 5.27358
1.72652 0.139789 9.18662
1.57886 0.112039 10.926
1.47317 0.271159 9.88451
1.65069 0.0841894 6.57205
1.65499 0.165859 8.01684
1.71585 0.293119 10.1045
1.70958 0.309149 10.4344
1.4544 0.234849 10.8479
1.66064 0.163049 11.0462
1.66493 0.216809 4.13992
1.67068 0.240119 7.31184
1.49846 0.242619 9.96904
1.45691 0.215329 6.67278
1.46823 0.134009 9.37908
1.56995 0.205929 10.9693
1.61347 0.251239 12.2061
1.62247 0.159679 9.28645
1.61131 0.106629 12.0975
1.47107 0.137439 9.39051
1.44929 0.128539 3.84092
1.5433 0.0336894 8.74354
1.62887 0.213179 10.4939
