1.54294 0.0101728 7.31245
1.45015 0.0585728 5.94039
1.53641 0.103853 10.4156
1.46027 0.256623 5.37733
1.7126 0.105153 9.4377
1.52759 0.183643 9.98965
1.47975 0.110513 11.3613
1.70888 0.222213 9.49836
1.63599 0.0123828 9.95805
1.48734 0.0677028 7.58633
1.54076 0.0510128 7.48718
1.56143 0.121113 6.10942
1.44329 0.246313 8.4583
1.69582 0.0396128 9.17
1.46698 0.211393 12.3485
1.42354 0.227203 8.08011
1.72016 0.212943 7.35576
1.57827 0.0768428 7.55338
1.43181 0.0424728 9.52581
1.65223 0.226053 4.68986
1.6399 0.0623328 8.10023
1.61452 0.146193 11.8419
1.43779 0.118433 11.7225
1.61703 0.0530928 9.74676
1.5342 0.0120528 11.0487
1.42227 0.193133 8.30835
1.41569 0.00368276 9.06267
1.48463 0.277813 11.6119
1.46761 0.00589276 12.1529
1.5228 0.306473 8.01005
1.50707 0.192183 9.2944
1.53402 0.0974528 9.7806
1.53987 0.286813 7.89155
1.64517 0.223843 8.24007
1.52655 0.288263 11.4016
1.67908 0.242013 4.94607
1.46702 0.197403 6.53551
1.45669 0.313503 6.79222
1.54152 0.107063 7.51821
1.42294 0.192123 7.5089
1.57309 0.266953 10.8188
1.72613 0.269523 7.65242
1.50027 0.137573 8.53727
1.65452 0.171723 7.43245
1.70816 0.182863 6.87043
1.62144 0.194693 11.0375
1.72022 0.0280928 4.91108
1.62518 0.0992128 7.00371
1.56204 0.239163 7.26155
1.6888 0.312593 8.85798
