1.61052 0.244492 10.1494
1.69002 0.213912 5.25027
1.48121 0.180842 8.05486
1.46019 0.185162 12.9946
1.55179 0.196632 8.86592
1.57366 0.0960021 7.47419
1.56486 0.141402 11.8625
1.52935 0.0262221 7.68539
1.44378 0.0901821 9.42662
1.53539 0.276762 10.1832
1.51777 0.0185921 8.58276
1.55679 0.243702 7.96303
1.4535 0.305012 8.37316
1.59853 0.105022 7.31622
1.46006 0.106952 9.26445
1.61509 0.0320521 8.50235
1.58546 0.0295721 8.22871
1.43092 0.123992 5.56933
1.62421 0.0916621 4.35333
1.58324 0.288292 7.68192
1.71142 0.273542 9.04583
1.58478 0.214462 9.98557
1.55362 0.142782 9.91415
1.6512 0.151082 8.99765
1.71496 0.155312 7.66807
1.57217 0.287532 10.1051
1.56938 0.217462 11.5685
1.5607 0.0584821 8.58008
1.43173 0.0295521 8.33872
1.46431 0.279602 8.82533
1.51329 0.178302 7.08542
1.49883 0.0604421 10.6433
1.7067 0.0120821 11.683
1.43852 0.160792 8.57992
1.4386 0.0890821 11.2182
1.69172 0.274662 7.06029
1.72764 0.300692 5.51205
1.58759 0.290312 9.31114
1.45158 0.0360321 8.87567
1.62422 0.104552 7.68837
1.49792 0.145732 7.65382
1.54567 0.259892 5.90922
1.47803 0.223162 5.52954
