1.72279 0.136942 8.13136
1.5959 0.107152 8.69853
1.65774 0.222812 9.42983
1.48821 0.309002 10.1985
1.66744 0.165742 7.42089
1.66694 0.111672 7.92899
1.6385 0.0382819 9.39184
1.66946 0.271642 7.37324
1.6621 0.0421519 9.35374
1.55851 0.101392 10.1846
1.67093 0.0875619 11.9338
1.54589 0.0844619 11.9504
1.44663 0.294552 6.81326
1.5914 0.0431219 12.7744
1.60484 0.234102 6.94769
1.71962 0.160112 9.14889
1.50811 0.225132 10.5855
1.63971 0.109522 8.95233
1.57008 0.0121319 4.57745
1.57528 0.206282 9.40788
1.49388 0.198142 7.6935
1.41434 0.174372 9.99024
1.48821 0.239302 8.92796
1.61102 0.0149819 9.03485
1.5055 0.0652319 9.22838
1.54351 0.0277119 6.2887
1.72081 0.127282 7.56544
1.58178 0.0398519 9.15752
1.52931 0.128052 8.99324
1.69407 0.115902 9.73365
1.6687 0.166042 8.25033
1.68159 0.0984619 5.02904
1.56469 0.261782 12.3679
1.69851 0.00851192 7.92413
1.70374 0.176342 9.7349
1.60954 0.0537519 8.16371
1.47706 0.217162 6.92325
1.51276 0.0844319 8.43044
1.50513 0.0251319 9.93495
1.52908 0.0973719 8.03211
1.44913 0.289732 6.26427
1.60398 0.120452 6.16866
