1.64365 0.0644093 7.18776
1.48985 0.0692393 6.57907
1.52344 0.145429 5.39164
1.65218 0.0634893 9.33824
1.69398 0.140439 8.04004
1.46964 0.0749793 10.8164
1.46012 0.125799 10.0605
1.48132 0.0215193 9.38908
1.58353 0.0985193 8.8288
1.58481 0.235359 9.07765
1.48246 0.268119 10.1957
1.59249 0.141769 9.83798
1.4541 0.147129 11.9089
1.60666 0.0948793 4.65153
1.44641 0.292469 8.2235
1.56008 0.112359 10.6401
1.70908 0.253359 9.48351
1.4268 0.0839593 7.48278
1.63531 0.109349 11.3125
1.47317 0.0576293 9.88451
1.7228 0.250749 5.64483
1.52067 0.166949 9.50062
1.71585 0.0795893 10.1045
1.67896 0.216699 5.5814
1.70958 0.0956193 10.4344
1.47227 0.242049 8.86507
1.4544 0.0213193 10.8479
1.65906 0.288099 9.66419
1.59362 0.148879 1.79944
1.66493 0.0032793 4.13992
1.67068 0.0265893 7.31184
1.49846 0.0290893 9.96904
1.681 0.237819 6.18782
1.64491 0.129469 6.68269
1.45691 0.0017993 6.67278
1.46863 0.152139 7.73531
1.4166 0.139809 10.2291
1.5314 0.252679 5.05418
1.52161 0.267239 11.0336
1.51991 0.306436 10.8973
1.59941 0.188589 5.76839
1.49261 0.207009 3.32247
1.64802 0.172489 10.4545
1.56737 0.157219 9.17467
1.61347 0.0377093 12.2061
1.47571 0.170909 7.30187
