1.6091 0.205555 10.0326
1.57139 0.0854546 10.769
1.66333 0.254935 8.57833
1.70754 0.251735 8.04085
1.45037 0.0818646 6.35558
1.59888 0.314035 12.4246
1.52513 0.171775 12.4847
1.46017 0.0677646 9.08387
1.62668 0.293455 9.47512
1.57371 0.183585 7.52218
1.50628 0.296785 3.57622
1.51936 0.0444846 5.50001
1.56679 0.169485 8.41301
1.62667 0.196625 7.94907
1.51523 0.109825 7.07294
1.67299 0.142975 9.69777
1.55724 0.0930746 9.56019
1.56283 0.0741446 9.36655
1.52804 0.203955 12.3368
1.59033 0.0348346 11.5721
1.54875 0.00237456 8.0656
1.46685 0.114365 10.1404
1.5481 0.270055 8.19064
1.43486 0.277885 8.44727
1.61282 0.0479246 8.96678
1.41933 0.0685346 5.80099
1.62511 0.239835 10.9849
1.71355 0.282475 8.8865
1.61662 0.0298946 11.7209
1.46336 0.275885 8.7648
1.6761 0.154925 8.8961
1.4907 0.189005 4.73315
1.52673 0.0365646 7.21255
1.46165 0.0511846 10.4478
1.63891 0.0201146 8.18619
1.50157 0.0140446 13.8328
1.51727 0.0109546 7.52441
1.52881 0.272515 5.42487
1.68666 0.0991346 5.10995
1.48632 0.0234646 8.90965
1.50079 0.0653046 9.41877
1.4531 0.156045 5.20822
1.55442 0.205685 9.33733
1.72336 0.195425 9.34989
