1.53034 0.0887221 8.37516
1.61501 0.227362 10.1369
1.57259 0.140662 9.80098
1.58819 0.105132 7.66217
1.45637 0.0987021 11.3447
1.47231 0.163482 8.50576
1.60788 0.261292 8.01622
1.57992 0.0933821 7.39753
1.54158 0.150472 7.1591
1.63217 0.233182 8.31697
1.54271 0.0795121 8.10658
1.4717 0.116542 6.5804
1.65135 0.200462 9.96321
1.70423 0.269632 6.8438
1.43406 0.0320121 9.72888
1.44757 0.148892 8.46218
1.64009 0.123342 10.4059
1.49245 0.290302 8.92775
1.50361 0.123192 8.77708
1.67361 0.00783214 11.6119
1.64178 0.109542 10.3578
1.6021 0.313942 7.72788
1.71178 0.0364921 8.01005
1.62545 0.114292 8.65119
1.4383 0.101372 6.30768
1.43175 0.271372 11.0207
1.51135 0.00495214 8.37628
1.71554 0.0182821 11.4016
1.43646 0.191592 9.36411
1.64567 0.0435221 6.79222
1.44174 0.289552 9.32196
1.6311 0.298522 9.21138
1.44737 0.0687621 6.05026
1.57116 0.225812 10.292
1.52901 0.170932 10.8239
1.55005 0.300332 6.02306
1.62711 0.274462 12.1938
1.46661 0.0526421 9.84142
1.69422 0.267272 9.6112
1.54006 0.166672 7.59257
1.71395 0.240332 6.09565
1.50726 0.182512 9.49395
1.57319 0.0322821 9.43116
1.6332 0.208612 6.01365
1.42519 0.0895821 4.86179
1.71981 0.170212 7.62991
1.55323 0.114002 8.88375
1.59301 0.113442 11.3858
1.49041 0.255992 6.26307
1.50117 0.267612 10.8593
