1.46102 0.298902 8.13111
1.6213 0.0232321 10.1853
1.49601 0.165882 7.48317
1.70144 0.281412 8.69853
1.56331 0.0815321 9.83595
1.4375 0.249672 4.83342
1.45295 0.167782 6.19134
1.42139 0.144392 7.01074
1.69526 0.151222 6.00485
1.48503 0.264422 9.37649
1.6892 0.0673821 8.80242
1.69535 0.0237521 9.6439
1.47679 0.158002 4.73505
1.48608 0.298742 9.01191
1.48378 0.0198721 6.51004
1.58319 0.0123621 6.16769
1.64507 0.0741921 7.40473
1.675 0.0435721 6.64655
1.66405 0.275652 10.1846
1.65465 0.169352 10.6279
1.47704 0.0483721 8.39158
1.68007 0.130762 5.92509
1.45606 0.301022 9.14497
1.44863 0.0544521 7.71318
1.65143 0.258722 11.9504
1.5876 0.137672 6.98397
1.69694 0.217382 12.7744
1.71368 0.125562 9.42632
1.66924 0.150982 9.52918
1.44276 0.0884521 10.5628
1.50699 0.116162 10.1498
1.63001 0.0160621 7.55029
1.67562 0.186392 4.57745
1.42461 0.292162 6.67757
1.65169 0.135492 7.50102
1.48267 0.0254921 10.1143
1.45413 0.211012 12.5537
1.71656 0.189242 9.03485
1.61104 0.239492 9.22838
1.64905 0.201972 6.2887
1.64636 0.161202 10.3397
1.68732 0.214112 9.15752
1.63485 0.302312 8.99324
1.48223 0.0550521 10.3412
1.6131 0.110122 11.6866
1.47306 0.243852 6.83018
1.51538 0.153332 7.16749
1.71508 0.228012 8.16371
1.41526 0.198432 8.34197
1.6183 0.258692 8.43044
1.62254 0.155102 9.07249
1.58403 0.0534021 8.42762
1.61067 0.199392 9.93495
1.63462 0.271632 8.03211
1.52612 0.0892121 6.43828
1.70952 0.294712 6.16866
1.53343 0.0457621 5.13396
