1.57094 0.246024 6.19461
1.69814 0.249864 9.54773
1.68153 0.283284 9.10726
1.48821 0.0377941 10.1985
1.63965 0.183064 7.54688
1.69001 0.165874 8.81649
1.66946 0.000434118 7.37324
1.70221 0.0497441 14.0718
1.61657 0.104694 8.13816
1.50737 0.126814 9.79795
1.44663 0.0233441 6.81326
1.45738 0.173884 7.94804
1.70125 0.0652841 8.9649
1.50934 0.200654 9.26338
1.59068 0.0823741 8.37107
1.58038 0.117924 8.42869
1.61611 0.211494 8.42056
1.49055 0.0713041 9.9086
1.58078 0.203654 10.5699
1.4408 0.165424 10.2304
1.54834 0.139524 5.35347
1.58014 0.0644941 7.07325
1.60623 0.167784 8.88135
1.63942 0.222644 7.49122
1.63849 0.0558541 7.57258
1.5905 0.0469941 7.9849
1.51121 0.167424 9.19404
1.46491 0.202854 9.34095
1.44291 0.0828941 7.2218
1.54596 0.225474 6.53437
1.70849 0.119404 7.53375
1.51834 0.126274 9.51503
1.5433 0.297534 8.74354
1.70283 0.0786241 9.82356
1.44913 0.0185241 6.26427
