1.4417 0.110882 6.08845
1.5911 0.298902 8.13111
1.52092 0.309702 12.0433
1.62609 0.165882 7.48317
1.49792 0.157892 7.56495
1.69339 0.0815321 9.83595
1.42145 0.312302 8.89745
1.56758 0.249672 4.83342
1.58303 0.167782 6.19134
1.50564 0.163102 6.40262
1.45161 0.0817121 10.6224
1.55147 0.144392 7.01074
1.61511 0.264422 9.37649
1.60687 0.158002 4.73505
1.61616 0.298742 9.01191
1.51212 0.183712 5.86146
1.61386 0.0198721 6.51004
1.71327 0.0123621 6.16769
1.43155 0.272672 6.12329
1.48755 0.0950621 8.72814
1.54205 0.312102 9.20542
1.60712 0.0483721 8.39158
1.50407 0.0171221 8.85039
1.50334 0.116352 7.24413
1.58614 0.301022 9.14497
1.57871 0.0544521 7.71318
1.43981 0.0126821 6.34262
1.71768 0.137672 6.98397
1.51069 0.0913221 10.6118
1.57284 0.0884521 10.5628
1.50432 0.145332 6.53623
1.63707 0.116162 10.1498
1.44809 0.289572 7.05007
1.55469 0.292162 6.67757
1.47827 0.00536214 3.34318
1.61275 0.0254921 10.1143
1.58421 0.211012 12.5537
1.61231 0.0550521 10.3412
1.46157 0.216042 2.59703
1.60314 0.243852 6.83018
1.64546 0.153332 7.16749
1.53286 0.0535621 8.75734
1.54534 0.198432 8.34197
1.52729 0.252392 10.957
1.71411 0.0534021 8.42762
1.6562 0.0892121 6.43828
1.66351 0.0457621 5.13396
