1.49258 0.127846 5.2493
1.43281 0.292216 5.42979
1.70558 0.0915962 9.89792
1.56329 0.266306 10.0795
1.56848 0.224356 12.458
1.46245 0.180496 10.5645
1.46431 0.187186 11.2394
1.61715 0.121246 8.1405
1.41728 0.300446 10.2092
1.60474 0.0244162 11.1315
1.55041 0.165886 8.09945
1.6729 0.00384617 7.26213
1.54477 0.0774462 12.7998
1.56146 0.190206 9.85298
1.44176 0.145836 4.88651
1.69647 0.0516462 5.04181
1.53098 0.162546 9.76161
1.57367 0.0578462 8.80065
1.71652 0.184826 9.52581
1.56601 0.307196 7.75364
1.72249 0.260786 11.7225
1.70039 0.146036 9.06267
1.52115 0.0974162 10.6129
1.6851 0.108576 8.60217
1.62807 0.156086 11.2664
1.69941 0.0942062 10.0811
1.62953 0.153856 11.3707
1.5578 0.233126 6.80955
1.47215 0.0366062 8.85913
1.42525 0.287296 5.97961
1.52438 0.0325162 7.63856
1.44413 0.0175662 9.2042
1.41704 0.0769562 9.48219
1.60138 0.110286 6.29525
1.69146 0.280276 7.93248
1.65194 0.252796 7.5046
1.65 0.300306 9.41331
1.69222 0.166706 6.42572
1.69627 0.183956 9.07474
1.42165 0.0225362 9.01659
1.59575 0.239176 12.6634
1.41785 0.202616 7.78005
1.50886 0.0497462 6.82729
1.62667 0.291596 5.94865
1.48173 0.116226 7.95658
1.53356 0.139086 8.17665
1.48494 0.134376 7.72861
1.64221 0.00317617 8.63258
1.57397 0.0421962 5.86578
1.46158 0.178226 7.12577
1.69306 0.242196 9.3563
1.67073 0.296306 10.783
1.50208 0.0468062 8.85094
1.53056 0.286346 6.34104
