1.57094 0.263205 6.19461
1.69814 0.267045 9.54773
1.68153 0.300465 9.10726
1.48821 0.0549747 10.1985
1.63965 0.200245 7.54688
1.69001 0.183055 8.81649
1.66946 0.0176147 7.37324
1.70221 0.0669247 14.0718
1.61657 0.121875 8.13816
1.50737 0.143995 9.79795
1.44663 0.0405247 6.81326
1.45738 0.191065 7.94804
1.70125 0.0824647 8.9649
1.50934 0.217835 9.26338
1.59068 0.0995547 8.37107
1.58038 0.135105 8.42869
1.61611 0.228675 8.42056
1.49055 0.0884847 9.9086
1.58078 0.220835 10.5699
1.4408 0.182605 10.2304
1.54834 0.156705 5.35347
1.58014 0.0816747 7.07325
1.60623 0.184965 8.88135
1.63942 0.239825 7.49122
1.63849 0.0730347 7.57258
1.5905 0.0641747 7.9849
1.51121 0.184605 9.19404
1.46491 0.220035 9.34095
1.44291 0.100075 7.2218
1.54596 0.242655 6.53437
1.56469 0.0077547 12.3679
1.70849 0.136585 7.53375
1.51834 0.143455 9.51503
1.70283 0.0958047 9.82356
1.44913 0.0357047 6.26427
