1.67529 0.102999 10.1853
1.55 0.245649 7.48317
1.42183 0.237659 7.56495
1.6173 0.161299 9.83595
1.50694 0.247549 6.19134
1.42955 0.242869 6.40262
1.47538 0.224159 7.01074
1.53078 0.237769 4.73505
1.62222 0.00823914 7.43832
1.43603 0.263479 5.86146
1.53777 0.0996391 6.51004
1.63718 0.0921291 6.16769
1.69906 0.153959 7.40473
1.70864 0.249119 10.6279
1.53103 0.128139 8.39158
1.42798 0.0968891 8.85039
1.42725 0.196119 7.24413
1.50262 0.134219 7.71318
1.64159 0.217439 6.98397
1.4346 0.171089 10.6118
1.6902 0.0485791 9.36544
1.50958 0.0250491 5.89698
1.72323 0.230749 9.52918
1.49675 0.168219 10.5628
1.63506 0.0511191 9.60221
1.42823 0.225099 6.53623
1.56098 0.195929 10.1498
1.684 0.0958291 7.55029
1.71299 0.0422091 10.1096
1.70568 0.215259 7.50102
1.53666 0.105259 10.1143
1.50812 0.290779 12.5537
1.70304 0.281739 6.2887
1.70035 0.240969 10.3397
1.53622 0.134819 10.3412
1.45559 0.0293591 13.4192
1.60963 0.0313791 9.6493
1.46691 0.00463914 9.37185
1.66709 0.189889 11.6866
1.46572 0.0670191 9.58671
1.56937 0.233099 7.16749
1.45677 0.133329 8.75734
1.46925 0.278199 8.34197
1.67653 0.234869 9.07249
1.63802 0.133169 8.42762
1.66466 0.279159 9.93495
1.53355 0.0765491 11.9621
1.58011 0.168979 6.43828
1.58742 0.125529 5.13396
