1.72279 0.0166778 8.13136
1.65774 0.102548 9.42983
1.48821 0.188738 10.1985
1.66744 0.0454778 7.42089
1.66946 0.151378 7.37324
1.70221 0.200688 14.0718
1.61657 0.255638 8.13816
1.50737 0.277758 9.79795
1.44663 0.174288 6.81326
1.70125 0.216228 8.9649
1.59068 0.233318 8.37107
1.58038 0.268868 8.42869
1.60484 0.113838 6.94769
1.71962 0.0398478 9.14889
1.50811 0.104868 10.5855
1.57528 0.0860178 9.40788
1.49388 0.0778778 7.6935
1.49055 0.222248 9.9086
1.41434 0.0541078 9.99024
1.48821 0.119038 8.92796
1.54834 0.290468 5.35347
1.58014 0.215438 7.07325
1.63849 0.206798 7.57258
1.72081 0.00701783 7.56544
1.52931 0.00778783 8.99324
1.5905 0.197938 7.9849
1.6687 0.0457778 8.25033
1.44291 0.233838 7.2218
1.56469 0.141518 12.3679
1.70374 0.0560778 9.7349
1.70849 0.270348 7.53375
1.51834 0.277218 9.51503
1.47706 0.0968978 6.92325
1.70283 0.229568 9.82356
1.44913 0.169468 6.26427
1.60398 0.000187827 6.16866
