1.45274 0.277089 6.86862
1.46593 0.243679 8.13111
1.51693 0.275929 10.9825
1.50092 0.110659 7.48317
1.70635 0.226189 8.69853
1.56822 0.0263088 9.83595
1.44241 0.194449 4.83342
1.45786 0.112559 6.19134
1.4263 0.0891688 7.01074
1.70017 0.0959988 6.00485
1.48994 0.209199 9.37649
1.69411 0.0121588 8.80242
1.4817 0.102779 4.73505
1.49099 0.243519 9.01191
1.64998 0.0189688 7.40473
1.66896 0.220429 10.1846
1.52315 0.306849 6.3685
1.65956 0.114129 10.6279
1.41688 0.256879 9.20542
1.68498 0.0755388 5.92509
1.46097 0.245799 9.14497
1.65634 0.203499 11.9504
1.59251 0.0824488 6.98397
1.70185 0.162159 12.7744
1.71859 0.0703388 9.42632
1.67415 0.0957588 9.52918
1.44767 0.0332288 10.5628
1.5119 0.0609388 10.1498
1.68053 0.131169 4.57745
1.42952 0.236939 6.67757
1.6566 0.0802688 7.50102
1.52479 0.293409 9.99024
1.45904 0.155789 12.5537
1.72147 0.134019 9.03485
1.61595 0.184269 9.22838
1.65396 0.146749 6.2887
1.65127 0.105979 10.3397
1.4384 0.295499 6.37333
1.69223 0.158889 9.15752
1.63976 0.247089 8.99324
1.43557 0.306929 7.59023
1.61801 0.0548988 11.6866
1.47797 0.188629 6.83018
1.52029 0.0981088 7.16749
1.71999 0.172789 8.16371
1.42017 0.143209 8.34197
1.43463 0.262429 10.9833
1.62321 0.203469 8.43044
1.62745 0.0998788 9.07249
1.61558 0.144169 9.93495
1.63953 0.216409 8.03211
1.53103 0.0339888 6.43828
1.71443 0.239489 6.16866
