1.49538 0.298902 8.13111
1.4252 0.309702 12.0433
1.65566 0.0232321 10.1853
1.53037 0.165882 7.48317
1.59767 0.0815321 9.83595
1.47186 0.249672 4.83342
1.48731 0.167782 6.19134
1.45575 0.144392 7.01074
1.51939 0.264422 9.37649
1.72356 0.0673821 8.80242
1.51115 0.158002 4.73505
1.52044 0.298742 9.01191
1.4164 0.183712 5.86146
1.51814 0.0198721 6.51004
1.61755 0.0123621 6.16769
1.67943 0.0741921 7.40473
1.70936 0.0435721 6.64655
1.69841 0.275652 10.1846
1.68901 0.169352 10.6279
1.44633 0.312102 9.20542
1.5114 0.0483721 8.39158
1.71443 0.130762 5.92509
1.49042 0.301022 9.14497
1.48299 0.0544521 7.71318
1.68579 0.258722 11.9504
1.62196 0.137672 6.98397
1.41497 0.0913221 10.6118
1.7036 0.150982 9.52918
1.47712 0.0884521 10.5628
1.54135 0.116162 10.1498
1.66437 0.0160621 7.55029
1.70998 0.186392 4.57745
1.45897 0.292162 6.67757
1.68605 0.135492 7.50102
1.51703 0.0254921 10.1143
1.48849 0.211012 12.5537
1.6454 0.239492 9.22838
1.68341 0.201972 6.2887
1.68072 0.161202 10.3397
1.72168 0.214112 9.15752
1.66921 0.302312 8.99324
1.51659 0.0550521 10.3412
1.64746 0.110122 11.6866
1.50742 0.243852 6.83018
1.54974 0.153332 7.16749
1.43714 0.0535621 8.75734
1.44962 0.198432 8.34197
1.65266 0.258692 8.43044
1.6569 0.155102 9.07249
1.43157 0.252392 10.957
1.61839 0.0534021 8.42762
1.64503 0.199392 9.93495
1.66898 0.271632 8.03211
1.56048 0.0892121 6.43828
1.56779 0.0457621 5.13396
