1.67608 0.165415 6.86862
1.68927 0.132005 8.13111
1.61909 0.142805 12.0433
1.62819 0.244645 10.6259
1.70303 0.288955 9.63906
1.51962 0.145405 8.89745
1.66575 0.082775 4.83342
1.6812 0.000885029 6.19134
1.46138 0.246055 10.1573
1.71328 0.097525 9.37649
1.598 0.271795 6.92432
1.59763 0.278915 10.6023
1.71433 0.131845 9.01191
1.61029 0.016815 5.86146
1.52972 0.105775 6.12329
1.56522 0.194995 10.248
1.46023 0.176935 7.48382
1.45921 0.195365 7.6065
1.64022 0.145205 9.20542
1.68431 0.134125 9.14497
1.57586 0.164615 7.25093
1.44171 0.172525 9.31824
1.42662 0.292155 9.22614
1.54626 0.122675 7.05007
1.61829 0.289295 2.86335
1.65286 0.125265 6.67757
1.5048 0.069135 5.35547
1.72361 0.274575 9.94656
1.68238 0.044115 12.5537
1.57686 0.189255 10.6196
1.45089 0.105515 8.96659
1.53366 0.313105 8.85975
1.66174 0.183825 6.37333
1.54781 0.286415 7.24938
1.70029 0.285105 5.94507
1.55974 0.049145 2.59703
1.59267 0.219135 6.44337
1.65891 0.195255 7.59023
1.70131 0.076955 6.83018
1.64351 0.031535 8.34197
1.65797 0.150755 10.9833
1.62546 0.085495 10.957
1.50151 0.174655 9.26881
