1.6888 0.222559 6.53953
1.52286 0.205969 10.1919
1.47234 0.207569 5.21027
1.51807 0.262359 8.02336
1.59446 0.259179 6.60112
1.52711 0.222049 10.0676
1.6116 0.214989 8.81692
1.48831 0.0783393 11.8414
1.4377 0.218489 6.13027
1.51257 0.183759 7.31655
1.52127 0.301049 13.0983
1.45067 0.147979 6.36379
1.61723 0.265439 10.097
1.49155 0.240419 7.17227
1.65326 0.0115193 11.0715
1.5134 0.179929 7.71969
1.66278 0.258389 8.87112
1.51615 0.161249 9.53535
1.60682 0.0595793 3.82463
1.45039 0.215359 6.32903
1.51788 0.0350993 6.39183
1.44558 0.269999 8.01433
1.51753 0.00267935 8.20971
1.62786 0.246499 9.47317
1.71538 0.189079 8.34567
1.4184 0.171269 7.22465
1.59459 0.243839 6.9164
1.57306 0.219719 6.5519
1.4622 0.0796093 11.5361
1.54791 0.0890693 12.6999
1.62658 0.193249 9.81325
1.57015 0.131679 7.67328
1.68267 0.189849 11.414
1.53373 0.212799 11.0413
1.46251 0.0628593 6.95572
1.60035 0.0924193 11.6204
1.72179 0.0201393 11.6245
1.62185 0.145119 9.27702
1.70089 0.309559 7.4222
1.70358 0.0337693 9.51136
1.50716 0.218959 10.3814
1.48698 0.240279 5.54356
1.49126 0.300559 6.85474
1.42473 0.0911493 7.5048
1.68765 0.0890493 9.62859
