1.45455 0.142102 7.21136
1.61067 0.0079122 7.34627
1.42133 0.131002 8.27018
1.43204 0.225672 5.18956
1.61657 0.0054522 7.9443
1.48942 0.277282 9.63044
1.56674 0.213972 12.5412
1.45596 0.131782 4.93978
1.71173 0.120882 10.1573
1.4315 0.109552 5.76332
1.48452 0.155222 9.01314
1.44897 0.183512 9.69773
1.67393 0.275772 7.7608
1.6075 0.0073422 10.4809
1.53795 0.0414722 8.74073
1.47527 0.0262522 9.38867
1.65571 0.0547222 9.05278
1.58281 0.170912 11.7962
1.43487 0.179052 6.28263
1.71058 0.0517622 7.48382
1.70956 0.0701922 7.6065
1.51004 0.0312322 9.46531
1.59122 0.173012 6.37953
1.59453 0.224702 7.9826
1.53127 0.169942 7.87684
1.69206 0.0473522 9.31824
1.63327 0.262542 9.71725
1.4573 0.0218722 7.72788
1.67697 0.166982 9.22614
1.65067 0.168912 6.55013
1.44776 0.303772 8.13112
1.5934 0.214572 8.39931
1.70915 0.245762 7.09406
1.69397 0.196852 5.34713
1.62761 0.204432 11.87
1.46166 0.104022 9.29426
1.42178 0.282122 8.55428
1.56867 0.144962 8.88217
1.64278 0.0228522 7.94901
1.4863 0.0064522 9.21138
1.69744 0.193232 8.30364
1.50594 0.0344922 5.73656
1.52018 0.0945822 7.24223
1.51505 0.166992 7.66866
1.43409 0.279072 7.27102
1.44466 0.137922 6.74294
1.64739 0.0559322 6.99795
1.59157 0.293222 5.1787
1.65253 0.200392 8.2391
1.43497 0.311902 6.46419
1.61518 0.136242 6.55971
1.59561 0.194152 9.40187
