1.61625 0.151572 11.2358
1.49494 0.122528 5.49643
1.6456 0.296067 6.82155
1.45007 0.11311 8.70002
1.42463 0.143325 11.5783
1.58481 0.000967032 9.07765
1.48246 0.033727 10.1957
1.44792 0.267142 6.65722
1.50655 0.276747 11.3427
1.66063 0.286607 7.19434
1.64348 0.191584 8.03949
1.58136 0.117022 8.61454
1.44641 0.058077 8.2235
1.70908 0.018967 9.48351
1.58665 0.159315 9.15397
1.53114 0.274537 11.752
1.52921 0.103199 7.47052
1.66922 0.19788 7.31087
1.46039 0.101859 5.86824
1.611 0.187345 9.11878
1.41507 0.106586 9.94106
1.69906 0.303777 8.4487
1.44799 0.22279 9.83102
1.7228 0.016357 5.64483
1.59516 0.251163 7.97113
1.47781 0.212657 8.75275
1.55168 0.261032 6.60827
1.5799 0.221526 9.00137
1.47227 0.00765703 8.86507
1.59063 0.0889077 8.29084
1.65906 0.053707 9.66419
1.62826 0.0888767 6.58664
1.681 0.00342703 6.18782
1.58023 0.277346 6.05235
1.42311 0.192331 8.00612
1.70245 0.214462 6.308
1.5314 0.018287 5.05418
1.52161 0.032847 11.0336
1.51991 0.0720436 10.8973
1.53501 0.30924 6.05723
1.67213 0.10178 5.63548
