1.69724 0.0887221 8.37516
1.56716 0.0831221 8.00668
1.54988 0.164212 8.53792
1.56847 0.209422 12.258
1.62327 0.0987021 11.3447
1.41944 0.00285214 8.6107
1.45086 0.0421221 7.29018
1.63921 0.163482 8.50576
1.49148 0.277702 5.91544
1.56614 0.0452621 4.44041
1.53853 0.0732221 6.35577
1.70848 0.150472 7.1591
1.70961 0.0795121 8.10658
1.6386 0.116542 6.5804
1.53235 0.250662 9.69625
1.55697 0.0638321 9.79893
1.60095 0.0320121 9.72888
1.61447 0.148892 8.46218
1.46585 0.219902 9.109
1.44193 0.188902 6.96768
1.52216 0.0488021 7.77202
1.65935 0.290302 8.92775
1.67051 0.123192 8.77708
1.53762 0.0607121 8.49857
1.6052 0.101372 6.30768
1.59865 0.271372 11.0207
1.67825 0.00495214 8.37628
1.60335 0.191592 9.36411
1.48122 0.00304214 7.62395
1.50595 0.0278821 7.53214
1.60864 0.289552 9.32196
1.57422 0.190262 4.37022
1.5748 0.250652 5.50157
1.47066 0.252882 8.19783
1.61427 0.0687621 6.05026
1.69591 0.170932 10.8239
1.46419 0.0238921 4.54847
1.71695 0.300332 6.02306
1.6335 0.0526421 9.84142
1.43956 0.211032 7.07662
1.70696 0.166672 7.59257
1.67415 0.182512 9.49395
1.54477 0.292732 8.51622
1.56017 0.152602 7.21765
1.59209 0.0895821 4.86179
1.45184 0.128922 9.28751
1.72013 0.114002 8.88375
1.50312 0.209212 5.47545
1.65731 0.255992 6.26307
1.43694 0.117052 9.48576
1.66807 0.267612 10.8593
