1.72279 0.269478 8.13136
1.5959 0.239688 8.69853
1.45777 0.0398079 9.83595
1.66744 0.298278 7.42089
1.66694 0.244208 7.92899
1.6385 0.170818 9.39184
1.58972 0.109498 6.00485
1.58366 0.0256579 8.80242
1.6621 0.174688 9.35374
1.53953 0.0324679 7.40473
1.56946 0.00184786 6.64655
1.55851 0.233928 10.1846
1.54911 0.127628 10.6279
1.67093 0.220098 11.9338
1.57453 0.0890379 5.92509
1.54589 0.216998 11.9504
1.62275 0.0859279 9.6978
1.48206 0.0959479 6.98397
1.5914 0.175658 12.7744
1.60814 0.0838379 9.42632
1.64311 0.0713479 7.91843
1.5637 0.109258 9.52918
1.71962 0.292648 9.14889
1.63971 0.242058 8.95233
1.57008 0.144668 4.57745
1.65118 0.0120879 10.4128
1.54615 0.0937679 7.50102
1.41434 0.306908 9.99024
1.61102 0.147518 9.03485
1.5055 0.197768 9.22838
1.54351 0.160248 6.2887
1.54082 0.119478 10.3397
1.72081 0.259818 7.56544
1.58178 0.172388 9.15752
1.52931 0.260588 8.99324
1.69407 0.248438 9.73365
1.6687 0.298578 8.25033
1.50756 0.0683979 11.6866
1.68159 0.230998 5.02904
1.69851 0.141048 7.92413
1.70374 0.308878 9.7349
1.64726 0.125098 8.68781
1.60954 0.186288 8.16371
1.51276 0.216968 8.43044
1.517 0.113378 9.07249
1.47849 0.0116779 8.42762
1.50513 0.157668 9.93495
1.52908 0.229908 8.03211
1.42058 0.0474879 6.43828
1.60398 0.252988 6.16866
1.42789 0.00403786 5.13396
