1.64365 0.133132 7.18776
1.48985 0.137962 6.57907
1.52344 0.214152 5.39164
1.43573 0.0363516 5.41518
1.65218 0.132212 9.33824
1.60936 0.0404216 9.65105
1.69398 0.209162 8.04004
1.46964 0.143702 10.8164
1.59249 0.0626916 7.87974
1.46012 0.194522 10.0605
1.48132 0.0902416 9.38908
1.58353 0.167242 8.8288
1.59931 0.0563416 7.88671
1.58481 0.304082 9.07765
1.59249 0.210492 9.83798
1.4541 0.215852 11.9089
1.60666 0.163602 4.65153
1.56008 0.181082 10.6401
1.4268 0.152682 7.48278
1.59827 0.0563716 8.5693
1.60213 0.0631716 5.27358
1.63531 0.178072 11.3125
1.47317 0.126352 9.88451
1.65499 0.0210516 8.01684
1.52067 0.235672 9.50062
1.71585 0.148312 10.1045
1.67896 0.285422 5.5814
1.70958 0.164342 10.4344
1.47227 0.310772 8.86507
1.4544 0.0900416 10.8479
1.66064 0.0182416 11.0462
1.59362 0.217602 1.79944
1.66493 0.0720016 4.13992
1.67068 0.0953116 7.31184
1.49846 0.0978116 9.96904
1.681 0.306542 6.18782
1.64491 0.198192 6.68269
1.45691 0.0705216 6.67278
1.46863 0.220862 7.73531
1.4166 0.208532 10.2291
1.56995 0.0611216 10.9693
1.59941 0.257312 5.76839
1.49261 0.275732 3.32247
1.64802 0.241212 10.4545
1.56737 0.225942 9.17467
1.61347 0.106432 12.2061
1.62247 0.0148716 9.28645
1.47571 0.239632 7.30187
1.62887 0.0683716 10.4939
