1.61892 0.210463 10.0326
1.58121 0.0903633 10.769
1.67315 0.259843 8.57833
1.71736 0.256643 8.04085
1.46019 0.0867733 6.35558
1.53495 0.176683 12.4847
1.46999 0.0726733 9.08387
1.63649 0.298363 9.47512
1.63573 0.0011633 9.60549
1.58352 0.188493 7.52218
1.5161 0.301693 3.57622
1.52918 0.0493933 5.50001
1.57661 0.174393 8.41301
1.63649 0.201533 7.94907
1.52505 0.114733 7.07294
1.68281 0.147883 9.69777
1.56706 0.0979833 9.56019
1.57265 0.0790533 9.36655
1.53786 0.208863 12.3368
1.60014 0.0397433 11.5721
1.55856 0.0072833 8.0656
1.47667 0.119273 10.1404
1.55792 0.274963 8.19064
1.44467 0.282793 8.44727
1.62264 0.0528333 8.96678
1.42915 0.0734433 5.80099
1.63493 0.244743 10.9849
1.72336 0.287383 8.8865
1.62644 0.0348033 11.7209
1.47318 0.280793 8.7648
1.68592 0.159833 8.8961
1.41802 0.0741433 9.88572
1.50052 0.193913 4.73315
1.53655 0.0414733 7.21255
1.47146 0.0560933 10.4478
1.64873 0.0250233 8.18619
1.51138 0.0189533 13.8328
1.52708 0.0158633 7.52441
1.53863 0.277423 5.42487
1.69648 0.104043 5.10995
1.49613 0.0283733 8.90965
1.51061 0.0702133 9.41877
1.46291 0.160953 5.20822
1.56424 0.210593 9.33733
