1.71962 0.00956626 7.21136
1.69259 0.273706 8.00685
1.51772 0.205366 7.32341
1.69711 0.0931363 5.18956
1.43563 0.0584463 6.45865
1.5194 0.193356 7.17194
1.57189 0.0713763 10.3407
1.71404 0.0509763 9.69773
1.57539 0.188326 12.5877
1.54697 0.0276163 6.20019
1.57756 0.170616 8.73111
1.6687 0.0240863 8.76033
1.69994 0.0465163 6.28263
1.55914 0.0729663 6.80289
1.51206 0.0853863 7.0433
1.65778 0.193446 7.16549
1.41518 0.130556 11.0715
1.53434 0.0973363 6.78599
1.58339 0.148876 8.44774
1.71283 0.171236 8.13112
1.72127 0.261386 9.59547
1.49295 0.154766 11.8953
1.68685 0.149586 8.55428
1.47731 0.308116 8.34567
1.56667 0.235176 8.08046
1.55443 0.263956 5.77223
1.55689 0.162806 9.98738
1.5307 0.305586 7.09459
1.69916 0.146536 7.27102
1.70973 0.00538626 6.74294
1.57544 0.121386 10.0118
1.52407 0.270346 8.02934
1.44459 0.308886 11.414
1.56377 0.246146 8.04949
1.62599 0.238206 9.95921
1.49649 0.225196 8.86796
1.48372 0.139176 11.6245
1.59251 0.251686 3.61214
1.70004 0.179366 6.46419
1.4655 0.152806 9.51136
1.56041 0.100676 11.9383
1.44957 0.208086 9.62859
