1.64365 0.0779083 7.18776
1.48985 0.0827383 6.57907
1.52344 0.158928 5.39164
1.65218 0.0769883 9.33824
1.69398 0.153938 8.04004
1.46964 0.0884783 10.8164
1.59249 0.00746833 7.87974
1.46012 0.139298 10.0605
1.48132 0.0350183 9.38908
1.58353 0.112018 8.8288
1.59931 0.00111833 7.88671
1.58481 0.248858 9.07765
1.48246 0.281618 10.1957
1.59249 0.155268 9.83798
1.4541 0.160628 11.9089
1.60666 0.108378 4.65153
1.44641 0.305968 8.2235
1.56008 0.125858 10.6401
1.70908 0.266858 9.48351
1.4268 0.0974583 7.48278
1.59827 0.00114833 8.5693
1.60213 0.00794833 5.27358
1.63531 0.122848 11.3125
1.47317 0.0711283 9.88451
1.7228 0.264248 5.64483
1.52067 0.180448 9.50062
1.71585 0.0930883 10.1045
1.67896 0.230198 5.5814
1.70958 0.109118 10.4344
1.47227 0.255548 8.86507
1.4544 0.0348183 10.8479
1.65906 0.301598 9.66419
1.59362 0.162378 1.79944
1.66493 0.0167783 4.13992
1.67068 0.0400883 7.31184
1.49846 0.0425883 9.96904
1.681 0.251318 6.18782
1.64491 0.142968 6.68269
1.45691 0.0152983 6.67278
1.46863 0.165638 7.73531
1.4166 0.153308 10.2291
1.56995 0.00589833 10.9693
1.5314 0.266178 5.05418
1.52161 0.280738 11.0336
1.59941 0.202088 5.76839
1.49261 0.220508 3.32247
1.64802 0.185988 10.4545
1.56737 0.170718 9.17467
1.61347 0.0512083 12.2061
1.47571 0.184408 7.30187
1.62887 0.0131483 10.4939
