1.70475 0.117725 10.1853
1.57946 0.260375 7.48317
1.58734 0.00568536 8.05751
1.45129 0.252385 7.56495
1.64676 0.176025 9.83595
1.5364 0.262275 6.19134
1.45901 0.257595 6.40262
1.50484 0.238885 7.01074
1.56024 0.252495 4.73505
1.65168 0.0229654 7.43832
1.46549 0.278205 5.86146
1.56723 0.114365 6.51004
1.66664 0.106855 6.16769
1.44092 0.189555 8.72814
1.56049 0.142865 8.39158
1.45744 0.111615 8.85039
1.47616 0.00904536 6.47321
1.45671 0.210845 7.24413
1.53208 0.148945 7.71318
1.67105 0.232165 6.98397
1.46406 0.185815 10.6118
1.71966 0.0633054 9.36544
1.53904 0.0397754 5.89698
1.52621 0.182945 10.5628
1.66452 0.0658454 9.60221
1.45769 0.239825 6.53623
1.59044 0.210655 10.1498
1.71346 0.110555 7.55029
1.43164 0.0998554 3.34318
1.56612 0.119985 10.1143
1.53758 0.305505 12.5537
1.56568 0.149545 10.3412
1.41494 0.310535 2.59703
1.48505 0.0440854 13.4192
1.45878 0.0135154 5.29349
1.63909 0.0461054 9.6493
1.49637 0.0193654 9.37185
1.69655 0.204615 11.6866
1.49518 0.0817454 9.58671
1.59883 0.247825 7.16749
1.48623 0.148055 8.75734
1.49871 0.292925 8.34197
1.70599 0.249595 9.07249
1.66748 0.147895 8.42762
1.69412 0.293885 9.93495
1.56301 0.0912754 11.9621
1.60957 0.183705 6.43828
1.61688 0.140255 5.13396
