1.61625 0.307424 11.2358
1.49494 0.27838 5.49643
1.52344 0.0668895 5.39164
1.69398 0.0618995 8.04004
1.45007 0.268963 8.70002
1.46012 0.0472595 10.0605
1.58353 0.0199795 8.8288
1.42463 0.299177 11.5783
1.58481 0.156819 9.07765
1.48246 0.189579 10.1957
1.59249 0.0632295 9.83798
1.4541 0.0685895 11.9089
1.60666 0.0163395 4.65153
1.58136 0.272874 8.61454
1.44641 0.213929 8.2235
1.56008 0.0338195 10.6401
1.70908 0.174819 9.48351
1.4268 0.00541948 7.48278
1.52921 0.259052 7.47052
1.46039 0.257712 5.86824
1.63531 0.0308095 11.3125
1.41507 0.262439 9.94106
1.7228 0.172209 5.64483
1.52067 0.0884095 9.50062
1.71585 0.00104948 10.1045
1.67896 0.138159 5.5814
1.70958 0.0170795 10.4344
1.47227 0.163509 8.86507
1.59063 0.24476 8.29084
1.65906 0.209559 9.66419
1.59362 0.0703395 1.79944
1.62826 0.244729 6.58664
1.681 0.159279 6.18782
1.64491 0.0509295 6.68269
1.46863 0.0735995 7.73531
1.4166 0.0612695 10.2291
1.5314 0.174139 5.05418
1.52161 0.188699 11.0336
1.51991 0.227896 10.8973
1.59941 0.110049 5.76839
1.49261 0.128469 3.32247
1.64802 0.0939495 10.4545
1.56737 0.0786795 9.17467
1.67213 0.257633 5.63548
1.47571 0.0923695 7.30187
