1.68775 0.0825767 7.31245
1.62045 0.0457367 6.35737
1.59495 0.130977 5.94039
1.68122 0.176257 10.4156
1.56568 0.0216467 9.89792
1.42339 0.196357 10.0795
1.42858 0.154407 12.458
1.67239 0.256047 9.98965
1.62456 0.182917 11.3613
1.47725 0.0512967 8.1405
1.63215 0.140107 7.58633
1.68557 0.123417 7.48718
1.70624 0.193517 6.10942
1.42156 0.120257 9.85298
1.61179 0.283797 12.3485
1.56835 0.299607 8.08011
1.72308 0.149247 7.55338
1.57662 0.114877 9.52581
1.42935 0.263227 7.60748
1.42611 0.237247 7.75364
1.58259 0.190837 11.7225
1.67901 0.0844567 11.0487
1.6387 0.0619167 9.65317
1.56708 0.265537 8.30835
1.5605 0.0760867 9.06267
1.63908 0.0410567 7.04585
1.5452 0.0386267 8.60217
1.48818 0.0861367 11.2664
1.61242 0.0782967 12.1529
1.55951 0.0242567 10.0811
1.48963 0.0839067 11.3707
1.4179 0.163177 6.80955
1.65188 0.264587 9.2944
1.48638 0.273887 7.95035
1.67883 0.169857 9.7806
1.46148 0.0403367 6.29525
1.55156 0.210327 7.93248
1.60221 0.0200267 9.79269
1.51204 0.182847 7.5046
1.61183 0.269807 6.53551
1.5101 0.230357 9.41331
1.55232 0.0967567 6.42572
1.55637 0.114007 9.07474
1.61326 0.0336567 9.39255
1.45585 0.169227 12.6634
1.68633 0.179467 7.51821
1.56775 0.264527 7.5089
1.64508 0.209977 8.53727
1.48678 0.221647 5.94865
1.65349 0.0497767 7.93291
1.62002 0.0702167 9.50448
1.55316 0.172247 9.3563
1.53083 0.226357 10.783
1.70685 0.311567 7.26155
1.68662 0.0391867 8.8904
