1.49079 0.253236 6.08845
1.67518 0.308236 7.48317
1.68306 0.0535456 8.05751
1.54701 0.300246 7.56495
1.68611 0.0264556 6.04407
1.45363 0.0945856 9.49836
1.63212 0.310136 6.19134
1.55473 0.305456 6.40262
1.5007 0.224066 10.6224
1.58031 0.0164656 6.69315
1.60056 0.286746 7.01074
1.65596 0.300356 4.73505
1.66295 0.162226 6.51004
1.53664 0.237416 8.72814
1.46491 0.0853156 7.35576
1.65621 0.190726 8.39158
1.55316 0.159476 8.85039
1.57188 0.0569056 6.47321
1.55243 0.258706 7.24413
1.70516 0.0146456 8.68026
1.6278 0.196806 7.71318
1.4889 0.155036 6.34262
1.55978 0.233676 10.6118
1.63476 0.0876356 5.89698
1.62193 0.230806 10.5628
1.55341 0.287686 6.53623
1.68616 0.258516 10.1498
1.41671 0.283816 6.42993
1.49084 0.140076 10.2936
1.66401 0.0130756 10.0651
1.42383 0.114386 4.94607
1.52736 0.147716 3.34318
1.66184 0.167846 10.1143
1.72644 0.0365756 9.68054
1.4838 0.111706 7.59352
1.64923 0.0325356 8.46808
1.47088 0.141896 7.65242
1.6614 0.197406 10.3412
1.58077 0.0919456 13.4192
1.5545 0.0613756 5.29349
1.59209 0.0672256 9.37185
1.45291 0.0552356 6.87043
1.5909 0.129606 9.58671
1.69455 0.295686 7.16749
1.58195 0.195916 8.75734
1.65873 0.139136 11.9621
1.43355 0.184966 8.85798
1.70529 0.231566 6.43828
1.7126 0.188116 5.13396
