1.57094 0.123306 6.19461
1.49313 0.218516 9.37164
1.71404 0.283506 9.70339
1.69814 0.127146 9.54773
1.63709 0.259236 9.44493
1.68153 0.160566 9.10726
1.63965 0.0603457 7.54688
1.69001 0.0431557 8.81649
1.70721 0.285766 7.33901
1.6093 0.225236 7.76683
1.6636 0.242036 7.36461
1.50737 0.00409565 9.79795
1.54492 0.272386 11.2008
1.49735 0.246856 10.3085
1.45738 0.0511657 7.94804
1.50934 0.0779357 9.26338
1.72 0.231646 6.78061
1.72652 0.280916 9.18662
1.57886 0.253166 10.926
1.65069 0.225316 6.57205
1.65499 0.306986 8.01684
1.61611 0.0887757 8.42056
1.58078 0.0809357 10.5699
1.4408 0.0427057 10.2304
1.54834 0.0168057 5.35347
1.66064 0.304176 11.0462
1.60623 0.0450657 8.88135
1.63942 0.0999257 7.49122
1.51121 0.0447057 9.19404
1.46491 0.0801357 9.34095
1.46823 0.275136 9.37908
1.54596 0.102756 6.53437
1.62247 0.300806 9.28645
1.61131 0.247756 12.0975
1.47107 0.278566 9.39051
1.51834 0.00355565 9.51503
1.44929 0.269666 3.84092
1.5433 0.174816 8.74354
