1.53497 0.110882 6.08845
1.68437 0.298902 8.13111
1.61419 0.309702 12.0433
1.71936 0.165882 7.48317
1.59119 0.157892 7.56495
1.51472 0.312302 8.89745
1.66085 0.249672 4.83342
1.6763 0.167782 6.19134
1.59891 0.163102 6.40262
1.54488 0.0817121 10.6224
1.64474 0.144392 7.01074
1.70838 0.264422 9.37649
1.70014 0.158002 4.73505
1.70943 0.298742 9.01191
1.60539 0.183712 5.86146
1.70713 0.0198721 6.51004
1.52482 0.272672 6.12329
1.58082 0.0950621 8.72814
1.63532 0.312102 9.20542
1.70039 0.0483721 8.39158
1.59734 0.0171221 8.85039
1.59661 0.116352 7.24413
1.67941 0.301022 9.14497
1.67198 0.0544521 7.71318
1.53308 0.0126821 6.34262
1.60396 0.0913221 10.6118
1.66611 0.0884521 10.5628
1.59759 0.145332 6.53623
1.46089 0.141462 6.42993
1.54136 0.289572 7.05007
1.64796 0.292162 6.67757
1.57154 0.00536214 3.34318
1.4999 0.236032 5.35547
1.70602 0.0254921 10.1143
1.67748 0.211012 12.5537
1.44599 0.272412 8.96659
1.44492 0.106052 7.64219
1.70558 0.0550521 10.3412
1.55484 0.216042 2.59703
1.69641 0.243852 6.83018
1.62613 0.0535621 8.75734
1.63861 0.198432 8.34197
1.62056 0.252392 10.957
1.47773 0.0426121 8.85798
