1.61496 0.0525419 10.7507
1.60728 0.126232 9.70355
1.51332 0.0583519 9.21391
1.62985 0.108342 4.49879
1.53219 0.0383719 9.80259
1.65638 0.257592 4.90543
1.43837 0.0796819 6.90745
1.61207 0.0653619 7.84762
1.633 0.284082 8.84598
1.72394 0.261502 8.97658
1.68599 0.208542 9.21965
1.47082 0.262862 8.51821
1.65938 0.293332 6.90622
1.70812 0.121762 8.10052
1.6511 0.199992 8.75283
1.56378 0.209042 10.158
1.55992 0.0503919 9.39325
1.46477 0.0961719 7.46348
1.50053 0.122802 6.21301
1.56662 0.113122 9.48503
1.56237 0.0979019 9.27945
1.61618 0.132022 8.29129
1.71991 0.188232 6.61368
1.72265 0.0130519 9.5182
1.69126 0.297982 9.91262
1.71636 0.279872 8.89808
1.64394 0.203892 5.98188
1.54536 0.283552 8.55271
1.61944 0.245562 9.89814
1.71632 0.0316219 6.68258
1.47526 0.228562 10.6139
1.49077 0.181502 9.8477
1.55034 0.151452 8.25778
1.68486 0.231142 7.46354
1.56751 0.165792 12.9376
1.44196 0.223952 9.25586
1.57784 0.0505419 9.466
1.61522 0.0291019 7.33525
1.57385 0.153702 7.04974
1.71004 0.308462 7.9381
1.63856 0.257312 9.93891
