1.51778 0.266735 6.08845
1.52947 0.0102046 7.16428
1.71005 0.0670446 8.05751
1.574 0.313745 7.56495
1.7131 0.0399546 6.04407
1.48062 0.108085 9.49836
1.52769 0.237565 10.6224
1.6073 0.0299646 6.69315
1.62755 0.300245 7.01074
1.68295 0.313855 4.73505
1.68994 0.175725 6.51004
1.56363 0.250915 8.72814
1.4919 0.0988146 7.35576
1.6832 0.204225 8.39158
1.42397 0.111925 4.68986
1.58015 0.172975 8.85039
1.59887 0.0704046 6.47321
1.57942 0.272205 7.24413
1.65479 0.210305 7.71318
1.51589 0.168535 6.34262
1.58677 0.247175 10.6118
1.66175 0.101135 5.89698
1.64892 0.244305 10.5628
1.5804 0.301185 6.53623
1.41691 0.109715 8.24007
1.71315 0.272015 10.1498
1.4437 0.297315 6.42993
1.51783 0.153575 10.2936
1.691 0.0265746 10.0651
1.45082 0.127885 4.94607
1.55435 0.161215 3.34318
1.68883 0.181345 10.1143
1.51079 0.125205 7.59352
1.67622 0.0460346 8.46808
1.42773 0.261905 7.64219
1.49787 0.155395 7.65242
1.68839 0.210905 10.3412
1.60776 0.105445 13.4192
1.58149 0.0748746 5.29349
1.61908 0.0807246 9.37185
1.42626 0.0575946 7.43245
1.4799 0.0687346 6.87043
1.61789 0.143105 9.58671
1.72154 0.309185 7.16749
1.60894 0.209415 8.75734
1.68572 0.152635 11.9621
1.46054 0.198465 8.85798
