1.64584 0.0882729 10.1853
1.52055 0.230923 7.48317
1.58785 0.146573 9.83595
1.47749 0.232823 6.19134
1.44593 0.209433 7.01074
1.7198 0.216263 6.00485
1.71374 0.132423 8.80242
1.71989 0.0887929 9.6439
1.50133 0.223043 4.73505
1.50832 0.0849129 6.51004
1.60773 0.0774029 6.16769
1.66961 0.139233 7.40473
1.69954 0.108613 6.64655
1.67919 0.234393 10.6279
1.50158 0.113413 8.39158
1.70461 0.195803 5.92509
1.47317 0.119493 7.71318
1.61214 0.202713 6.98397
1.66075 0.0338529 9.36544
1.48013 0.0103229 5.89698
1.72148 0.282423 12.7744
1.69378 0.216023 9.52918
1.4673 0.153493 10.5628
1.60561 0.0363929 9.60221
1.53153 0.181203 10.1498
1.65455 0.0811029 7.55029
1.70016 0.251433 4.57745
1.68354 0.0274829 10.1096
1.67623 0.200533 7.50102
1.50721 0.0905329 10.1143
1.47867 0.276053 12.5537
1.63558 0.304533 9.22838
1.67359 0.267013 6.2887
1.6709 0.226243 10.3397
1.71186 0.279153 9.15752
1.50677 0.120093 10.3412
1.42614 0.0146329 13.4192
1.58018 0.0166529 9.6493
1.63764 0.175163 11.6866
1.4976 0.308893 6.83018
1.43627 0.0522929 9.58671
1.53992 0.218373 7.16749
1.42732 0.118603 8.75734
1.4398 0.263473 8.34197
1.64708 0.220143 9.07249
1.60857 0.118443 8.42762
1.63521 0.264433 9.93495
1.5041 0.0618229 11.9621
1.55066 0.154253 6.43828
1.55797 0.110803 5.13396
