1.50182 0.252545 6.86862
1.51501 0.219135 8.13111
1.56601 0.251385 10.9825
1.44483 0.229935 12.0433
1.55 0.0861151 7.48317
1.42183 0.0781251 7.56495
1.6173 0.00176514 9.83595
1.49149 0.169905 4.83342
1.50694 0.0880151 6.19134
1.42955 0.0833351 6.40262
1.47538 0.0646251 7.01074
1.53902 0.184655 9.37649
1.53078 0.0782351 4.73505
1.54007 0.218975 9.01191
1.43603 0.103945 5.86146
1.71804 0.195885 10.1846
1.57223 0.282305 6.3685
1.70864 0.0895851 10.6279
1.46596 0.232335 9.20542
1.42725 0.0365851 7.24413
1.51005 0.221255 9.14497
1.70542 0.178955 11.9504
1.64159 0.0579051 6.98397
1.4346 0.0115551 10.6118
1.72323 0.0712151 9.52918
1.49675 0.00868514 10.5628
1.42823 0.0655651 6.53623
1.56098 0.0363951 10.1498
1.4786 0.212395 6.67757
1.65341 0.292635 7.6935
1.70568 0.0557251 7.50102
1.57387 0.268865 9.99024
1.50812 0.131245 12.5537
1.66503 0.159725 9.22838
1.70304 0.122205 6.2887
1.70035 0.0814351 10.3397
1.48748 0.270955 6.37333
1.68884 0.222545 8.99324
1.41841 0.306265 6.44337
1.48465 0.282385 7.59023
1.66709 0.0303551 11.6866
1.52705 0.164085 6.83018
1.56937 0.0735651 7.16749
1.46925 0.118665 8.34197
1.63659 0.311655 6.92325
1.48371 0.237885 10.9833
1.67229 0.178925 8.43044
1.67653 0.0753351 9.07249
1.4512 0.172625 10.957
1.57305 0.306625 9.55998
1.66466 0.119625 9.93495
1.68861 0.191865 8.03211
1.58011 0.00944514 6.43828
