1.61625 0.102484 11.2358
1.49494 0.0734405 5.49643
1.61822 0.29039 8.55357
1.70385 0.295717 3.37254
1.54682 0.277815 6.84356
1.6456 0.24698 6.82155
1.45007 0.0640228 8.70002
1.42463 0.0942377 11.5783
1.45852 0.265099 9.14711
1.44792 0.218055 6.65722
1.50655 0.22766 11.3427
1.66063 0.23752 7.19434
1.64348 0.142497 8.03949
1.58136 0.0679344 8.61454
1.44641 0.00898965 8.2235
1.58665 0.110228 9.15397
1.53114 0.22545 11.752
1.52921 0.0541118 7.47052
1.66922 0.148793 7.31087
1.46039 0.0527718 5.86824
1.611 0.138258 9.11878
1.41819 0.272242 9.16685
1.67034 0.292163 4.99717
1.41507 0.0574991 9.94106
1.69906 0.25469 8.4487
1.44799 0.173703 9.83102
1.59516 0.202076 7.97113
1.47781 0.16357 8.75275
1.55168 0.211945 6.60827
1.5799 0.172439 9.00137
1.59063 0.0398204 8.29084
1.65906 0.00461965 9.66419
1.62826 0.0397894 6.58664
1.58023 0.228259 6.05235
1.42311 0.143244 8.00612
1.70245 0.165375 6.308
1.51991 0.0229562 10.8973
1.53501 0.260153 6.05723
1.71802 0.280665 10.2666
1.67213 0.0526928 5.63548
1.42279 0.283776 10.9814
