1.55454 0.186958 7.32341
1.47245 0.0400385 6.45865
1.55622 0.174948 7.17194
1.6087 0.0529685 10.3407
1.6122 0.169918 12.5877
1.58378 0.00920849 6.20019
1.61438 0.152208 8.73111
1.70552 0.00567849 8.76033
1.59596 0.0545585 6.80289
1.54888 0.0669785 7.0433
1.6946 0.175038 7.16549
1.452 0.112148 11.0715
1.57116 0.0789285 6.78599
1.6202 0.130468 8.44774
1.52976 0.136358 11.8953
1.72367 0.131178 8.55428
1.51413 0.289708 8.34567
1.60349 0.216768 8.08046
1.59125 0.245548 5.77223
1.59371 0.144398 9.98738
1.56752 0.287178 7.09459
1.7057 0.304818 11.9306
1.42532 0.293878 9.81325
1.61225 0.102978 10.0118
1.56088 0.251938 8.02934
1.48141 0.290478 11.414
1.60059 0.227738 8.04949
1.6628 0.219798 9.95921
1.5333 0.206788 8.86796
1.52054 0.120768 11.6245
1.62932 0.233278 3.61214
1.4206 0.245748 9.27702
1.4182 0.0819685 8.56464
1.43019 0.0645585 8.59993
1.50232 0.134398 9.51136
1.59723 0.0822685 11.9383
1.48639 0.189678 9.62859
