1.57172 0.178368 7.32341
1.48963 0.0314482 6.45865
1.5734 0.166358 7.17194
1.62588 0.0443782 10.3407
1.62938 0.161328 12.5877
1.60096 0.000618195 6.20019
1.63156 0.143618 8.73111
1.42752 0.307028 8.81692
1.61314 0.0459682 6.80289
1.56606 0.0583882 7.0433
1.71178 0.166448 7.16549
1.46918 0.103558 11.0715
1.58834 0.0703382 6.78599
1.63738 0.121878 8.44774
1.42275 0.151618 3.82463
1.54694 0.127768 11.8953
1.53131 0.281118 8.34567
1.62067 0.208178 8.08046
1.60843 0.236958 5.77223
1.61089 0.135808 9.98738
1.5847 0.278588 7.09459
1.42156 0.0177482 8.51963
1.72288 0.296228 11.9306
1.4425 0.285288 9.81325
1.62943 0.0943882 10.0118
1.57806 0.243348 8.02934
1.49859 0.281888 11.414
1.61777 0.219148 8.04949
1.67998 0.211208 9.95921
1.55048 0.198198 8.86796
1.41627 0.184458 11.6204
1.53772 0.112178 11.6245
1.6465 0.224688 3.61214
1.43778 0.237158 9.27702
1.43538 0.0733782 8.56464
1.44737 0.0559682 8.59993
1.5195 0.125808 9.51136
1.61441 0.0736782 11.9383
1.50357 0.181088 9.62859
