1.43135 0.244492 10.1494
1.51085 0.213912 5.25027
1.67715 0.00285214 8.6107
1.70857 0.0421221 7.29018
1.6373 0.257542 5.85759
1.61283 0.189762 7.17606
1.65697 0.00480214 7.2562
1.66542 0.0986121 7.14469
1.41936 0.105022 7.31622
1.72356 0.219902 9.109
1.69964 0.188902 6.96768
1.43592 0.0320521 8.50235
1.62406 0.299712 9.59314
1.58364 0.266672 9.18508
1.44504 0.0916621 4.35333
1.53225 0.273542 9.04583
1.60144 0.0445621 8.44953
1.57523 0.293662 4.94342
1.47203 0.151082 8.99765
1.53579 0.155312 7.66807
1.57016 0.193332 11.9139
1.65474 0.0139421 5.91364
1.57082 0.0978521 7.61263
1.7219 0.0238921 4.54847
1.64038 0.287392 7.86821
1.69727 0.211032 7.07662
1.52753 0.0120821 11.683
1.51255 0.274662 7.06029
1.55472 0.140892 10.8821
1.54847 0.300692 5.51205
1.57603 0.0119121 9.63411
1.44505 0.104552 7.68837
1.70955 0.128922 9.28751
1.59735 0.0955121 9.44892
1.69465 0.117052 9.48576
1.65958 0.212492 8.43702
