1.52024 0.267962 6.08845
1.53193 0.0114318 7.16428
1.71251 0.0682718 8.05751
1.71556 0.0411818 6.04407
1.48308 0.109312 9.49836
1.53015 0.238792 10.6224
1.60976 0.0311918 6.69315
1.63001 0.301472 7.01074
1.6924 0.176952 6.51004
1.56609 0.252142 8.72814
1.49436 0.100042 7.35576
1.68566 0.205452 8.39158
1.42643 0.113152 4.68986
1.58261 0.174202 8.85039
1.60133 0.0716318 6.47321
1.58188 0.273432 7.24413
1.65725 0.211532 7.71318
1.51835 0.169762 6.34262
1.58923 0.248402 10.6118
1.66421 0.102362 5.89698
1.65138 0.245532 10.5628
1.58286 0.302412 6.53623
1.41937 0.110942 8.24007
1.71561 0.273242 10.1498
1.44616 0.298542 6.42993
1.52029 0.154802 10.2936
1.69346 0.0278018 10.0651
1.45328 0.129112 4.94607
1.55681 0.162442 3.34318
1.69129 0.182572 10.1143
1.51325 0.126432 7.59352
1.67868 0.0472618 8.46808
1.43019 0.263132 7.64219
1.50033 0.156622 7.65242
1.69085 0.212132 10.3412
1.61022 0.106672 13.4192
1.58395 0.0761018 5.29349
1.62154 0.0819518 9.37185
1.42872 0.0588218 7.43245
1.48236 0.0699618 6.87043
1.62035 0.144332 9.58671
1.724 0.310412 7.16749
1.6114 0.210642 8.75734
1.68818 0.153862 11.9621
1.463 0.199692 8.85798
