1.72279 0.0031788 8.13136
1.65774 0.0890488 9.42983
1.48821 0.175239 10.1985
1.66744 0.0319788 7.42089
1.69001 0.303319 8.81649
1.66946 0.137879 7.37324
1.70221 0.187189 14.0718
1.61657 0.242139 8.13816
1.50737 0.264259 9.79795
1.44663 0.160789 6.81326
1.45738 0.311329 7.94804
1.70125 0.202729 8.9649
1.59068 0.219819 8.37107
1.58038 0.255369 8.42869
1.60484 0.100339 6.94769
1.71962 0.0263488 9.14889
1.50811 0.0913688 10.5855
1.57528 0.0725188 9.40788
1.49388 0.0643788 7.6935
1.49055 0.208749 9.9086
1.4408 0.302869 10.2304
1.41434 0.0406088 9.99024
1.48821 0.105539 8.92796
1.54834 0.276969 5.35347
1.58014 0.201939 7.07325
1.60623 0.305229 8.88135
1.63849 0.193299 7.57258
1.5905 0.184439 7.9849
1.51121 0.304869 9.19404
1.6687 0.0322788 8.25033
1.44291 0.220339 7.2218
1.56469 0.128019 12.3679
1.70374 0.0425788 9.7349
1.70849 0.256849 7.53375
1.51834 0.263719 9.51503
1.47706 0.0833988 6.92325
1.70283 0.216069 9.82356
1.44913 0.155969 6.26427
