1.59632 0.110882 6.08845
1.41677 0.299982 7.34627
1.67554 0.309702 12.0433
1.42267 0.297522 7.9443
1.65254 0.157892 7.56495
1.57607 0.312302 8.89745
1.7222 0.249672 4.83342
1.66026 0.163102 6.40262
1.60623 0.0817121 10.6224
1.70609 0.144392 7.01074
1.66674 0.183712 5.86146
1.58617 0.272672 6.12329
1.64217 0.0950621 8.72814
1.47206 0.135512 10.6318
1.69667 0.312102 9.20542
1.46162 0.128942 6.0343
1.65869 0.0171221 8.85039
1.65796 0.116352 7.24413
1.59443 0.0126821 6.34262
1.66531 0.0913221 10.6118
1.72746 0.0884521 10.5628
1.65894 0.145332 6.53623
1.52224 0.141462 6.42993
1.60271 0.289572 7.05007
1.70931 0.292162 6.67757
1.63289 0.00536214 3.34318
1.4232 0.288482 8.9252
1.45326 0.242642 8.02927
1.56125 0.236032 5.35547
1.50734 0.272412 8.96659
1.50627 0.106052 7.64219
1.61619 0.216042 2.59703
1.4536 0.0825321 6.53478
1.68748 0.0535621 8.75734
1.69996 0.198432 8.34197
1.447 0.118682 6.89079
1.68191 0.252392 10.957
1.53908 0.0426121 8.85798
