1.54378 0.0881303 10.7507
1.5361 0.16182 9.70355
1.44214 0.0939403 9.21391
1.55868 0.14393 4.49879
1.46101 0.0739603 9.80259
1.5852 0.29318 4.90543
1.67789 0.0799203 7.8833
1.49987 0.0069403 12.1024
1.54089 0.10095 7.84762
1.65277 0.29709 8.97658
1.61482 0.24413 9.21965
1.66998 0.23559 10.3889
1.63694 0.15735 8.10052
1.71749 0.0785903 6.13027
1.57993 0.23558 8.75283
1.4926 0.24463 10.158
1.41919 0.0256303 9.57321
1.48874 0.0859803 9.39325
1.42935 0.15839 6.21301
1.49544 0.14871 9.48503
1.49257 0.0045803 10.9435
1.49119 0.13349 9.27945
1.68359 0.28104 10.331
1.54501 0.16761 8.29129
1.64873 0.22382 6.61368
1.70614 0.26934 7.00005
1.65147 0.0486403 9.5182
1.57276 0.23948 5.98188
1.54826 0.28115 9.89814
1.64514 0.0672103 6.68258
1.72538 0.1301 8.01433
1.6982 0.0313703 7.22465
1.41959 0.21709 9.8477
1.70967 0.20446 3.15309
1.47916 0.18704 8.25778
1.61368 0.26673 7.46354
1.59065 0.0158403 5.51908
1.49634 0.20138 12.9376
1.70562 0.29842 8.2417
1.50666 0.0861303 9.466
1.54404 0.0646903 7.33525
1.49728 0.0219703 11.7481
1.65777 0.0481003 8.03522
1.50267 0.18929 7.04974
1.56738 0.2929 9.93891
