1.71932 0.0575625 7.46459
1.49448 0.177312 8.90281
1.43523 0.0057925 7.83831
1.69629 0.229702 5.2493
1.54424 0.201832 7.80137
1.62076 0.0773725 8.74819
1.61018 0.294182 7.15422
1.66616 0.282352 10.5645
1.66803 0.289042 11.2394
1.4944 0.156772 8.17431
1.67205 0.0930525 13.2212
1.51008 0.248022 10.2848
1.42205 0.275032 8.53616
1.54932 0.0591825 8.56252
1.48878 0.175802 6.57714
1.64547 0.247692 4.88651
1.45207 0.0234725 8.41439
1.71882 0.0010825 10.898
1.72487 0.199272 10.6129
1.43266 0.140422 5.89735
1.44023 0.166012 10.8744
1.67587 0.138462 8.85913
1.54692 0.210182 8.36558
1.51351 0.241742 8.23762
1.54577 0.301132 7.70532
1.43655 0.0198125 9.21655
1.59964 0.142132 5.27226
1.65988 0.0959425 10.1091
1.64784 0.119422 9.2042
1.62075 0.178812 9.48219
1.51625 0.0152325 10.1704
1.57883 0.192142 5.92395
1.41628 0.0984325 5.2127
1.52982 0.134482 7.89086
1.5352 0.169782 9.31683
1.49828 0.238362 6.04908
1.62536 0.124392 9.01659
1.44666 0.0628725 7.74214
1.62157 0.304472 7.78005
1.71257 0.151602 6.82729
1.68544 0.218082 7.95658
1.50121 0.0639325 9.22537
1.51472 0.210322 6.67414
1.68865 0.236232 7.72861
1.57051 0.195252 7.02854
1.6653 0.280082 7.12577
1.65131 0.0573325 10.7218
1.56632 0.101052 10.1543
1.70579 0.148662 8.85094
1.4652 0.112212 11.3588
1.48444 0.220222 7.31318
1.58795 0.121732 10.1321
1.5043 0.128282 5.26847
