1.65797 0.0831221 8.00668
1.64069 0.164212 8.53792
1.65928 0.209422 12.258
1.71408 0.0987021 11.3447
1.51025 0.00285214 8.6107
1.54167 0.0421221 7.29018
1.47041 0.257542 5.85759
1.58229 0.277702 5.91544
1.65695 0.0452621 4.44041
1.62935 0.0732221 6.35577
1.62316 0.250662 9.69625
1.44594 0.189762 7.17606
1.64778 0.0638321 9.79893
1.49007 0.00480214 7.2562
1.69177 0.0320121 9.72888
1.70528 0.148892 8.46218
1.49852 0.0986121 7.14469
1.55666 0.219902 9.109
1.53274 0.188902 6.96768
1.61297 0.0488021 7.77202
1.45716 0.299712 9.59314
1.62843 0.0607121 8.49857
1.41674 0.266672 9.18508
1.43454 0.0445621 8.44953
1.69601 0.101372 6.30768
1.68946 0.271372 11.0207
1.69417 0.191592 9.36411
1.57203 0.00304214 7.62395
1.48785 0.0139421 5.91364
1.59676 0.0278821 7.53214
1.69945 0.289552 9.32196
1.66504 0.190262 4.37022
1.66561 0.250652 5.50157
1.56147 0.252882 8.19783
1.70508 0.0687621 6.05026
1.555 0.0238921 4.54847
1.47348 0.287392 7.86821
1.72432 0.0526421 9.84142
1.53037 0.211032 7.07662
1.63558 0.292732 8.51622
1.65098 0.152602 7.21765
1.6829 0.0895821 4.86179
1.54265 0.128922 9.28751
1.59393 0.209212 5.47545
1.43045 0.0955121 9.44892
1.52775 0.117052 9.48576
1.49269 0.212492 8.43702
