1.68511 0.107908 10.1853
1.55982 0.250558 7.48317
1.43165 0.242568 7.56495
1.62712 0.166208 9.83595
1.51676 0.252458 6.19134
1.43937 0.247778 6.40262
1.4852 0.229068 7.01074
1.5406 0.242678 4.73505
1.63204 0.0131479 7.43832
1.44585 0.268388 5.86146
1.54759 0.104548 6.51004
1.647 0.0970379 6.16769
1.70888 0.158868 7.40473
1.42128 0.179738 8.72814
1.71846 0.254028 10.6279
1.54085 0.133048 8.39158
1.4378 0.101798 8.85039
1.43707 0.201028 7.24413
1.51244 0.139128 7.71318
1.65141 0.222348 6.98397
1.44442 0.175998 10.6118
1.70002 0.0534879 9.36544
1.5194 0.0299579 5.89698
1.50657 0.173128 10.5628
1.64488 0.0560279 9.60221
1.43805 0.230008 6.53623
1.5708 0.200838 10.1498
1.69382 0.100738 7.55029
1.72281 0.0471179 10.1096
1.7155 0.220168 7.50102
1.54648 0.110168 10.1143
1.51794 0.295688 12.5537
1.71286 0.286648 6.2887
1.71017 0.245878 10.3397
1.54604 0.139728 10.3412
1.46541 0.0342679 13.4192
1.43914 0.00369788 5.29349
1.61945 0.0362879 9.6493
1.47673 0.00954788 9.37185
1.67691 0.194798 11.6866
1.47554 0.0719279 9.58671
1.57919 0.238008 7.16749
1.46659 0.138238 8.75734
1.47907 0.283108 8.34197
1.68635 0.239778 9.07249
1.64784 0.138078 8.42762
1.67448 0.284068 9.93495
1.54337 0.0814579 11.9621
1.58993 0.173888 6.43828
1.59724 0.130438 5.13396
