1.55885 0.16098 5.2493
1.62956 0.29944 10.0795
1.63475 0.25749 12.458
1.48331 0.00865016 8.74819
1.47274 0.22546 7.15422
1.52872 0.21363 10.5645
1.53058 0.22032 11.2394
1.68342 0.15438 8.1405
1.53461 0.0243302 13.2212
1.67101 0.0575502 11.1315
1.44695 0.30079 7.75577
1.61668 0.19902 8.09945
1.61104 0.11058 12.7998
1.62772 0.22334 9.85298
1.50802 0.17897 4.88651
1.59725 0.19568 9.76161
1.63994 0.0909802 8.80065
1.64005 0.00696016 8.41183
1.58742 0.13055 10.6129
1.69434 0.18922 11.2664
1.6958 0.18699 11.3707
1.62407 0.26626 6.80955
1.53842 0.0697402 8.85913
1.46219 0.0734102 5.27226
1.52243 0.0272202 10.1091
1.59065 0.0656502 7.63856
1.5104 0.0507002 9.2042
1.48331 0.11009 9.48219
1.66764 0.14342 6.29525
1.44138 0.12342 5.92395
1.71821 0.28593 7.5046
1.48792 0.0556702 9.01659
1.66202 0.27231 12.6634
1.48412 0.23575 7.78005
1.57513 0.0828802 6.82729
1.548 0.14936 7.95658
1.59983 0.17222 8.17665
1.55121 0.16751 7.72861
1.70847 0.0363102 8.63258
1.43307 0.12653 7.02854
1.64024 0.0753302 5.86578
1.52785 0.21136 7.12577
1.42888 0.0323302 10.1543
1.56834 0.0799402 8.85094
1.45051 0.0530102 10.1321
