1.70639 0.15295 10.769
1.58536 0.14936 6.35558
1.66012 0.23927 12.4847
1.59516 0.13526 9.08387
1.71756 0.0543997 8.93041
1.69898 0.0297797 7.41871
1.7087 0.25108 7.52218
1.58534 0.00121972 10.0863
1.65435 0.11198 5.50001
1.70178 0.23698 8.41301
1.65022 0.17732 7.07294
1.54898 0.0521297 7.18692
1.69224 0.16057 9.56019
1.69783 0.14164 9.36655
1.59782 0.0275297 6.57828
1.66303 0.27145 12.3368
1.72532 0.10233 11.5721
1.68374 0.0698697 8.0656
1.60184 0.18186 10.1404
1.55432 0.13603 5.80099
1.55055 0.0308697 12.0625
1.71527 0.000119717 6.36563
1.54319 0.13673 9.88572
1.53811 0.2346 10.087
1.62569 0.2565 4.73315
1.66172 0.10406 7.21255
1.59664 0.11868 10.4478
1.63656 0.0815397 13.8328
1.65226 0.0784497 7.52441
1.62131 0.0909597 8.90965
1.63578 0.1328 9.41877
1.58809 0.22354 5.20822
1.68941 0.27318 9.33733
1.72575 0.00671972 9.32488
