1.56895 0.0287743 7.34627
1.57485 0.0263143 7.9443
1.4477 0.298144 9.63044
1.52501 0.234834 12.5412
1.41424 0.152644 4.93978
1.67001 0.141744 10.1573
1.4428 0.176084 9.01314
1.63221 0.296634 7.7608
1.56578 0.0282043 10.4809
1.49623 0.0623343 8.74073
1.43354 0.0471143 9.38867
1.61399 0.0755843 9.05278
1.54108 0.191774 11.7962
1.66886 0.0726243 7.48382
1.66784 0.0910543 7.6065
1.7032 0.240114 7.17228
1.46832 0.0520943 9.46531
1.5495 0.193874 6.37953
1.55281 0.245564 7.9826
1.48955 0.190804 7.87684
1.65034 0.0682143 9.31824
1.59155 0.283404 9.71725
1.41557 0.0427343 7.72788
1.63525 0.187844 9.22614
1.60895 0.189774 6.55013
1.55168 0.235434 8.39931
1.70599 0.247164 11.6453
1.66743 0.266624 7.09406
1.65225 0.217714 5.34713
1.58589 0.225294 11.87
1.41993 0.124884 9.29426
1.57538 0.0172743 8.9252
1.52695 0.165824 8.88217
1.60106 0.0437143 7.94901
1.44457 0.0273143 9.21138
1.65572 0.214094 8.30364
1.46422 0.0553543 5.73656
1.65952 0.00120434 8.96659
1.47846 0.115444 7.24223
1.47333 0.187854 7.66866
1.44058 0.00325434 12.1938
1.60567 0.0767943 6.99795
1.54985 0.314084 5.1787
1.61081 0.221254 8.2391
1.57346 0.157104 6.55971
1.71014 0.0703443 9.26881
1.55389 0.215014 9.40187
