1.72279 0.0988992 8.13136
1.5959 0.0691092 8.69853
1.65774 0.184769 9.42983
1.48821 0.270959 10.1985
1.66744 0.127699 7.42089
1.66694 0.0736292 7.92899
1.6385 0.000239197 9.39184
1.66946 0.233599 7.37324
1.6621 0.0041092 9.35374
1.70221 0.282909 14.0718
1.55851 0.0633492 10.1846
1.67093 0.0495192 11.9338
1.54589 0.0464192 11.9504
1.44663 0.256509 6.81326
1.70125 0.298449 8.9649
1.5914 0.0050792 12.7744
1.60484 0.196059 6.94769
1.71962 0.122069 9.14889
1.50811 0.187089 10.5855
1.63971 0.0714792 8.95233
1.57528 0.168239 9.40788
1.49388 0.160099 7.6935
1.49055 0.304469 9.9086
1.41434 0.136329 9.99024
1.48821 0.201259 8.92796
1.58014 0.297659 7.07325
1.5055 0.0271892 9.22838
1.63849 0.289019 7.57258
1.72081 0.0892392 7.56544
1.58178 0.0018092 9.15752
1.52931 0.0900092 8.99324
1.5905 0.280159 7.9849
1.69407 0.0778592 9.73365
1.6687 0.127999 8.25033
1.68159 0.0604192 5.02904
1.56469 0.223739 12.3679
1.70374 0.138299 9.7349
1.60954 0.0157092 8.16371
1.47706 0.179119 6.92325
1.51276 0.0463892 8.43044
1.52908 0.0593292 8.03211
1.70283 0.311789 9.82356
1.44913 0.251689 6.26427
1.60398 0.0824092 6.16866
