1.57094 0.275477 6.19461
1.69814 0.279317 9.54773
1.68153 0.312737 9.10726
1.48821 0.0672465 10.1985
1.63965 0.212517 7.54688
1.69001 0.195327 8.81649
1.66946 0.0298865 7.37324
1.70221 0.0791965 14.0718
1.61657 0.134147 8.13816
1.50737 0.156267 9.79795
1.44663 0.0527965 6.81326
1.45738 0.203337 7.94804
1.70125 0.0947365 8.9649
1.50934 0.230107 9.26338
1.59068 0.111827 8.37107
1.58038 0.147377 8.42869
1.61611 0.240947 8.42056
1.49055 0.100757 9.9086
1.58078 0.233107 10.5699
1.4408 0.194877 10.2304
1.54834 0.168977 5.35347
1.58014 0.0939465 7.07325
1.60623 0.197237 8.88135
1.63942 0.252097 7.49122
1.63849 0.0853065 7.57258
1.5905 0.0764465 7.9849
1.51121 0.196877 9.19404
1.46491 0.232307 9.34095
1.44291 0.112347 7.2218
1.54596 0.254927 6.53437
1.56469 0.0200265 12.3679
1.70849 0.148857 7.53375
1.51834 0.155727 9.51503
1.70283 0.108077 9.82356
1.44913 0.0479765 6.26427
