1.53049 0.0232321 10.1853
1.61063 0.281412 8.69853
1.4725 0.0815321 9.83595
1.68167 0.285932 7.92899
1.65323 0.212542 9.39184
1.60445 0.151222 6.00485
1.59839 0.0673821 8.80242
1.60454 0.0237521 9.6439
1.67683 0.216412 9.35374
1.49238 0.0123621 6.16769
1.55426 0.0741921 7.40473
1.58419 0.0435721 6.64655
1.57324 0.275652 10.1846
1.56384 0.169352 10.6279
1.68566 0.261822 11.9338
1.58926 0.130762 5.92509
1.56062 0.258722 11.9504
1.63748 0.127652 9.6978
1.49679 0.137672 6.98397
1.60613 0.217382 12.7744
1.62287 0.125562 9.42632
1.65784 0.113072 7.91843
1.57843 0.150982 9.52918
1.41618 0.116162 10.1498
1.5392 0.0160621 7.55029
1.65444 0.283782 8.95233
1.58481 0.186392 4.57745
1.66591 0.0538121 10.4128
1.56088 0.135492 7.50102
1.62575 0.189242 9.03485
1.52023 0.239492 9.22838
1.55824 0.201972 6.2887
1.55555 0.161202 10.3397
1.59651 0.214112 9.15752
1.54404 0.302312 8.99324
1.7088 0.290162 9.73365
1.52229 0.110122 11.6866
1.69632 0.272722 5.02904
1.71324 0.182772 7.92413
1.42457 0.153332 7.16749
1.66199 0.166822 8.68781
1.62427 0.228012 8.16371
1.52749 0.258692 8.43044
1.53173 0.155102 9.07249
1.49322 0.0534021 8.42762
1.51986 0.199392 9.93495
1.54381 0.271632 8.03211
1.43531 0.0892121 6.43828
1.61871 0.294712 6.16866
1.44262 0.0457621 5.13396
