1.48556 0.298902 8.13111
1.41538 0.309702 12.0433
1.64584 0.0232321 10.1853
1.52055 0.165882 7.48317
1.72598 0.281412 8.69853
1.58785 0.0815321 9.83595
1.46204 0.249672 4.83342
1.47749 0.167782 6.19134
1.44593 0.144392 7.01074
1.7198 0.151222 6.00485
1.50957 0.264422 9.37649
1.71374 0.0673821 8.80242
1.71989 0.0237521 9.6439
1.50133 0.158002 4.73505
1.51062 0.298742 9.01191
1.50832 0.0198721 6.51004
1.60773 0.0123621 6.16769
1.66961 0.0741921 7.40473
1.69954 0.0435721 6.64655
1.68859 0.275652 10.1846
1.67919 0.169352 10.6279
1.43651 0.312102 9.20542
1.50158 0.0483721 8.39158
1.70461 0.130762 5.92509
1.4806 0.301022 9.14497
1.47317 0.0544521 7.71318
1.67597 0.258722 11.9504
1.61214 0.137672 6.98397
1.72148 0.217382 12.7744
1.69378 0.150982 9.52918
1.4673 0.0884521 10.5628
1.53153 0.116162 10.1498
1.65455 0.0160621 7.55029
1.70016 0.186392 4.57745
1.44915 0.292162 6.67757
1.67623 0.135492 7.50102
1.50721 0.0254921 10.1143
1.47867 0.211012 12.5537
1.63558 0.239492 9.22838
1.67359 0.201972 6.2887
1.6709 0.161202 10.3397
1.71186 0.214112 9.15752
1.65939 0.302312 8.99324
1.50677 0.0550521 10.3412
1.63764 0.110122 11.6866
1.4976 0.243852 6.83018
1.53992 0.153332 7.16749
1.42732 0.0535621 8.75734
1.4398 0.198432 8.34197
1.64284 0.258692 8.43044
1.64708 0.155102 9.07249
1.42175 0.252392 10.957
1.60857 0.0534021 8.42762
1.63521 0.199392 9.93495
1.65916 0.271632 8.03211
1.55066 0.0892121 6.43828
1.55797 0.0457621 5.13396
