1.50744 0.244492 10.1494
1.58693 0.213912 5.25027
1.44871 0.196632 8.86592
1.47058 0.0960021 7.47419
1.71339 0.257542 5.85759
1.46178 0.141402 11.8625
1.42626 0.0262221 7.68539
1.43231 0.276762 10.1832
1.68892 0.189762 7.17606
1.41469 0.0185921 8.58276
1.4537 0.243702 7.96303
1.49544 0.105022 7.31622
1.51201 0.0320521 8.50235
1.48238 0.0295721 8.22871
1.70015 0.299712 9.59314
1.65972 0.266672 9.18508
1.52112 0.0916621 4.35333
1.48015 0.288292 7.68192
1.60833 0.273542 9.04583
1.67753 0.0445621 8.44953
1.4817 0.214462 9.98557
1.45053 0.142782 9.91415
1.65131 0.293662 4.94342
1.54811 0.151082 8.99765
1.61187 0.155312 7.66807
1.64625 0.193332 11.9139
1.46908 0.287532 10.1051
1.4663 0.217462 11.5685
1.45762 0.0584821 8.58008
1.64691 0.0978521 7.61263
1.71646 0.287392 7.86821
1.60361 0.0120821 11.683
1.58863 0.274662 7.06029
1.6308 0.140892 10.8821
1.62455 0.300692 5.51205
1.4845 0.290312 9.31114
1.65211 0.0119121 9.63411
1.52113 0.104552 7.68837
1.44259 0.259892 5.90922
1.67344 0.0955121 9.44892
