1.55503 0.0232321 10.1853
1.42974 0.165882 7.48317
1.63517 0.281412 8.69853
1.49704 0.0815321 9.83595
1.70621 0.285932 7.92899
1.67777 0.212542 9.39184
1.62899 0.151222 6.00485
1.41876 0.264422 9.37649
1.62293 0.0673821 8.80242
1.62908 0.0237521 9.6439
1.41981 0.298742 9.01191
1.41751 0.0198721 6.51004
1.70137 0.216412 9.35374
1.51692 0.0123621 6.16769
1.5788 0.0741921 7.40473
1.60873 0.0435721 6.64655
1.59778 0.275652 10.1846
1.58838 0.169352 10.6279
1.7102 0.261822 11.9338
1.6138 0.130762 5.92509
1.58516 0.258722 11.9504
1.66202 0.127652 9.6978
1.52133 0.137672 6.98397
1.63067 0.217382 12.7744
1.64741 0.125562 9.42632
1.68238 0.113072 7.91843
1.60297 0.150982 9.52918
1.44072 0.116162 10.1498
1.56374 0.0160621 7.55029
1.67898 0.283782 8.95233
1.60935 0.186392 4.57745
1.69045 0.0538121 10.4128
1.58542 0.135492 7.50102
1.4164 0.0254921 10.1143
1.65029 0.189242 9.03485
1.54477 0.239492 9.22838
1.58278 0.201972 6.2887
1.58009 0.161202 10.3397
1.62105 0.214112 9.15752
1.56858 0.302312 8.99324
1.41596 0.0550521 10.3412
1.54683 0.110122 11.6866
1.72086 0.272722 5.02904
1.44911 0.153332 7.16749
1.68653 0.166822 8.68781
1.64881 0.228012 8.16371
1.55203 0.258692 8.43044
1.55627 0.155102 9.07249
1.51776 0.0534021 8.42762
1.5444 0.199392 9.93495
1.56835 0.271632 8.03211
1.45985 0.0892121 6.43828
1.64325 0.294712 6.16866
1.46716 0.0457621 5.13396
