1.57546 0.21573 6.86862
1.58865 0.18232 8.13111
1.63965 0.21457 10.9825
1.51847 0.19312 12.0433
1.62364 0.0492996 7.48317
1.52757 0.29496 10.6259
1.49547 0.0413096 7.56495
1.419 0.19572 8.89745
1.56513 0.13309 4.83342
1.58058 0.0511996 6.19134
1.50319 0.0465196 6.40262
1.54902 0.0278096 7.01074
1.61266 0.14784 9.37649
1.60442 0.0414196 4.73505
1.61371 0.18216 9.01191
1.50967 0.0671296 5.86146
1.4291 0.15609 6.12329
1.4646 0.24531 10.248
1.64587 0.24549 6.3685
1.5396 0.19552 9.20542
1.62993 0.30903 5.66403
1.58369 0.18444 9.14497
1.47524 0.21493 7.25093
1.71523 0.0210896 6.98397
1.50187 0.0287496 6.53623
1.44564 0.17299 7.05007
1.55224 0.17558 6.67757
1.72705 0.25582 7.6935
1.64751 0.23205 9.99024
1.58176 0.0944296 12.5537
1.47624 0.23957 10.6196
1.72138 0.29698 8.92796
1.56112 0.23414 6.37333
1.45912 0.0994596 2.59703
1.49205 0.26945 6.44337
1.55829 0.24557 7.59023
1.60069 0.12727 6.83018
1.64301 0.0367496 7.16749
1.54289 0.0818496 8.34197
1.71023 0.27484 6.92325
1.55735 0.20107 10.9833
1.52484 0.13581 10.957
1.64669 0.26981 9.55998
