1.54109 0.23291 6.86862
1.55428 0.1995 8.13111
1.60528 0.23175 10.9825
1.4841 0.2103 12.0433
1.58927 0.0664802 7.48317
1.4932 0.31214 10.6259
1.4611 0.0584902 7.56495
1.53076 0.15027 4.83342
1.54621 0.0683802 6.19134
1.46882 0.0637002 6.40262
1.51465 0.0449902 7.01074
1.57829 0.16502 9.37649
1.57005 0.0586002 4.73505
1.57934 0.19934 9.01191
1.4753 0.0843102 5.86146
1.43023 0.26249 10.248
1.6115 0.26267 6.3685
1.50523 0.2127 9.20542
1.46652 0.0169502 7.24413
1.54932 0.20162 9.14497
1.44087 0.23211 7.25093
1.68086 0.0382702 6.98397
1.4675 0.0459302 6.53623
1.60025 0.0167602 10.1498
1.70691 0.29999 10.5855
1.51787 0.19276 6.67757
1.69268 0.273 7.6935
1.61314 0.24923 9.99024
1.54739 0.11161 12.5537
1.44187 0.25675 10.6196
1.7043 0.14009 9.22838
1.52675 0.25132 6.37333
1.42475 0.11664 2.59703
1.45768 0.28663 6.44337
1.52392 0.26275 7.59023
1.70636 0.0107202 11.6866
1.56632 0.14445 6.83018
1.60864 0.0539302 7.16749
1.50852 0.0990302 8.34197
1.67586 0.29202 6.92325
1.52298 0.21825 10.9833
1.71156 0.15929 8.43044
1.7158 0.0557002 9.07249
1.49047 0.15299 10.957
1.61232 0.28699 9.55998
1.70393 0.0999902 9.93495
