1.65061 0.0831221 8.00668
1.63333 0.164212 8.53792
1.65192 0.209422 12.258
1.70672 0.0987021 11.3447
1.50289 0.00285214 8.6107
1.53431 0.0421221 7.29018
1.46304 0.257542 5.85759
1.72266 0.163482 8.50576
1.57493 0.277702 5.91544
1.64959 0.0452621 4.44041
1.62198 0.0732221 6.35577
1.72205 0.116542 6.5804
1.6158 0.250662 9.69625
1.43857 0.189762 7.17606
1.64042 0.0638321 9.79893
1.48271 0.00480214 7.2562
1.6844 0.0320121 9.72888
1.69792 0.148892 8.46218
1.49116 0.0986121 7.14469
1.5493 0.219902 9.109
1.52538 0.188902 6.96768
1.60561 0.0488021 7.77202
1.4498 0.299712 9.59314
1.62107 0.0607121 8.49857
1.42718 0.0445621 8.44953
1.68865 0.101372 6.30768
1.6821 0.271372 11.0207
1.6868 0.191592 9.36411
1.56466 0.00304214 7.62395
1.48048 0.0139421 5.91364
1.5894 0.0278821 7.53214
1.69208 0.289552 9.32196
1.65767 0.190262 4.37022
1.65824 0.250652 5.50157
1.55411 0.252882 8.19783
1.69772 0.0687621 6.05026
1.54764 0.0238921 4.54847
1.46612 0.287392 7.86821
1.71695 0.0526421 9.84142
1.52301 0.211032 7.07662
1.62822 0.292732 8.51622
1.64362 0.152602 7.21765
1.67554 0.0895821 4.86179
1.53529 0.128922 9.28751
1.58657 0.209212 5.47545
1.42309 0.0955121 9.44892
1.52039 0.117052 9.48576
1.48532 0.212492 8.43702
