1.44783 0.279543 6.86862
1.46102 0.246133 8.13111
1.51202 0.278383 10.9825
1.49601 0.113113 7.48317
1.70144 0.228643 8.69853
1.56331 0.0287632 9.83595
1.4375 0.196903 4.83342
1.45295 0.115013 6.19134
1.42139 0.0916232 7.01074
1.69526 0.0984532 6.00485
1.48503 0.211653 9.37649
1.6892 0.0146132 8.80242
1.47679 0.105233 4.73505
1.48608 0.245973 9.01191
1.64507 0.0214232 7.40473
1.66405 0.222883 10.1846
1.51824 0.309303 6.3685
1.65465 0.116583 10.6279
1.68007 0.0779932 5.92509
1.45606 0.248253 9.14497
1.44863 0.0016832 7.71318
1.65143 0.205953 11.9504
1.5876 0.0849032 6.98397
1.69694 0.164613 12.7744
1.71368 0.0727932 9.42632
1.66924 0.0982132 9.52918
1.44276 0.0356832 10.5628
1.50699 0.0633932 10.1498
1.67562 0.133623 4.57745
1.42461 0.239393 6.67757
1.65169 0.0827232 7.50102
1.51988 0.295863 9.99024
1.45413 0.158243 12.5537
1.71656 0.136473 9.03485
1.61104 0.186723 9.22838
1.64905 0.149203 6.2887
1.64636 0.108433 10.3397
1.43349 0.297953 6.37333
1.68732 0.161343 9.15752
1.63485 0.249543 8.99324
1.48223 0.0022832 10.3412
1.43066 0.309383 7.59023
1.6131 0.0573532 11.6866
1.47306 0.191083 6.83018
1.51538 0.100563 7.16749
1.71508 0.175243 8.16371
1.41526 0.145663 8.34197
1.42972 0.264883 10.9833
1.6183 0.205923 8.43044
1.62254 0.102333 9.07249
1.58403 0.000633199 8.42762
1.61067 0.146623 9.93495
1.63462 0.218863 8.03211
1.52612 0.0364432 6.43828
1.70952 0.241943 6.16866
