1.66302 0.0968632 10.1853
1.53773 0.239513 7.48317
1.60503 0.155163 9.83595
1.49467 0.241413 6.19134
1.41728 0.236733 6.40262
1.46311 0.218023 7.01074
1.51851 0.231633 4.73505
1.60995 0.00210322 7.43832
1.42376 0.257343 5.86146
1.5255 0.0935032 6.51004
1.62491 0.0859932 6.16769
1.68679 0.147823 7.40473
1.71672 0.117203 6.64655
1.69637 0.242983 10.6279
1.51876 0.122003 8.39158
1.72179 0.204393 5.92509
1.41571 0.0907532 8.85039
1.41498 0.189983 7.24413
1.49035 0.128083 7.71318
1.62932 0.211303 6.98397
1.42233 0.164953 10.6118
1.67793 0.0424432 9.36544
1.49731 0.0189132 5.89698
1.71096 0.224613 9.52918
1.48448 0.162083 10.5628
1.62279 0.0449832 9.60221
1.41596 0.218963 6.53623
1.54871 0.189793 10.1498
1.67173 0.0896932 7.55029
1.71734 0.260023 4.57745
1.70072 0.0360732 10.1096
1.69341 0.209123 7.50102
1.52439 0.0991232 10.1143
1.49585 0.284643 12.5537
1.65276 0.313123 9.22838
1.69077 0.275603 6.2887
1.68808 0.234833 10.3397
1.52395 0.128683 10.3412
1.44332 0.0232232 13.4192
1.59736 0.0252432 9.6493
1.65482 0.183753 11.6866
1.45345 0.0608832 9.58671
1.5571 0.226963 7.16749
1.4445 0.127193 8.75734
1.45698 0.272063 8.34197
1.66426 0.228733 9.07249
1.62575 0.127033 8.42762
1.65239 0.273023 9.93495
1.52128 0.0704132 11.9621
1.56784 0.162843 6.43828
1.57515 0.119393 5.13396
