1.50111 0.151558 10.0326
1.7003 0.138328 7.83831
1.51368 0.273188 10.873
1.4634 0.0314584 10.769
1.55534 0.200938 8.57833
1.59955 0.197738 8.04085
1.49089 0.260038 12.4246
1.41714 0.117778 12.4847
1.71715 0.156008 8.41439
1.51868 0.239458 9.47512
1.65233 0.284628 6.38876
1.56883 0.301908 11.5704
1.46571 0.129588 7.52218
1.48756 0.294378 12.4949
1.4588 0.115488 8.41301
1.51868 0.142628 7.94907
1.71206 0.0175884 6.3415
1.565 0.0889784 9.69777
1.69774 0.272958 5.89735
1.70531 0.298548 10.8744
1.44925 0.0390784 9.56019
1.66115 0.0164984 6.74909
1.45484 0.0201484 9.36655
1.42005 0.149958 12.3368
1.70162 0.152348 9.21655
1.44072 0.276378 6.2232
1.44011 0.216058 8.19064
1.68135 0.230968 5.2127
1.51712 0.185838 10.9849
1.62219 0.125558 9.11596
1.44078 0.270698 10.2854
1.60555 0.228478 8.8865
1.46121 0.299988 5.82223
1.56811 0.100928 8.8961
1.71173 0.195408 7.74214
1.52158 0.307098 12.2699
1.47713 0.266998 8.98904
1.41924 0.291418 7.99221
1.42082 0.218518 5.42487
1.57867 0.0451384 5.10995
1.63434 0.261768 5.61222
1.50219 0.290128 11.5061
1.44643 0.151688 9.33733
1.61537 0.141428 9.34989
1.53085 0.293138 8.26861
