1.57094 0.103671 6.19461
1.49313 0.198881 9.37164
1.71404 0.263871 9.70339
1.69814 0.107511 9.54773
1.63709 0.239601 9.44493
1.68153 0.140931 9.10726
1.43573 0.302651 5.41518
1.63965 0.0407107 7.54688
1.69001 0.0235207 8.81649
1.70721 0.266131 7.33901
1.6093 0.205601 7.76683
1.60936 0.306721 9.65105
1.6636 0.222401 7.36461
1.54492 0.252751 11.2008
1.49735 0.227221 10.3085
1.45738 0.0315307 7.94804
1.50934 0.0583007 9.26338
1.72 0.212011 6.78061
1.72652 0.261281 9.18662
1.57886 0.233531 10.926
1.65069 0.205681 6.57205
1.65499 0.287351 8.01684
1.61611 0.0691407 8.42056
1.58078 0.0613007 10.5699
1.4408 0.0230707 10.2304
1.66064 0.284541 11.0462
1.60623 0.0254307 8.88135
1.63942 0.0802907 7.49122
1.51121 0.0250707 9.19404
1.46491 0.0605007 9.34095
1.46823 0.255501 9.37908
1.54596 0.0831207 6.53437
1.62247 0.281171 9.28645
1.61131 0.228121 12.0975
1.47107 0.258931 9.39051
1.44929 0.250031 3.84092
1.5433 0.155181 8.74354
