1.59799 0.267965 6.53953
1.43205 0.251375 10.1919
1.66498 0.131735 7.32341
1.43634 0.0245052 8.60834
1.66667 0.119725 7.17194
1.42726 0.307765 8.02336
1.49464 0.0346652 10.3827
1.72265 0.114695 12.5877
1.50365 0.304585 6.60112
1.4363 0.267455 10.0676
1.72482 0.0969852 8.73111
1.52079 0.260395 8.81692
1.42176 0.229165 7.31655
1.65933 0.0117552 7.0433
1.52641 0.310845 10.097
1.56244 0.0569252 11.0715
1.42259 0.225335 7.71969
1.6816 0.0237052 6.78599
1.57196 0.303795 8.87112
1.42534 0.206655 9.53535
1.44836 0.00851518 12.3629
1.51601 0.104985 3.82463
1.42706 0.0805052 6.39183
1.64021 0.0811352 11.8953
1.42672 0.0480852 8.20971
1.53705 0.291905 9.47317
1.62457 0.234485 8.34567
1.71393 0.161545 8.08046
1.70169 0.190325 5.77223
1.70415 0.0891752 9.98738
1.67796 0.231955 7.09459
1.50378 0.289245 6.9164
1.48225 0.265125 6.5519
1.45709 0.134475 12.6999
1.53577 0.238655 9.81325
1.7227 0.0477552 10.0118
1.47934 0.177085 7.67328
1.67133 0.196715 8.02934
1.59185 0.235255 11.414
1.44292 0.258205 11.0413
1.71103 0.172515 8.04949
1.64375 0.151565 8.86796
1.50954 0.137825 11.6204
1.63098 0.0655452 11.6245
1.53104 0.190525 9.27702
1.52865 0.0267452 8.56464
1.54064 0.00933518 8.59993
1.61277 0.0791752 9.51136
1.41635 0.264365 10.3814
1.70768 0.0270452 11.9383
1.59684 0.134455 9.62859
