1.53792 0.169966 10.0326
1.55049 0.291596 10.873
1.50022 0.0498662 10.769
1.59216 0.219346 8.57833
1.63636 0.216146 8.04085
1.52771 0.278446 12.4246
1.45395 0.136186 12.4847
1.5555 0.257866 9.47512
1.68914 0.303036 6.38876
1.50253 0.147996 7.52218
1.4351 0.261196 3.57622
1.44819 0.00889621 5.50001
1.7275 0.0182562 7.87222
1.52438 0.312786 12.4949
1.49561 0.133896 8.41301
1.55549 0.161036 7.94907
1.44405 0.0742362 7.07294
1.60182 0.107386 9.69777
1.43269 0.311966 12.4948
1.48607 0.0574862 9.56019
1.69797 0.0349062 6.74909
1.49166 0.0385562 9.36655
1.45687 0.168366 12.3368
1.47753 0.294786 6.2232
1.47693 0.234466 8.19064
1.54164 0.0123362 8.96678
1.71817 0.249376 5.2127
1.55394 0.204246 10.9849
1.659 0.143966 9.11596
1.47759 0.289106 10.2854
1.64237 0.246886 8.8865
1.60492 0.119336 8.8961
1.41953 0.153416 4.73315
1.45556 0.000976208 7.21255
1.51394 0.285406 8.98904
1.45606 0.309826 7.99221
1.45763 0.236926 5.42487
1.61548 0.0635462 5.10995
1.67116 0.280176 5.61222
1.42961 0.0297162 9.41877
1.539 0.308536 11.5061
1.48324 0.170096 9.33733
1.65218 0.159836 9.34989
1.56767 0.311546 8.26861
