1.72279 0.246161 8.13136
1.5959 0.216371 8.69853
1.45777 0.0164914 9.83595
1.66744 0.274961 7.42089
1.66694 0.220891 7.92899
1.6385 0.147501 9.39184
1.58972 0.0861814 6.00485
1.58366 0.00234135 8.80242
1.6621 0.151371 9.35374
1.53953 0.00915135 7.40473
1.55851 0.210611 10.1846
1.54911 0.104311 10.6279
1.67093 0.196781 11.9338
1.57453 0.0657214 5.92509
1.54589 0.193681 11.9504
1.62275 0.0626114 9.6978
1.48206 0.0726314 6.98397
1.5914 0.152341 12.7744
1.60814 0.0605214 9.42632
1.64311 0.0480314 7.91843
1.5637 0.0859414 9.52918
1.71962 0.269331 9.14889
1.63971 0.218741 8.95233
1.57008 0.121351 4.57745
1.49388 0.307361 7.6935
1.54615 0.0704514 7.50102
1.41434 0.283591 9.99024
1.61102 0.124201 9.03485
1.5055 0.174451 9.22838
1.54351 0.136931 6.2887
1.54082 0.0961614 10.3397
1.72081 0.236501 7.56544
1.58178 0.149071 9.15752
1.52931 0.237271 8.99324
1.69407 0.225121 9.73365
1.6687 0.275261 8.25033
1.50756 0.0450814 11.6866
1.68159 0.207681 5.02904
1.69851 0.117731 7.92413
1.70374 0.285561 9.7349
1.64726 0.101781 8.68781
1.60954 0.162971 8.16371
1.51276 0.193651 8.43044
1.517 0.0900614 9.07249
1.50513 0.134351 9.93495
1.52908 0.206591 8.03211
1.42058 0.0241714 6.43828
1.60398 0.229671 6.16866
