1.43801 0.284452 6.86862
1.4512 0.251042 8.13111
1.5022 0.283292 10.9825
1.48619 0.118022 7.48317
1.69162 0.233552 8.69853
1.55349 0.0336719 9.83595
1.42768 0.201812 4.83342
1.44313 0.119922 6.19134
1.68544 0.103362 6.00485
1.47521 0.216562 9.37649
1.67938 0.0195219 8.80242
1.46697 0.110142 4.73505
1.47626 0.250882 9.01191
1.63525 0.0263319 7.40473
1.65423 0.227792 10.1846
1.64483 0.121492 10.6279
1.46722 0.000511938 8.39158
1.67025 0.0829019 5.92509
1.44624 0.253162 9.14497
1.43881 0.00659194 7.71318
1.64161 0.210862 11.9504
1.71847 0.0797919 9.6978
1.57778 0.0898119 6.98397
1.68712 0.169522 12.7744
1.70386 0.0777019 9.42632
1.65942 0.103122 9.52918
1.43294 0.0405919 10.5628
1.49717 0.0683019 10.1498
1.6658 0.138532 4.57745
1.41479 0.244302 6.67757
1.64187 0.0876319 7.50102
1.51006 0.300772 9.99024
1.44431 0.163152 12.5537
1.70674 0.141382 9.03485
1.60122 0.191632 9.22838
1.63923 0.154112 6.2887
1.63654 0.113342 10.3397
1.42367 0.302862 6.37333
1.6775 0.166252 9.15752
1.62503 0.254452 8.99324
1.47241 0.00719194 10.3412
1.60328 0.0622619 11.6866
1.46324 0.195992 6.83018
1.50556 0.105472 7.16749
1.70526 0.180152 8.16371
1.4199 0.269792 10.9833
1.60848 0.210832 8.43044
1.61272 0.107242 9.07249
1.57421 0.00554194 8.42762
1.60085 0.151532 9.93495
1.6248 0.223772 8.03211
1.5163 0.0413519 6.43828
1.6997 0.246852 6.16866
