1.72279 0.0939905 8.13136
1.5959 0.0642005 8.69853
1.65774 0.17986 9.42983
1.48821 0.26605 10.1985
1.66744 0.12279 7.42089
1.66694 0.0687205 7.92899
1.66946 0.22869 7.37324
1.70221 0.278 14.0718
1.55851 0.0584405 10.1846
1.67093 0.0446105 11.9338
1.54589 0.0415105 11.9504
1.44663 0.2516 6.81326
1.70125 0.29354 8.9649
1.5914 0.000170459 12.7744
1.59068 0.31063 8.37107
1.60484 0.19115 6.94769
1.71962 0.11716 9.14889
1.50811 0.18218 10.5855
1.63971 0.0665705 8.95233
1.57528 0.16333 9.40788
1.49388 0.15519 7.6935
1.49055 0.29956 9.9086
1.41434 0.13142 9.99024
1.48821 0.19635 8.92796
1.58014 0.29275 7.07325
1.5055 0.0222805 9.22838
1.63849 0.28411 7.57258
1.72081 0.0843305 7.56544
1.52931 0.0851005 8.99324
1.5905 0.27525 7.9849
1.69407 0.0729505 9.73365
1.6687 0.12309 8.25033
1.44291 0.31115 7.2218
1.68159 0.0555105 5.02904
1.56469 0.21883 12.3679
1.70374 0.13339 9.7349
1.60954 0.0108005 8.16371
1.47706 0.17421 6.92325
1.51276 0.0414805 8.43044
1.52908 0.0544205 8.03211
1.70283 0.30688 9.82356
1.44913 0.24678 6.26427
1.60398 0.0775005 6.16866
