1.59928 0.200646 10.0326
1.56158 0.0805458 10.769
1.65352 0.250026 8.57833
1.69772 0.246826 8.04085
1.44056 0.0769558 6.35558
1.58906 0.309126 12.4246
1.51531 0.166866 12.4847
1.45035 0.0628558 9.08387
1.61686 0.288546 9.47512
1.56389 0.178676 7.52218
1.49646 0.291876 3.57622
1.50955 0.0395758 5.50001
1.55697 0.164576 8.41301
1.61685 0.191716 7.94907
1.50541 0.104916 7.07294
1.66318 0.138066 9.69777
1.54743 0.0881658 9.56019
1.55302 0.0692358 9.36655
1.51823 0.199046 12.3368
1.58051 0.0299258 11.5721
1.45704 0.109456 10.1404
1.53829 0.265146 8.19064
1.42504 0.272976 8.44727
1.603 0.0430158 8.96678
1.61529 0.234926 10.9849
1.72036 0.174646 9.11596
1.70373 0.277566 8.8865
1.6068 0.0249858 11.7209
1.45354 0.270976 8.7648
1.66628 0.150016 8.8961
1.48089 0.184096 4.73315
1.51692 0.0316558 7.21255
1.45183 0.0462758 10.4478
1.62909 0.0152058 8.18619
1.49175 0.00913582 13.8328
1.50745 0.00604582 7.52441
1.51899 0.267606 5.42487
1.67684 0.0942258 5.10995
1.4765 0.0185558 8.90965
1.49097 0.0603958 9.41877
1.44328 0.151136 5.20822
1.5446 0.200776 9.33733
1.71354 0.190516 9.34989
