1.61869 0.00724793 7.46459
1.59566 0.179388 5.2493
1.67157 0.275898 12.458
1.44361 0.151518 7.80137
1.52013 0.0270579 8.74819
1.43663 0.267788 7.12786
1.50955 0.243868 7.15422
1.56553 0.232038 10.5645
1.5674 0.238728 11.2394
1.72023 0.172788 8.1405
1.57142 0.0427379 13.2212
1.70783 0.0759579 11.1315
1.65349 0.217428 8.09945
1.44869 0.00886793 8.56252
1.64786 0.128988 12.7998
1.66454 0.241748 9.85298
1.54484 0.197378 4.88651
1.63407 0.214088 9.76161
1.67676 0.109388 8.80065
1.67687 0.0253679 8.41183
1.62424 0.148958 10.6129
1.66088 0.284668 6.80955
1.57524 0.0881479 8.85913
1.44629 0.159868 8.36558
1.44514 0.250818 7.70532
1.49901 0.0918179 5.27226
1.55925 0.0456279 10.1091
1.62747 0.0840579 7.63856
1.54722 0.0691079 9.2042
1.52012 0.128498 9.48219
1.70446 0.161828 6.29525
1.4782 0.141828 5.92395
1.4292 0.0841679 7.89086
1.43457 0.119468 9.31683
1.52473 0.0740779 9.01659
1.69884 0.290718 12.6634
1.52094 0.254158 7.78005
1.61194 0.101288 6.82729
1.43107 0.297108 8.16681
1.58481 0.167768 7.95658
1.4464 0.286948 8.41201
1.63665 0.190628 8.17665
1.41409 0.160008 6.67414
1.58803 0.185918 7.72861
1.46989 0.144938 7.02854
1.67705 0.0937379 5.86578
1.56467 0.229768 7.12577
1.55068 0.00701793 10.7218
1.46569 0.0507379 10.1543
1.60516 0.0983479 8.85094
1.48732 0.0714179 10.1321
