1.44703 0.213912 5.25027
1.61334 0.00285214 8.6107
1.64475 0.0421221 7.29018
1.57349 0.257542 5.85759
1.68537 0.277702 5.91544
1.72624 0.250662 9.69625
1.54902 0.189762 7.17606
1.59315 0.00480214 7.2562
1.6016 0.0986121 7.14469
1.65974 0.219902 9.109
1.63582 0.188902 6.96768
1.71605 0.0488021 7.77202
1.56025 0.299712 9.59314
1.51982 0.266672 9.18508
1.46843 0.273542 9.04583
1.53763 0.0445621 8.44953
1.51142 0.293662 4.94342
1.47198 0.155312 7.66807
1.50635 0.193332 11.9139
1.67511 0.00304214 7.62395
1.59093 0.0139421 5.91364
1.69984 0.0278821 7.53214
1.50701 0.0978521 7.61263
1.66456 0.252882 8.19783
1.65808 0.0238921 4.54847
1.57656 0.287392 7.86821
1.63345 0.211032 7.07662
1.46371 0.0120821 11.683
1.44873 0.274662 7.06029
1.4909 0.140892 10.8821
1.48465 0.300692 5.51205
1.51221 0.0119121 9.63411
1.64573 0.128922 9.28751
1.69702 0.209212 5.47545
1.53354 0.0955121 9.44892
1.63083 0.117052 9.48576
1.59577 0.212492 8.43702
