1.64365 0.275485 7.18776
1.49313 0.0749351 9.37164
1.71404 0.139925 9.70339
1.63709 0.115655 9.44493
1.68153 0.0169851 9.10726
1.48985 0.280315 6.57907
1.43573 0.178705 5.41518
1.65218 0.274565 9.33824
1.70721 0.142185 7.33901
1.6093 0.0816551 7.76683
1.60936 0.182775 9.65105
1.6636 0.0984551 7.36461
1.46964 0.286055 10.8164
1.59249 0.205045 7.87974
1.48132 0.232595 9.38908
1.58353 0.309595 8.8288
1.59931 0.198695 7.88671
1.60666 0.305955 4.65153
1.54492 0.128805 11.2008
1.49735 0.103275 10.3085
1.4268 0.295035 7.48278
1.59827 0.198725 8.5693
1.72 0.0880651 6.78061
1.60213 0.205525 5.27358
1.72652 0.137335 9.18662
1.57886 0.109585 10.926
1.47317 0.268705 9.88451
1.65069 0.0817351 6.57205
1.65499 0.163405 8.01684
1.71585 0.290665 10.1045
1.70958 0.306695 10.4344
1.4544 0.232395 10.8479
1.66064 0.160595 11.0462
1.66493 0.214355 4.13992
1.67068 0.237665 7.31184
1.49846 0.240165 9.96904
1.45691 0.212875 6.67278
1.46823 0.131555 9.37908
1.56995 0.203475 10.9693
1.61347 0.248785 12.2061
1.62247 0.157225 9.28645
1.61131 0.104175 12.0975
1.47107 0.134985 9.39051
1.44929 0.126085 3.84092
1.5433 0.0312351 8.74354
1.62887 0.210725 10.4939
