1.54521 0.0232321 10.1853
1.41992 0.165882 7.48317
1.62535 0.281412 8.69853
1.48722 0.0815321 9.83595
1.69639 0.285932 7.92899
1.66795 0.212542 9.39184
1.61917 0.151222 6.00485
1.61311 0.0673821 8.80242
1.61926 0.0237521 9.6439
1.69155 0.216412 9.35374
1.5071 0.0123621 6.16769
1.56898 0.0741921 7.40473
1.59891 0.0435721 6.64655
1.58796 0.275652 10.1846
1.57856 0.169352 10.6279
1.70038 0.261822 11.9338
1.60398 0.130762 5.92509
1.57534 0.258722 11.9504
1.6522 0.127652 9.6978
1.51151 0.137672 6.98397
1.62085 0.217382 12.7744
1.63759 0.125562 9.42632
1.67256 0.113072 7.91843
1.59315 0.150982 9.52918
1.4309 0.116162 10.1498
1.55392 0.0160621 7.55029
1.66916 0.283782 8.95233
1.59953 0.186392 4.57745
1.68063 0.0538121 10.4128
1.5756 0.135492 7.50102
1.64047 0.189242 9.03485
1.53495 0.239492 9.22838
1.57296 0.201972 6.2887
1.57027 0.161202 10.3397
1.61123 0.214112 9.15752
1.55876 0.302312 8.99324
1.72352 0.290162 9.73365
1.53701 0.110122 11.6866
1.71104 0.272722 5.02904
1.43929 0.153332 7.16749
1.67671 0.166822 8.68781
1.63899 0.228012 8.16371
1.54221 0.258692 8.43044
1.54645 0.155102 9.07249
1.50794 0.0534021 8.42762
1.53458 0.199392 9.93495
1.55853 0.271632 8.03211
1.45003 0.0892121 6.43828
1.63343 0.294712 6.16866
1.45734 0.0457621 5.13396
