1.72524 0.309975 8.13136
1.51821 0.022005 10.1853
1.59835 0.280185 8.69853
1.46022 0.080305 9.83595
1.66939 0.284705 7.92899
1.64095 0.211315 9.39184
1.59217 0.149995 6.00485
1.58611 0.066155 8.80242
1.59226 0.022525 9.6439
1.66455 0.215185 9.35374
1.4801 0.011135 6.16769
1.54198 0.072965 7.40473
1.57191 0.042345 6.64655
1.56096 0.274425 10.1846
1.55156 0.168125 10.6279
1.67338 0.260595 11.9338
1.57698 0.129535 5.92509
1.54834 0.257495 11.9504
1.6252 0.126425 9.6978
1.48451 0.136445 6.98397
1.59385 0.216155 12.7744
1.61059 0.124335 9.42632
1.64556 0.111845 7.91843
1.56615 0.149755 9.52918
1.52692 0.014835 7.55029
1.64216 0.282555 8.95233
1.57253 0.185165 4.57745
1.65363 0.052585 10.4128
1.5486 0.134265 7.50102
1.61347 0.188015 9.03485
1.50795 0.238265 9.22838
1.54596 0.200745 6.2887
1.54327 0.159975 10.3397
1.72326 0.300315 7.56544
1.58423 0.212885 9.15752
1.53176 0.301085 8.99324
1.69652 0.288935 9.73365
1.51001 0.108895 11.6866
1.68404 0.271495 5.02904
1.70096 0.181545 7.92413
1.64971 0.165595 8.68781
1.61199 0.226785 8.16371
1.51521 0.257465 8.43044
1.51945 0.153875 9.07249
1.48094 0.052175 8.42762
1.50758 0.198165 9.93495
1.53153 0.270405 8.03211
1.42303 0.087985 6.43828
1.60643 0.293485 6.16866
1.43034 0.044535 5.13396
