1.65774 0.0522333 9.42983
1.48821 0.138423 10.1985
1.63965 0.283693 7.54688
1.69001 0.266503 8.81649
1.66946 0.101063 7.37324
1.70221 0.150373 14.0718
1.61657 0.205323 8.13816
1.50737 0.227443 9.79795
1.44663 0.123973 6.81326
1.45738 0.274513 7.94804
1.70125 0.165913 8.9649
1.50934 0.301283 9.26338
1.59068 0.183003 8.37107
1.58038 0.218553 8.42869
1.60484 0.0635233 6.94769
1.50811 0.0545533 10.5855
1.57528 0.0357033 9.40788
1.49388 0.0275633 7.6935
1.61611 0.312123 8.42056
1.49055 0.171933 9.9086
1.58078 0.304283 10.5699
1.4408 0.266053 10.2304
1.41434 0.00379326 9.99024
1.48821 0.0687233 8.92796
1.54834 0.240153 5.35347
1.58014 0.165123 7.07325
1.60623 0.268413 8.88135
1.63849 0.156483 7.57258
1.5905 0.147623 7.9849
1.51121 0.268053 9.19404
1.46491 0.303483 9.34095
1.44291 0.183523 7.2218
1.56469 0.0912033 12.3679
1.70374 0.00576326 9.7349
1.70849 0.220033 7.53375
1.51834 0.226903 9.51503
1.47706 0.0465833 6.92325
1.70283 0.179253 9.82356
1.44913 0.119153 6.26427
