1.72107 0.0960512 6.35737
1.69558 0.181291 5.94039
1.45331 0.108211 5.2493
1.66631 0.0719612 9.89792
1.52402 0.246671 10.0795
1.52921 0.204721 12.458
1.42318 0.160861 10.5645
1.72519 0.233231 11.3613
1.42504 0.167551 11.2394
1.57788 0.101611 8.1405
1.56547 0.00478122 11.1315
1.51114 0.146251 8.09945
1.5055 0.0578112 12.7998
1.52219 0.170571 9.85298
1.6572 0.0320112 5.04181
1.49171 0.142911 9.76161
1.5344 0.0382112 8.80065
1.67725 0.165191 9.52581
1.52998 0.313541 7.60748
1.52674 0.287561 7.75364
1.68322 0.241151 11.7225
1.66112 0.126401 9.06267
1.48188 0.0777812 10.6129
1.64583 0.0889412 8.60217
1.5888 0.136451 11.2664
1.71305 0.128611 12.1529
1.66014 0.0745712 10.0811
1.59026 0.134221 11.3707
1.51853 0.213491 6.80955
1.43288 0.0169712 8.85913
1.48511 0.0128812 7.63856
1.56211 0.0906512 6.29525
1.65219 0.260641 7.93248
1.70284 0.0703412 9.79269
1.61267 0.233161 7.5046
1.61073 0.280671 9.41331
1.65295 0.147071 6.42572
1.657 0.164321 9.07474
1.71389 0.0839712 9.39255
1.55648 0.219541 12.6634
1.46959 0.0301112 6.82729
1.5874 0.271961 5.94865
1.44246 0.0965912 7.95658
1.72065 0.120531 9.50448
1.49429 0.119451 8.17665
1.44567 0.114741 7.72861
1.5347 0.0225612 5.86578
1.42231 0.158591 7.12577
1.65379 0.222561 9.3563
1.63146 0.276671 10.783
1.46281 0.0271712 8.85094
1.49129 0.266711 6.34104
