1.56318 0.221866 6.86862
1.42697 0.000435522 6.08845
1.57637 0.188456 8.13111
1.62737 0.220706 10.9825
1.50619 0.199256 12.0433
1.61136 0.0554355 7.48317
1.51529 0.301096 10.6259
1.48319 0.0474455 7.56495
1.55285 0.139226 4.83342
1.5683 0.0573355 6.19134
1.49091 0.0526555 6.40262
1.53674 0.0339455 7.01074
1.60038 0.153976 9.37649
1.59214 0.0475555 4.73505
1.60143 0.188296 9.01191
1.49739 0.0732655 5.86146
1.41682 0.162226 6.12329
1.45232 0.251446 10.248
1.63359 0.251626 6.3685
1.52732 0.201656 9.20542
1.48861 0.00590552 7.24413
1.57141 0.190576 9.14497
1.46296 0.221066 7.25093
1.70295 0.0272255 6.98397
1.48959 0.0348855 6.53623
1.62234 0.00571552 10.1498
1.43336 0.179126 7.05007
1.53996 0.181716 6.67757
1.71477 0.261956 7.6935
1.63523 0.238186 9.99024
1.56948 0.100566 12.5537
1.46396 0.245706 10.6196
1.7091 0.303116 8.92796
1.72639 0.129046 9.22838
1.54884 0.240276 6.37333
1.44684 0.105596 2.59703
1.47977 0.275586 6.44337
1.54601 0.251706 7.59023
1.58841 0.133406 6.83018
1.63073 0.0428855 7.16749
1.53061 0.0879855 8.34197
1.69795 0.280976 6.92325
1.54507 0.207206 10.9833
1.51256 0.141946 10.957
1.63441 0.275946 9.55998
1.72602 0.0889455 9.93495
