1.59532 0.0623594 10.7507
1.58764 0.136049 9.70355
1.49369 0.0681694 9.21391
1.61022 0.118159 4.49879
1.51255 0.0481894 9.80259
1.63674 0.267409 4.90543
1.41874 0.0894994 6.90745
1.59244 0.0751794 7.84762
1.61336 0.293899 8.84598
1.70431 0.271319 8.97658
1.66636 0.218359 9.21965
1.45119 0.272679 8.51821
1.72152 0.209819 10.3889
1.63975 0.303149 6.90622
1.68848 0.131579 8.10052
1.63147 0.209809 8.75283
1.54414 0.218859 10.158
1.54028 0.0602094 9.39325
1.44513 0.105989 7.46348
1.48089 0.132619 6.21301
1.54698 0.122939 9.48503
1.54274 0.107719 9.27945
1.72211 0.302319 8.71038
1.59655 0.141839 8.29129
1.70027 0.198049 6.61368
1.70301 0.0228694 9.5182
1.67163 0.307799 9.91262
1.69672 0.289689 8.89808
1.6243 0.213709 5.98188
1.52573 0.293369 8.55271
1.5998 0.255379 9.89814
1.69669 0.0414394 6.68258
1.45562 0.238379 10.6139
1.47113 0.191319 9.8477
1.5307 0.161269 8.25778
1.66523 0.240959 7.46354
1.54788 0.175609 12.9376
1.42233 0.233769 9.25586
1.5582 0.0603594 9.466
1.59558 0.0389194 7.33525
1.70931 0.0223294 8.03522
1.55421 0.163519 7.04974
1.61892 0.267129 9.93891
