1.72635 0.0130201 6.25102
1.59142 0.30355 6.08845
1.60311 0.0470201 7.16428
1.55798 0.0278401 9.4377
1.55426 0.1449 9.49836
1.60133 0.27438 10.6224
1.68094 0.0667801 6.69315
1.63727 0.28773 8.72814
1.56554 0.13563 7.35576
1.49761 0.14874 4.68986
1.65379 0.20979 8.85039
1.67251 0.10722 6.47321
1.65306 0.30902 7.24413
1.4599 0.0688801 11.8419
1.58953 0.20535 6.34262
1.66041 0.28399 10.6118
1.72256 0.28112 10.5628
1.49055 0.14653 8.24007
1.59147 0.19039 10.2936
1.52446 0.1647 4.94607
1.62799 0.19803 3.34318
1.67043 0.00979013 6.98927
1.62944 0.00721013 5.27215
1.58443 0.16202 7.59352
1.50137 0.29872 7.64219
1.41847 0.18964 10.8188
1.57151 0.19221 7.65242
1.65614 0.0106101 7.39877
1.6814 0.14226 13.4192
1.65513 0.11169 5.29349
1.69272 0.11754 9.37185
1.4487 0.2752 6.53478
1.4999 0.0944101 7.43245
1.55354 0.10555 6.87043
1.69153 0.17992 9.58671
1.46682 0.11738 11.0375
1.47056 0.0219001 7.00371
1.68258 0.24623 8.75734
1.4421 0.31135 6.89079
1.53418 0.23528 8.85798
