1.69999 0.0193837 7.21136
1.67295 0.283524 8.00685
1.49809 0.215184 7.32341
1.66677 0.00828373 8.27018
1.67748 0.102954 5.18956
1.41599 0.0682637 6.45865
1.49977 0.203174 7.17194
1.7014 0.00906373 4.93978
1.55225 0.0811937 10.3407
1.69441 0.0607937 9.69773
1.55575 0.198144 12.5877
1.52733 0.0374337 6.20019
1.55793 0.180434 8.73111
1.64907 0.0339037 8.76033
1.68031 0.0563337 6.28263
1.5395 0.0827837 6.80289
1.49243 0.0952037 7.0433
1.63815 0.203264 7.16549
1.51471 0.107154 6.78599
1.56375 0.158694 8.44774
1.6932 0.181054 8.13112
1.70164 0.271204 9.59547
1.47331 0.164584 11.8953
1.66722 0.159404 8.55428
1.54703 0.244994 8.08046
1.53479 0.273774 5.77223
1.53726 0.172624 9.98738
1.67952 0.156354 7.27102
1.69009 0.0152037 6.74294
1.5558 0.131204 10.0118
1.50443 0.280164 8.02934
1.54414 0.255964 8.04949
1.60635 0.248024 9.95921
1.47685 0.235014 8.86796
1.46409 0.148994 11.6245
1.57287 0.261504 3.61214
1.6804 0.189184 6.46419
1.44587 0.162624 9.51136
1.54078 0.110494 11.9383
1.42994 0.217904 9.62859
