1.72279 0.204437 8.13136
1.5959 0.174647 8.69853
1.65774 0.290307 9.42983
1.66744 0.233237 7.42089
1.66694 0.179167 7.92899
1.6385 0.105777 9.39184
1.58972 0.0444571 6.00485
1.6621 0.109647 9.35374
1.55851 0.168887 10.1846
1.54911 0.0625871 10.6279
1.67093 0.155057 11.9338
1.57453 0.0239971 5.92509
1.54589 0.151957 11.9504
1.62275 0.0208871 9.6978
1.48206 0.0309071 6.98397
1.5914 0.110617 12.7744
1.60814 0.0187971 9.42632
1.64311 0.00630708 7.91843
1.5637 0.0442171 9.52918
1.60484 0.301597 6.94769
1.71962 0.227607 9.14889
1.50811 0.292627 10.5855
1.63971 0.177017 8.95233
1.57008 0.0796271 4.57745
1.57528 0.273777 9.40788
1.49388 0.265637 7.6935
1.54615 0.0287271 7.50102
1.41434 0.241867 9.99024
1.48821 0.306797 8.92796
1.61102 0.0824771 9.03485
1.5055 0.132727 9.22838
1.54351 0.0952071 6.2887
1.54082 0.0544371 10.3397
1.72081 0.194777 7.56544
1.58178 0.107347 9.15752
1.52931 0.195547 8.99324
1.69407 0.183397 9.73365
1.6687 0.233537 8.25033
1.50756 0.00335708 11.6866
1.68159 0.165957 5.02904
1.69851 0.0760071 7.92413
1.70374 0.243837 9.7349
1.64726 0.0600571 8.68781
1.60954 0.121247 8.16371
1.47706 0.284657 6.92325
1.51276 0.151927 8.43044
1.517 0.0483371 9.07249
1.50513 0.0926271 9.93495
1.52908 0.164867 8.03211
1.60398 0.187947 6.16866
