1.72279 0.107489 8.13136
1.5959 0.0776995 8.69853
1.65774 0.193359 9.42983
1.48821 0.279549 10.1985
1.66744 0.136289 7.42089
1.66694 0.0822195 7.92899
1.6385 0.00882949 9.39184
1.66946 0.242189 7.37324
1.6621 0.0126995 9.35374
1.70221 0.291499 14.0718
1.55851 0.0719395 10.1846
1.67093 0.0581095 11.9338
1.54589 0.0550095 11.9504
1.44663 0.265099 6.81326
1.70125 0.307039 8.9649
1.5914 0.0136695 12.7744
1.60484 0.204649 6.94769
1.71962 0.130659 9.14889
1.50811 0.195679 10.5855
1.63971 0.0800695 8.95233
1.57528 0.176829 9.40788
1.49388 0.168689 7.6935
1.49055 0.313059 9.9086
1.41434 0.144919 9.99024
1.48821 0.209849 8.92796
1.58014 0.306249 7.07325
1.5055 0.0357795 9.22838
1.63849 0.297609 7.57258
1.72081 0.0978295 7.56544
1.58178 0.0103995 9.15752
1.52931 0.0985995 8.99324
1.5905 0.288749 7.9849
1.69407 0.0864495 9.73365
1.6687 0.136589 8.25033
1.68159 0.0690095 5.02904
1.56469 0.232329 12.3679
1.70374 0.146889 9.7349
1.60954 0.0242995 8.16371
1.47706 0.187709 6.92325
1.51276 0.0549795 8.43044
1.52908 0.0679195 8.03211
1.44913 0.260279 6.26427
1.60398 0.0909995 6.16866
