1.72279 0.154123 8.13136
1.5959 0.124333 8.69853
1.65774 0.239993 9.42983
1.66744 0.182923 7.42089
1.66694 0.128853 7.92899
1.6385 0.0554625 9.39184
1.66946 0.288823 7.37324
1.6621 0.0593325 9.35374
1.55851 0.118573 10.1846
1.54911 0.0122725 10.6279
1.67093 0.104743 11.9338
1.54589 0.101643 11.9504
1.44663 0.311733 6.81326
1.5914 0.0603025 12.7744
1.60484 0.251283 6.94769
1.71962 0.177293 9.14889
1.50811 0.242313 10.5855
1.63971 0.126703 8.95233
1.57008 0.0293125 4.57745
1.57528 0.223463 9.40788
1.49388 0.215323 7.6935
1.41434 0.191553 9.99024
1.48821 0.256483 8.92796
1.61102 0.0321625 9.03485
1.5055 0.0824125 9.22838
1.54351 0.0448925 6.2887
1.54082 0.00412251 10.3397
1.72081 0.144463 7.56544
1.58178 0.0570325 9.15752
1.52931 0.145233 8.99324
1.69407 0.133083 9.73365
1.6687 0.183223 8.25033
1.68159 0.115643 5.02904
1.56469 0.278963 12.3679
1.69851 0.0256925 7.92413
1.70374 0.193523 9.7349
1.64726 0.00974251 8.68781
1.60954 0.0709325 8.16371
1.47706 0.234343 6.92325
1.51276 0.101613 8.43044
1.50513 0.0423125 9.93495
1.52908 0.114553 8.03211
1.44913 0.306913 6.26427
1.60398 0.137633 6.16866
