1.57094 0.273022 6.19461
1.69814 0.276862 9.54773
1.68153 0.310282 9.10726
1.48821 0.0647922 10.1985
1.63965 0.210062 7.54688
1.69001 0.192872 8.81649
1.66946 0.0274322 7.37324
1.70221 0.0767422 14.0718
1.61657 0.131692 8.13816
1.50737 0.153812 9.79795
1.44663 0.0503422 6.81326
1.45738 0.200882 7.94804
1.70125 0.0922822 8.9649
1.50934 0.227652 9.26338
1.59068 0.109372 8.37107
1.58038 0.144922 8.42869
1.61611 0.238492 8.42056
1.49055 0.0983022 9.9086
1.58078 0.230652 10.5699
1.4408 0.192422 10.2304
1.54834 0.166522 5.35347
1.58014 0.0914922 7.07325
1.60623 0.194782 8.88135
1.63942 0.249642 7.49122
1.63849 0.0828522 7.57258
1.5905 0.0739922 7.9849
1.51121 0.194422 9.19404
1.46491 0.229852 9.34095
1.44291 0.109892 7.2218
1.54596 0.252472 6.53437
1.56469 0.0175722 12.3679
1.70849 0.146402 7.53375
1.51834 0.153272 9.51503
1.70283 0.105622 9.82356
1.44913 0.0455222 6.26427
