1.61625 0.260791 11.2358
1.49494 0.231747 5.49643
1.52344 0.0202565 5.39164
1.69398 0.0152665 8.04004
1.45007 0.22233 8.70002
1.46012 0.000626464 10.0605
1.42463 0.252544 11.5783
1.58481 0.110186 9.07765
1.48246 0.142946 10.1957
1.59249 0.0165965 9.83798
1.4541 0.0219565 11.9089
1.64348 0.300804 8.03949
1.58136 0.226241 8.61454
1.44641 0.167296 8.2235
1.70908 0.128186 9.48351
1.58665 0.268535 9.15397
1.52921 0.212419 7.47052
1.66922 0.3071 7.31087
1.46039 0.211079 5.86824
1.611 0.296565 9.11878
1.41507 0.215806 9.94106
1.7228 0.125576 5.64483
1.52067 0.0417765 9.50062
1.67896 0.0915265 5.5814
1.47227 0.116876 8.86507
1.59063 0.198127 8.29084
1.65906 0.162926 9.66419
1.59362 0.0237065 1.79944
1.62826 0.198096 6.58664
1.681 0.112646 6.18782
1.42311 0.301551 8.00612
1.64491 0.00429646 6.68269
1.46863 0.0269665 7.73531
1.4166 0.0146365 10.2291
1.5314 0.127506 5.05418
1.52161 0.142066 11.0336
1.51991 0.181263 10.8973
1.59941 0.0634165 5.76839
1.49261 0.0818365 3.32247
1.64802 0.0473165 10.4545
1.56737 0.0320465 9.17467
1.67213 0.211 5.63548
1.47571 0.0457365 7.30187
