1.68252 0.0831221 8.00668
1.66524 0.164212 8.53792
1.68383 0.209422 12.258
1.5348 0.00285214 8.6107
1.56621 0.0421221 7.29018
1.49495 0.257542 5.85759
1.60684 0.277702 5.91544
1.6815 0.0452621 4.44041
1.65389 0.0732221 6.35577
1.6477 0.250662 9.69625
1.47048 0.189762 7.17606
1.67233 0.0638321 9.79893
1.51461 0.00480214 7.2562
1.71631 0.0320121 9.72888
1.52306 0.0986121 7.14469
1.5812 0.219902 9.109
1.55728 0.188902 6.96768
1.63751 0.0488021 7.77202
1.48171 0.299712 9.59314
1.65297 0.0607121 8.49857
1.44128 0.266672 9.18508
1.45909 0.0445621 8.44953
1.72055 0.101372 6.30768
1.714 0.271372 11.0207
1.43288 0.293662 4.94342
1.42781 0.193332 11.9139
1.71871 0.191592 9.36411
1.59657 0.00304214 7.62395
1.51239 0.0139421 5.91364
1.6213 0.0278821 7.53214
1.42847 0.0978521 7.61263
1.72399 0.289552 9.32196
1.68958 0.190262 4.37022
1.69015 0.250652 5.50157
1.58602 0.252882 8.19783
1.57954 0.0238921 4.54847
1.49803 0.287392 7.86821
1.55491 0.211032 7.07662
1.66012 0.292732 8.51622
1.67553 0.152602 7.21765
1.43367 0.0119121 9.63411
1.70745 0.0895821 4.86179
1.56719 0.128922 9.28751
1.61848 0.209212 5.47545
1.455 0.0955121 9.44892
1.55229 0.117052 9.48576
1.51723 0.212492 8.43702
