1.64365 0.161357 7.18776
1.71404 0.0257969 9.70339
1.63709 0.00152688 9.44493
1.48985 0.166187 6.57907
1.52344 0.242377 5.39164
1.43573 0.0645769 5.41518
1.65218 0.160437 9.33824
1.70721 0.0280569 7.33901
1.60936 0.0686469 9.65105
1.69398 0.237387 8.04004
1.46964 0.171927 10.8164
1.59249 0.0909169 7.87974
1.46012 0.222747 10.0605
1.48132 0.118467 9.38908
1.58353 0.195467 8.8288
1.59931 0.0845669 7.88671
1.59249 0.238717 9.83798
1.4541 0.244077 11.9089
1.60666 0.191827 4.65153
1.54492 0.0146769 11.2008
1.56008 0.209307 10.6401
1.4268 0.180907 7.48278
1.59827 0.0845969 8.5693
1.60213 0.0913969 5.27358
1.63531 0.206297 11.3125
1.72652 0.0232069 9.18662
1.47317 0.154577 9.88451
1.65499 0.0492769 8.01684
1.52067 0.263897 9.50062
1.71585 0.176537 10.1045
1.67896 0.313647 5.5814
1.70958 0.192567 10.4344
1.4544 0.118267 10.8479
1.66064 0.0464669 11.0462
1.59362 0.245827 1.79944
1.66493 0.100227 4.13992
1.67068 0.123537 7.31184
1.49846 0.126037 9.96904
1.64491 0.226417 6.68269
1.45691 0.0987469 6.67278
1.46863 0.249087 7.73531
1.4166 0.236757 10.2291
1.46823 0.0174269 9.37908
1.56995 0.0893469 10.9693
1.59941 0.285537 5.76839
1.49261 0.303957 3.32247
1.64802 0.269437 10.4545
1.56737 0.254167 9.17467
1.61347 0.134657 12.2061
1.62247 0.0430969 9.28645
1.47107 0.0208569 9.39051
1.44929 0.0119569 3.84092
1.47571 0.267857 7.30187
1.62887 0.0965969 10.4939
