1.44444 0.0887221 8.37516
1.66957 0.299982 7.34627
1.67547 0.297522 7.9443
1.52911 0.227362 10.1369
1.64521 0.211852 9.96675
1.48669 0.140662 9.80098
1.50229 0.105132 7.66217
1.52198 0.261292 8.01622
1.49402 0.0933821 7.39753
1.45568 0.150472 7.1591
1.54627 0.233182 8.31697
1.45681 0.0795121 8.10658
1.56544 0.200462 9.96321
1.61833 0.269632 6.8438
1.6664 0.299412 10.4809
1.72486 0.135512 10.6318
1.71442 0.128942 6.0343
1.55418 0.123342 10.4059
1.65971 0.113502 8.08206
1.41771 0.123192 8.77708
1.58771 0.00783214 11.6119
1.55587 0.109542 10.3578
1.5162 0.313942 7.72788
1.62588 0.0364921 8.01005
1.53954 0.114292 8.65119
1.64295 0.0168321 7.89155
1.42545 0.00495214 8.37628
1.62964 0.0182821 11.4016
1.66127 0.124662 6.9326
1.676 0.288482 8.9252
1.70606 0.242642 8.02927
1.55977 0.0435221 6.79222
1.5452 0.298522 9.21138
1.48526 0.225812 10.292
1.44311 0.170932 10.8239
1.46415 0.300332 6.02306
1.54121 0.274462 12.1938
1.60832 0.267272 9.6112
1.45416 0.166672 7.59257
1.62805 0.240332 6.09565
1.42135 0.182512 9.49395
1.66434 0.104842 8.72271
1.48729 0.0322821 9.43116
1.7064 0.0825321 6.53478
1.5473 0.208612 6.01365
1.63391 0.170212 7.62991
1.46733 0.114002 8.88375
1.50711 0.113442 11.3858
1.6998 0.118682 6.89079
1.41527 0.267612 10.8593
