1.61625 0.264473 11.2358
1.49494 0.235429 5.49643
1.52344 0.023938 5.39164
1.69398 0.018948 8.04004
1.45007 0.226011 8.70002
1.46012 0.00430802 10.0605
1.42463 0.256226 11.5783
1.58481 0.113868 9.07765
1.48246 0.146628 10.1957
1.59249 0.020278 9.83798
1.4541 0.025638 11.9089
1.64348 0.304485 8.03949
1.58136 0.229923 8.61454
1.44641 0.170978 8.2235
1.70908 0.131868 9.48351
1.58665 0.272216 9.15397
1.52921 0.2161 7.47052
1.66922 0.310781 7.31087
1.46039 0.21476 5.86824
1.611 0.300246 9.11878
1.41507 0.219487 9.94106
1.7228 0.129258 5.64483
1.52067 0.045458 9.50062
1.67896 0.095208 5.5814
1.47227 0.120558 8.86507
1.59063 0.201809 8.29084
1.65906 0.166608 9.66419
1.59362 0.027388 1.79944
1.62826 0.201778 6.58664
1.681 0.116328 6.18782
1.42311 0.305232 8.00612
1.64491 0.00797802 6.68269
1.46863 0.030648 7.73531
1.4166 0.018318 10.2291
1.5314 0.131188 5.05418
1.52161 0.145748 11.0336
1.51991 0.184945 10.8973
1.59941 0.067098 5.76839
1.49261 0.085518 3.32247
1.64802 0.050998 10.4545
1.56737 0.035728 9.17467
1.67213 0.214681 5.63548
1.47571 0.049418 7.30187
