1.64365 0.0386384 7.18776
1.48985 0.0434684 6.57907
1.52344 0.119658 5.39164
1.65218 0.0377184 9.33824
1.69398 0.114668 8.04004
1.46964 0.0492084 10.8164
1.46012 0.100028 10.0605
1.58353 0.0727484 8.8288
1.58481 0.209588 9.07765
1.48246 0.242348 10.1957
1.59249 0.115998 9.83798
1.4541 0.121358 11.9089
1.60666 0.0691084 4.65153
1.44641 0.266698 8.2235
1.56008 0.0865884 10.6401
1.70908 0.227588 9.48351
1.4268 0.0581884 7.48278
1.52921 0.311821 7.47052
1.46039 0.310481 5.86824
1.63531 0.0835784 11.3125
1.47317 0.0318584 9.88451
1.7228 0.224978 5.64483
1.52067 0.141178 9.50062
1.71585 0.0538184 10.1045
1.67896 0.190928 5.5814
1.70958 0.0698484 10.4344
1.47227 0.216278 8.86507
1.59063 0.297529 8.29084
1.65906 0.262328 9.66419
1.59362 0.123108 1.79944
1.67068 0.000818419 7.31184
1.49846 0.00331842 9.96904
1.62826 0.297498 6.58664
1.681 0.212048 6.18782
1.64491 0.103698 6.68269
1.46863 0.126368 7.73531
1.4166 0.114038 10.2291
1.5314 0.226908 5.05418
1.52161 0.241468 11.0336
1.51991 0.280665 10.8973
1.59941 0.162818 5.76839
1.49261 0.181238 3.32247
1.64802 0.146718 10.4545
1.56737 0.131448 9.17467
1.61347 0.0119384 12.2061
1.67213 0.310402 5.63548
1.47571 0.145138 7.30187
