1.72279 0.167622 8.13136
1.5959 0.137832 8.69853
1.65774 0.253492 9.42983
1.66744 0.196422 7.42089
1.66694 0.142352 7.92899
1.6385 0.0689615 9.39184
1.58972 0.00764154 6.00485
1.66946 0.302322 7.37324
1.6621 0.0728315 9.35374
1.55851 0.132072 10.1846
1.54911 0.0257715 10.6279
1.67093 0.118242 11.9338
1.54589 0.115142 11.9504
1.5914 0.0738015 12.7744
1.5637 0.00740154 9.52918
1.60484 0.264782 6.94769
1.71962 0.190792 9.14889
1.50811 0.255812 10.5855
1.63971 0.140202 8.95233
1.57008 0.0428115 4.57745
1.57528 0.236962 9.40788
1.49388 0.228822 7.6935
1.41434 0.205052 9.99024
1.48821 0.269982 8.92796
1.61102 0.0456615 9.03485
1.5055 0.0959115 9.22838
1.54351 0.0583915 6.2887
1.54082 0.0176215 10.3397
1.72081 0.157962 7.56544
1.58178 0.0705315 9.15752
1.52931 0.158732 8.99324
1.69407 0.146582 9.73365
1.6687 0.196722 8.25033
1.68159 0.129142 5.02904
1.56469 0.292462 12.3679
1.69851 0.0391915 7.92413
1.70374 0.207022 9.7349
1.64726 0.0232415 8.68781
1.60954 0.0844315 8.16371
1.47706 0.247842 6.92325
1.51276 0.115112 8.43044
1.517 0.0115215 9.07249
1.50513 0.0558115 9.93495
1.52908 0.128052 8.03211
1.60398 0.151132 6.16866
