1.70144 0.0862337 6.35737
1.67595 0.171474 5.94039
1.43368 0.0983937 5.2493
1.64667 0.0621437 9.89792
1.50438 0.236854 10.0795
1.50958 0.194904 12.458
1.70555 0.223414 11.3613
1.55825 0.0917937 8.1405
1.72373 0.0157337 6.94054
1.71315 0.180604 7.58633
1.49151 0.136434 8.09945
1.48587 0.0479937 12.7998
1.50255 0.160754 9.85298
1.63757 0.0221937 5.04181
1.47208 0.133094 9.76161
1.51477 0.0283937 8.80065
1.65761 0.155374 9.52581
1.51035 0.303724 7.60748
1.50711 0.277744 7.75364
1.66359 0.231334 11.7225
1.71969 0.102414 9.65317
1.64808 0.306034 8.30835
1.64149 0.116584 9.06267
1.46225 0.0679637 10.6129
1.72008 0.0815537 7.04585
1.6262 0.0791237 8.60217
1.56917 0.126634 11.2664
1.69341 0.118794 12.1529
1.64051 0.0647537 10.0811
1.57063 0.124404 11.3707
1.49889 0.203674 6.80955
1.46548 0.00306374 7.63856
1.54247 0.0808337 6.29525
1.63255 0.250824 7.93248
1.6832 0.0605237 9.79269
1.59303 0.223344 7.5046
1.69282 0.310304 6.53551
1.59109 0.270854 9.41331
1.63332 0.137254 6.42572
1.63736 0.154504 9.07474
1.69425 0.0741537 9.39255
1.53685 0.209724 12.6634
1.44995 0.0202937 6.82729
1.64874 0.305024 7.5089
1.72607 0.250474 8.53727
1.56777 0.262144 5.94865
1.42283 0.0867737 7.95658
1.70101 0.110714 9.50448
1.47466 0.109634 8.17665
1.42604 0.104924 7.72861
1.51507 0.0127437 5.86578
1.63416 0.212744 9.3563
1.61183 0.266854 10.783
1.44317 0.0173537 8.85094
1.47166 0.256894 6.34104
