1.57094 0.0251309 6.19461
1.49313 0.120341 9.37164
1.71404 0.185331 9.70339
1.69814 0.0289709 9.54773
1.63709 0.161061 9.44493
1.68153 0.0623909 9.10726
1.43573 0.224111 5.41518
1.70721 0.187591 7.33901
1.6093 0.127061 7.76683
1.60936 0.228181 9.65105
1.6636 0.143861 7.36461
1.59249 0.250451 7.87974
1.48132 0.278001 9.38908
1.59931 0.244101 7.88671
1.54492 0.174211 11.2008
1.49735 0.148681 10.3085
1.59827 0.244131 8.5693
1.72 0.133471 6.78061
1.60213 0.250931 5.27358
1.72652 0.182741 9.18662
1.57886 0.154991 10.926
1.47317 0.314111 9.88451
1.65069 0.127141 6.57205
1.65499 0.208811 8.01684
1.4544 0.277801 10.8479
1.66064 0.206001 11.0462
1.63942 0.00175088 7.49122
1.66493 0.259761 4.13992
1.67068 0.283071 7.31184
1.49846 0.285571 9.96904
1.45691 0.258281 6.67278
1.46823 0.176961 9.37908
1.56995 0.248881 10.9693
1.54596 0.00458088 6.53437
1.61347 0.294191 12.2061
1.62247 0.202631 9.28645
1.61131 0.149581 12.0975
1.47107 0.180391 9.39051
1.44929 0.171491 3.84092
1.5433 0.0766409 8.74354
1.62887 0.256131 10.4939
