1.6665 0.0267711 10.7507
1.65882 0.100461 9.70355
1.56486 0.0325811 9.21391
1.6814 0.0825711 4.49879
1.58373 0.0126011 9.80259
1.70792 0.231821 4.90543
1.48991 0.0539111 6.90745
1.56265 0.299101 6.52664
1.66361 0.0395911 7.84762
1.68454 0.258311 8.84598
1.72623 0.310991 9.43474
1.52236 0.237091 8.51821
1.71092 0.267561 6.90622
1.68265 0.299751 6.67077
1.70265 0.174221 8.75283
1.61532 0.183271 10.158
1.61146 0.0246211 9.39325
1.51631 0.0704011 7.46348
1.55207 0.0970311 6.21301
1.61816 0.0873511 9.48503
1.61391 0.0721311 9.27945
1.66773 0.106251 8.29129
1.69548 0.178121 5.98188
1.59691 0.257781 8.55271
1.67098 0.219791 9.89814
1.5268 0.202791 10.6139
1.54231 0.155731 9.8477
1.60188 0.125681 8.25778
1.61905 0.140021 12.9376
1.49351 0.198181 9.25586
1.62938 0.0247711 9.466
1.66676 0.00333107 7.33525
1.62539 0.127931 7.04974
1.6901 0.231541 9.93891
