1.57094 0.226389 6.19461
1.69814 0.230229 9.54773
1.68153 0.263649 9.10726
1.48821 0.0181592 10.1985
1.63965 0.163429 7.54688
1.69001 0.146239 8.81649
1.70221 0.0301092 14.0718
1.61657 0.0850592 8.13816
1.50737 0.107179 9.79795
1.44663 0.00370916 6.81326
1.45738 0.154249 7.94804
1.70125 0.0456492 8.9649
1.50934 0.181019 9.26338
1.59068 0.0627392 8.37107
1.58038 0.0982892 8.42869
1.61611 0.191859 8.42056
1.49055 0.0516692 9.9086
1.58078 0.184019 10.5699
1.4408 0.145789 10.2304
1.54834 0.119889 5.35347
1.58014 0.0448592 7.07325
1.60623 0.148149 8.88135
1.63942 0.203009 7.49122
1.63849 0.0362192 7.57258
1.5905 0.0273592 7.9849
1.51121 0.147789 9.19404
1.46491 0.183219 9.34095
1.44291 0.0632592 7.2218
1.54596 0.205839 6.53437
1.70849 0.0997692 7.53375
1.51834 0.106639 9.51503
1.5433 0.277899 8.74354
1.70283 0.0589892 9.82356
