1.66137 0.260761 8.90281
1.60212 0.0892411 7.83831
1.45084 0.294361 11.7371
1.4155 0.224101 10.873
1.71114 0.285281 7.80137
1.45717 0.151851 8.57833
1.66129 0.240221 8.17431
1.50137 0.148651 8.04085
1.63888 0.0346911 9.97669
1.71622 0.142631 8.56252
1.65568 0.259251 6.57714
1.67539 0.0267211 10.4727
1.61897 0.106921 8.41439
1.58047 0.277861 7.72265
1.42051 0.190371 9.47512
1.55415 0.235541 6.38876
1.47065 0.252821 11.5704
1.68502 0.0403811 8.50433
1.4205 0.0935411 7.94907
1.46683 0.0398911 9.69777
1.59956 0.223871 5.89735
1.60713 0.249461 10.8744
1.69952 0.0389411 6.74028
1.71381 0.293631 8.36558
1.60345 0.103261 9.21655
1.66505 0.0754611 8.22786
1.68315 0.0986811 10.1704
1.58318 0.181881 5.2127
1.41894 0.136751 10.9849
1.52401 0.0764711 9.11596
1.69672 0.217931 7.89086
1.50738 0.179391 8.8865
1.7021 0.253231 9.31683
1.63403 0.0317311 10.5989
1.46993 0.0518411 8.8961
1.61355 0.146321 7.74214
1.69521 0.0377111 10.3586
1.66811 0.147381 9.22537
1.4234 0.258011 12.2699
1.68161 0.293771 6.67414
1.53617 0.212681 5.61222
1.6321 0.195661 11.3588
1.65134 0.303671 7.31318
1.51719 0.0923411 9.34989
1.43268 0.244051 8.26861
1.67119 0.211731 5.26847
