1.57078 0.0746313 10.7507
1.5631 0.148321 9.70355
1.46914 0.0804413 9.21391
1.70629 0.303191 11.5523
1.58567 0.130431 4.49879
1.48801 0.0604613 9.80259
1.6122 0.279681 4.90543
1.71491 0.306341 6.02329
1.70488 0.0664213 7.8833
1.56789 0.0874513 7.84762
1.58882 0.306171 8.84598
1.67976 0.283591 8.97658
1.64182 0.230631 9.21965
1.42664 0.284951 8.51821
1.69698 0.222091 10.3889
1.66394 0.143851 8.10052
1.60692 0.222081 8.75283
1.5196 0.231131 10.158
1.44618 0.0121313 9.57321
1.51574 0.0724813 9.39325
1.42059 0.118261 7.46348
1.45635 0.144891 6.21301
1.52244 0.135211 9.48503
1.51819 0.119991 9.27945
1.71059 0.267541 10.331
1.57201 0.154111 8.29129
1.67573 0.210321 6.61368
1.67847 0.0351413 9.5182
1.67218 0.301961 8.89808
1.59976 0.225981 5.98188
1.50118 0.305641 8.55271
1.57526 0.267651 9.89814
1.67214 0.0537113 6.68258
1.43108 0.250651 10.6139
1.7252 0.0178713 7.22465
1.44659 0.203591 9.8477
1.50616 0.173541 8.25778
1.64068 0.253231 7.46354
1.61765 0.00234127 5.51908
1.52333 0.187881 12.9376
1.53366 0.0726313 9.466
1.57104 0.0511913 7.33525
1.52428 0.00847127 11.7481
1.68477 0.0346013 8.03522
1.52967 0.175791 7.04974
1.59438 0.279401 9.93891
