1.53539 0.0232321 10.1853
1.61553 0.281412 8.69853
1.4774 0.0815321 9.83595
1.68657 0.285932 7.92899
1.65813 0.212542 9.39184
1.60935 0.151222 6.00485
1.60329 0.0673821 8.80242
1.60944 0.0237521 9.6439
1.68173 0.216412 9.35374
1.49728 0.0123621 6.16769
1.55916 0.0741921 7.40473
1.58909 0.0435721 6.64655
1.57814 0.275652 10.1846
1.56874 0.169352 10.6279
1.69056 0.261822 11.9338
1.59416 0.130762 5.92509
1.56552 0.258722 11.9504
1.64238 0.127652 9.6978
1.50169 0.137672 6.98397
1.61103 0.217382 12.7744
1.62777 0.125562 9.42632
1.66274 0.113072 7.91843
1.58333 0.150982 9.52918
1.42108 0.116162 10.1498
1.5441 0.0160621 7.55029
1.65934 0.283782 8.95233
1.58971 0.186392 4.57745
1.67081 0.0538121 10.4128
1.56578 0.135492 7.50102
1.63065 0.189242 9.03485
1.52513 0.239492 9.22838
1.56314 0.201972 6.2887
1.56045 0.161202 10.3397
1.60141 0.214112 9.15752
1.54894 0.302312 8.99324
1.7137 0.290162 9.73365
1.52719 0.110122 11.6866
1.70122 0.272722 5.02904
1.71814 0.182772 7.92413
1.42947 0.153332 7.16749
1.66689 0.166822 8.68781
1.62917 0.228012 8.16371
1.53239 0.258692 8.43044
1.53663 0.155102 9.07249
1.49812 0.0534021 8.42762
1.52476 0.199392 9.93495
1.54871 0.271632 8.03211
1.44021 0.0892121 6.43828
1.62361 0.294712 6.16866
1.44752 0.0457621 5.13396
