1.64365 0.230079 7.18776
1.49313 0.0295292 9.37164
1.71404 0.0945192 9.70339
1.63709 0.0702492 9.44493
1.48985 0.234909 6.57907
1.52344 0.311099 5.39164
1.43573 0.133299 5.41518
1.65218 0.229159 9.33824
1.70721 0.0967792 7.33901
1.6093 0.0362492 7.76683
1.60936 0.137369 9.65105
1.69398 0.306109 8.04004
1.6636 0.0530492 7.36461
1.46964 0.240649 10.8164
1.59249 0.159639 7.87974
1.46012 0.291469 10.0605
1.48132 0.187189 9.38908
1.58353 0.264189 8.8288
1.59931 0.153289 7.88671
1.59249 0.307439 9.83798
1.4541 0.312799 11.9089
1.60666 0.260549 4.65153
1.54492 0.0833992 11.2008
1.56008 0.278029 10.6401
1.49735 0.0578692 10.3085
1.4268 0.249629 7.48278
1.59827 0.153319 8.5693
1.72 0.0426592 6.78061
1.60213 0.160119 5.27358
1.63531 0.275019 11.3125
1.72652 0.0919292 9.18662
1.57886 0.0641792 10.926
1.47317 0.223299 9.88451
1.65069 0.0363292 6.57205
1.65499 0.117999 8.01684
1.71585 0.245259 10.1045
1.70958 0.261289 10.4344
1.4544 0.186989 10.8479
1.66064 0.115189 11.0462
1.66493 0.168949 4.13992
1.67068 0.192259 7.31184
1.49846 0.194759 9.96904
1.64491 0.295139 6.68269
1.45691 0.167469 6.67278
1.4166 0.305479 10.2291
1.46823 0.0861492 9.37908
1.56995 0.158069 10.9693
1.61347 0.203379 12.2061
1.62247 0.111819 9.28645
1.61131 0.0587692 12.0975
1.47107 0.0895792 9.39051
1.44929 0.0806792 3.84092
1.62887 0.165319 10.4939
