1.65774 0.0338255 9.42983
1.48821 0.120015 10.1985
1.63965 0.265285 7.54688
1.69001 0.248095 8.81649
1.66946 0.0826555 7.37324
1.70221 0.131965 14.0718
1.61657 0.186915 8.13816
1.50737 0.209035 9.79795
1.44663 0.105565 6.81326
1.45738 0.256105 7.94804
1.70125 0.147505 8.9649
1.50934 0.282875 9.26338
1.59068 0.164595 8.37107
1.58038 0.200145 8.42869
1.60484 0.0451155 6.94769
1.50811 0.0361455 10.5855
1.57528 0.0172955 9.40788
1.49388 0.00915549 7.6935
1.61611 0.293715 8.42056
1.49055 0.153525 9.9086
1.58078 0.285875 10.5699
1.4408 0.247645 10.2304
1.48821 0.0503155 8.92796
1.54834 0.221745 5.35347
1.58014 0.146715 7.07325
1.60623 0.250005 8.88135
1.63942 0.304865 7.49122
1.63849 0.138075 7.57258
1.5905 0.129215 7.9849
1.51121 0.249645 9.19404
1.46491 0.285075 9.34095
1.44291 0.165115 7.2218
1.54596 0.307695 6.53437
1.56469 0.0727955 12.3679
1.70849 0.201625 7.53375
1.51834 0.208495 9.51503
1.47706 0.0281755 6.92325
1.70283 0.160845 9.82356
1.44913 0.100745 6.26427
