1.67775 0.104226 10.1853
1.55246 0.246876 7.48317
1.42429 0.238886 7.56495
1.61976 0.162526 9.83595
1.5094 0.248776 6.19134
1.43201 0.244096 6.40262
1.47784 0.225386 7.01074
1.53324 0.238996 4.73505
1.62468 0.00946632 7.43832
1.43849 0.264706 5.86146
1.54023 0.100866 6.51004
1.63964 0.0933563 6.16769
1.70152 0.155186 7.40473
1.41392 0.176056 8.72814
1.7111 0.250346 10.6279
1.53349 0.129366 8.39158
1.43044 0.0981163 8.85039
1.42971 0.197346 7.24413
1.50508 0.135446 7.71318
1.64405 0.218666 6.98397
1.43706 0.172316 10.6118
1.69266 0.0498063 9.36544
1.51204 0.0262763 5.89698
1.72569 0.231976 9.52918
1.49921 0.169446 10.5628
1.63752 0.0523463 9.60221
1.43069 0.226326 6.53623
1.56344 0.197156 10.1498
1.68646 0.0970563 7.55029
1.71545 0.0434363 10.1096
1.70814 0.216486 7.50102
1.53912 0.106486 10.1143
1.51058 0.292006 12.5537
1.7055 0.282966 6.2887
1.70281 0.242196 10.3397
1.53868 0.136046 10.3412
1.45805 0.0305863 13.4192
1.43178 1.63241e-05 5.29349
1.61209 0.0326063 9.6493
1.46937 0.00586632 9.37185
1.66955 0.191116 11.6866
1.46818 0.0682463 9.58671
1.57183 0.234326 7.16749
1.45923 0.134556 8.75734
1.47171 0.279426 8.34197
1.67899 0.236096 9.07249
1.64048 0.134396 8.42762
1.66712 0.280386 9.93495
1.53601 0.0777763 11.9621
1.58257 0.170206 6.43828
1.58988 0.126756 5.13396
