1.5984 0.299982 7.34627
1.6043 0.297522 7.9443
1.45793 0.227362 10.1369
1.57404 0.211852 9.96675
1.41551 0.140662 9.80098
1.43111 0.105132 7.66217
1.4508 0.261292 8.01622
1.42285 0.0933821 7.39753
1.47509 0.233182 8.31697
1.49427 0.200462 9.96321
1.54715 0.269632 6.8438
1.59523 0.299412 10.4809
1.65369 0.135512 10.6318
1.64325 0.128942 6.0343
1.48301 0.123342 10.4059
1.58854 0.113502 8.08206
1.51653 0.00783214 11.6119
1.4847 0.109542 10.3578
1.44502 0.313942 7.72788
1.5547 0.0364921 8.01005
1.46837 0.114292 8.65119
1.57178 0.0168321 7.89155
1.70387 0.141462 6.42993
1.55846 0.0182821 11.4016
1.5901 0.124662 6.9326
1.60483 0.288482 8.9252
1.63489 0.242642 8.02927
1.4886 0.0435221 6.79222
1.47403 0.298522 9.21138
1.68897 0.272412 8.96659
1.41408 0.225812 10.292
1.6879 0.106052 7.64219
1.47003 0.274462 12.1938
1.53714 0.267272 9.6112
1.55687 0.240332 6.09565
1.59317 0.104842 8.72271
1.41612 0.0322821 9.43116
1.63523 0.0825321 6.53478
1.47612 0.208612 6.01365
1.56273 0.170212 7.62991
1.43594 0.113442 11.3858
1.62863 0.118682 6.89079
1.72071 0.0426121 8.85798
