1.64075 0.180842 8.05486
1.50217 0.0794021 8.4622
1.61973 0.185162 12.9946
1.71133 0.196632 8.86592
1.52325 0.281882 10.9959
1.7244 0.141402 11.8625
1.68888 0.0262221 7.68539
1.56995 0.216612 8.34999
1.57318 0.202092 7.18179
1.60331 0.0901821 9.42662
1.69493 0.276762 10.1832
1.52235 0.149532 8.12468
1.6773 0.0185921 8.58276
1.71632 0.243702 7.96303
1.53833 0.121592 9.85397
1.54416 0.209722 9.34602
1.61304 0.305012 8.37316
1.55737 0.224902 3.44991
1.50626 0.0998321 7.71378
1.61959 0.106952 9.26445
1.59046 0.123992 5.56933
1.55209 0.264842 9.52559
1.71315 0.142782 9.91415
1.72024 0.0584821 8.58008
1.59126 0.0295521 8.33872
1.62384 0.279602 8.82533
1.67283 0.178302 7.08542
1.65836 0.0604421 10.6433
1.59806 0.160792 8.57992
1.50772 0.109432 7.11264
1.59813 0.0890821 11.2182
1.61111 0.0360321 8.87567
1.65745 0.145732 7.65382
1.7052 0.259892 5.90922
1.5098 0.0669621 10.374
1.54784 0.0273621 12.61
1.63757 0.223162 5.52954
