1.66259 0.110882 6.08845
1.48304 0.299982 7.34627
1.48894 0.297522 7.9443
1.45868 0.211852 9.96675
1.71881 0.157892 7.56495
1.64234 0.312302 8.89745
1.72653 0.163102 6.40262
1.6725 0.0817121 10.6224
1.4318 0.269632 6.8438
1.47987 0.299412 10.4809
1.65244 0.272672 6.12329
1.70844 0.0950621 8.72814
1.53833 0.135512 10.6318
1.52789 0.128942 6.0343
1.72496 0.0171221 8.85039
1.72423 0.116352 7.24413
1.47318 0.113502 8.08206
1.6607 0.0126821 6.34262
1.43935 0.0364921 8.01005
1.72521 0.145332 6.53623
1.45642 0.0168321 7.89155
1.58851 0.141462 6.42993
1.66898 0.289572 7.05007
1.4431 0.0182821 11.4016
1.69916 0.00536214 3.34318
1.47474 0.124662 6.9326
1.48947 0.288482 8.9252
1.51953 0.242642 8.02927
1.62752 0.236032 5.35547
1.57361 0.272412 8.96659
1.57254 0.106052 7.64219
1.42178 0.267272 9.6112
1.44152 0.240332 6.09565
1.68246 0.216042 2.59703
1.47781 0.104842 8.72271
1.51987 0.0825321 6.53478
1.44738 0.170212 7.62991
1.51327 0.118682 6.89079
1.60535 0.0426121 8.85798
