1.52436 0.304781 6.53953
1.59135 0.168551 7.32341
1.50926 0.0216307 6.45865
1.59303 0.156541 7.17194
1.64552 0.0345607 10.3407
1.42101 0.0714807 10.3827
1.64902 0.151511 12.5877
1.65119 0.133801 8.73111
1.44716 0.297211 8.81692
1.63277 0.0361507 6.80289
1.58569 0.0485707 7.0433
1.48881 0.0937407 11.0715
1.60797 0.0605207 6.78599
1.65702 0.112061 8.44774
1.44238 0.141801 3.82463
1.56658 0.117951 11.8953
1.55094 0.271301 8.34567
1.6403 0.198361 8.08046
1.62806 0.227141 5.77223
1.63052 0.125991 9.98738
1.60433 0.268771 7.09459
1.4412 0.00793072 8.51963
1.46213 0.275471 9.81325
1.64907 0.0845707 10.0118
1.5977 0.233531 8.02934
1.51822 0.272071 11.414
1.6374 0.209331 8.04949
1.69962 0.201391 9.95921
1.57012 0.188381 8.86796
1.43591 0.174641 11.6204
1.55735 0.102361 11.6245
1.66614 0.214871 3.61214
1.45741 0.227341 9.27702
1.45502 0.0635607 8.56464
1.467 0.0461507 8.59993
1.53914 0.115991 9.51136
1.63405 0.0638607 11.9383
1.52321 0.171271 9.62859
