1.67284 0.101772 10.1853
1.54755 0.244422 7.48317
1.41938 0.236432 7.56495
1.61485 0.160072 9.83595
1.50449 0.246322 6.19134
1.4271 0.241642 6.40262
1.47293 0.222932 7.01074
1.52833 0.236542 4.73505
1.61977 0.00701195 7.43832
1.43358 0.262252 5.86146
1.53532 0.098412 6.51004
1.63473 0.090902 6.16769
1.69661 0.152732 7.40473
1.72654 0.122112 6.64655
1.70619 0.247892 10.6279
1.52858 0.126912 8.39158
1.42553 0.095662 8.85039
1.4248 0.194892 7.24413
1.50017 0.132992 7.71318
1.63914 0.216212 6.98397
1.43215 0.169862 10.6118
1.68775 0.047352 9.36544
1.50713 0.023822 5.89698
1.72078 0.229522 9.52918
1.4943 0.166992 10.5628
1.63261 0.049892 9.60221
1.42578 0.223872 6.53623
1.55853 0.194702 10.1498
1.68155 0.094602 7.55029
1.72716 0.264932 4.57745
1.71054 0.040982 10.1096
1.70323 0.214032 7.50102
1.53421 0.104032 10.1143
1.50567 0.289552 12.5537
1.70059 0.280512 6.2887
1.6979 0.239742 10.3397
1.53377 0.133592 10.3412
1.45314 0.028132 13.4192
1.60718 0.030152 9.6493
1.46446 0.00341195 9.37185
1.66464 0.188662 11.6866
1.46327 0.065792 9.58671
1.56692 0.231872 7.16749
1.45432 0.132102 8.75734
1.4668 0.276972 8.34197
1.67408 0.233642 9.07249
1.63557 0.131942 8.42762
1.66221 0.277932 9.93495
1.5311 0.075322 11.9621
1.57766 0.167752 6.43828
1.58497 0.124302 5.13396
