1.72279 0.198301 8.13136
1.5959 0.168511 8.69853
1.65774 0.284171 9.42983
1.66744 0.227101 7.42089
1.66694 0.173031 7.92899
1.6385 0.0996412 9.39184
1.58972 0.0383212 6.00485
1.6621 0.103511 9.35374
1.55851 0.162751 10.1846
1.54911 0.0564512 10.6279
1.67093 0.148921 11.9338
1.57453 0.0178612 5.92509
1.54589 0.145821 11.9504
1.62275 0.0147512 9.6978
1.48206 0.0247712 6.98397
1.5914 0.104481 12.7744
1.60814 0.0126612 9.42632
1.64311 0.000171153 7.91843
1.5637 0.0380812 9.52918
1.60484 0.295461 6.94769
1.71962 0.221471 9.14889
1.50811 0.286491 10.5855
1.63971 0.170881 8.95233
1.57008 0.0734912 4.57745
1.57528 0.267641 9.40788
1.49388 0.259501 7.6935
1.54615 0.0225912 7.50102
1.41434 0.235731 9.99024
1.48821 0.300661 8.92796
1.61102 0.0763412 9.03485
1.5055 0.126591 9.22838
1.54351 0.0890712 6.2887
1.54082 0.0483012 10.3397
1.72081 0.188641 7.56544
1.58178 0.101211 9.15752
1.52931 0.189411 8.99324
1.69407 0.177261 9.73365
1.6687 0.227401 8.25033
1.68159 0.159821 5.02904
1.69851 0.0698712 7.92413
1.70374 0.237701 9.7349
1.64726 0.0539212 8.68781
1.60954 0.115111 8.16371
1.47706 0.278521 6.92325
1.51276 0.145791 8.43044
1.517 0.0422012 9.07249
1.50513 0.0864912 9.93495
1.52908 0.158731 8.03211
1.60398 0.181811 6.16866
