1.45202 0.127015 10.0326
1.71046 0.285305 8.90281
1.65121 0.113785 7.83831
1.46459 0.248645 10.873
1.41432 0.00691475 10.769
1.50625 0.176395 8.57833
1.71038 0.264765 8.17431
1.55046 0.173195 8.04085
1.68797 0.0592347 9.97669
1.4418 0.235495 12.4246
1.70477 0.283795 6.57714
1.72448 0.0512647 10.4727
1.66806 0.131465 8.41439
1.62956 0.302405 7.72265
1.4696 0.214915 9.47512
1.60324 0.260085 6.38876
1.51974 0.277365 11.5704
1.41663 0.105045 7.52218
1.43847 0.269835 12.4949
1.46959 0.118085 7.94907
1.51591 0.0644347 9.69777
1.64865 0.248415 5.89735
1.65622 0.274005 10.8744
1.65253 0.127805 9.21655
1.71414 0.100005 8.22786
1.63226 0.206425 5.2127
1.46803 0.161295 10.9849
1.5731 0.101015 9.11596
1.55647 0.203935 8.8865
1.68311 0.0562747 10.5989
1.51902 0.0763847 8.8961
1.66264 0.170865 7.74214
1.7172 0.171925 9.22537
1.47249 0.282555 12.2699
1.42804 0.242455 8.98904
1.52958 0.0205947 5.10995
1.58525 0.237225 5.61222
1.4531 0.265585 11.5061
1.68118 0.220205 11.3588
1.56628 0.116885 9.34989
1.48176 0.268595 8.26861
1.72028 0.236275 5.26847
