1.68983 0.180842 8.05486
1.55126 0.0794021 8.4622
1.66881 0.185162 12.9946
1.57234 0.281882 10.9959
1.61904 0.216612 8.34999
1.62226 0.202092 7.18179
1.6524 0.0901821 9.42662
1.57144 0.149532 8.12468
1.72639 0.0185921 8.58276
1.58742 0.121592 9.85397
1.59325 0.209722 9.34602
1.66212 0.305012 8.37316
1.60646 0.224902 3.44991
1.55535 0.0998321 7.71378
1.66868 0.106952 9.26445
1.63954 0.123992 5.56933
1.60118 0.264842 9.52559
1.64035 0.0295521 8.33872
1.67293 0.279602 8.82533
1.72192 0.178302 7.08542
1.70745 0.0604421 10.6433
1.64714 0.160792 8.57992
1.5568 0.109432 7.11264
1.64722 0.0890821 11.2182
1.6602 0.0360321 8.87567
1.70654 0.145732 7.65382
1.55889 0.0669621 10.374
1.59692 0.0273621 12.61
1.68666 0.223162 5.52954
