1.64112 0.0592601 7.31245
1.57381 0.0224201 6.35737
1.54832 0.10766 5.94039
1.63459 0.15294 10.4156
1.55845 0.30571 5.37733
1.62576 0.23273 9.98965
1.57792 0.1596 11.3613
1.43062 0.0279801 8.1405
1.58552 0.11679 7.58633
1.63894 0.1001 7.48718
1.65961 0.1702 6.10942
1.54146 0.2954 8.4583
1.56516 0.26048 12.3485
1.52172 0.27629 8.08011
1.67645 0.12593 7.55338
1.52998 0.0915601 9.52581
1.7127 0.19528 11.8419
1.53596 0.16752 11.7225
1.71521 0.10218 9.74676
1.63237 0.0611401 11.0487
1.59206 0.0386001 9.65317
1.52045 0.24222 8.30835
1.51386 0.0527701 9.06267
1.59245 0.0177401 7.04585
1.49857 0.0153101 8.60217
1.44154 0.0628201 11.2664
1.56579 0.0549801 12.1529
1.51288 0.000940142 10.0811
1.443 0.0605901 11.3707
1.60524 0.24127 9.2944
1.43975 0.25057 7.95035
1.63219 0.14654 9.7806
1.41484 0.0170201 6.29525
1.50492 0.18701 7.93248
1.46541 0.15953 7.5046
1.5652 0.24649 6.53551
1.46347 0.20704 9.41331
1.50569 0.0734401 6.42572
1.50973 0.0906901 9.07474
1.56663 0.0103401 9.39255
1.6397 0.15615 7.51821
1.52111 0.24121 7.5089
1.59845 0.18666 8.53727
1.44014 0.19833 5.94865
1.60686 0.0264601 7.93291
1.57338 0.0469001 9.50448
1.50653 0.14893 9.3563
1.71962 0.24378 11.0375
1.4842 0.20304 10.783
1.72336 0.1483 7.00371
1.66022 0.28825 7.26155
1.63999 0.0158701 8.8904
