1.56748 0.0224446 7.31245
1.47469 0.0708446 5.94039
1.56096 0.116125 10.4156
1.48481 0.268895 5.37733
1.55213 0.195915 9.98965
1.50429 0.122785 11.3613
1.66053 0.0246546 9.95805
1.51189 0.0799746 7.58633
1.5653 0.0632846 7.48718
1.58597 0.133385 6.10942
1.46783 0.258585 8.4583
1.72036 0.0518846 9.17
1.69845 0.0023146 11.8747
1.49153 0.223665 12.3485
1.44809 0.239475 8.08011
1.60281 0.0891146 7.55338
1.45635 0.0547446 9.52581
1.67677 0.238325 4.68986
1.66444 0.0746046 8.10023
1.63906 0.158465 11.8419
1.46233 0.130705 11.7225
1.64157 0.0653646 9.74676
1.55874 0.0243246 11.0487
1.51843 0.0017846 9.65317
1.44682 0.205405 8.30835
1.44023 0.0159546 9.06267
1.50917 0.290085 11.6119
1.49215 0.0181646 12.1529
1.53161 0.204455 9.2944
1.55856 0.109725 9.7806
1.56441 0.299085 7.89155
1.66971 0.236115 8.24007
1.5511 0.300535 11.4016
1.43129 0.150195 7.93248
1.70362 0.254285 4.94607
1.49157 0.209675 6.53551
1.43206 0.0366246 6.42572
1.4361 0.0538746 9.07474
1.56606 0.119335 7.51821
1.44748 0.204395 7.5089
1.59763 0.279225 10.8188
1.52481 0.149845 8.53727
1.49975 0.0100846 9.50448
1.4329 0.112115 9.3563
1.67906 0.183995 7.43245
1.64598 0.206965 11.0375
1.64972 0.111485 7.00371
1.58658 0.251435 7.26155
