1.61625 0.230112 11.2358
1.49494 0.201068 5.49643
1.45007 0.19165 8.70002
1.42463 0.221865 11.5783
1.58481 0.0795068 9.07765
1.48246 0.112267 10.1957
1.64348 0.270124 8.03949
1.58136 0.195562 8.61454
1.44641 0.136617 8.2235
1.70908 0.0975068 9.48351
1.58665 0.237855 9.15397
1.52921 0.181739 7.47052
1.66922 0.27642 7.31087
1.46039 0.180399 5.86824
1.611 0.265885 9.11878
1.41507 0.185126 9.94106
1.44799 0.30133 9.83102
1.7228 0.0948968 5.64483
1.52067 0.0110968 9.50062
1.67896 0.0608468 5.5814
1.47781 0.291197 8.75275
1.5799 0.300066 9.00137
1.47227 0.0861968 8.86507
1.59063 0.167448 8.29084
1.65906 0.132247 9.66419
1.62826 0.167417 6.58664
1.681 0.0819668 6.18782
1.42311 0.270871 8.00612
1.70245 0.293002 6.308
1.5314 0.0968268 5.05418
1.52161 0.111387 11.0336
1.51991 0.150583 10.8973
1.59941 0.0327368 5.76839
1.49261 0.0511568 3.32247
1.64802 0.0166368 10.4545
1.56737 0.00136685 9.17467
1.67213 0.18032 5.63548
1.47571 0.0150568 7.30187
