1.41438 0.26945 8.13111
1.46538 0.3017 10.9825
1.44937 0.13643 7.48317
1.6548 0.25196 8.69853
1.51667 0.0520797 9.83595
1.72634 0.31055 7.42089
1.72584 0.25648 7.92899
1.6974 0.18309 9.39184
1.64862 0.12177 6.00485
1.43839 0.23497 9.37649
1.64256 0.0379297 8.80242
1.43015 0.12855 4.73505
1.43944 0.26929 9.01191
1.721 0.18696 9.35374
1.59843 0.0447397 7.40473
1.62836 0.0141197 6.64655
1.61741 0.2462 10.1846
1.60801 0.1399 10.6279
1.4304 0.0189197 8.39158
1.63343 0.10131 5.92509
1.60479 0.22927 11.9504
1.68165 0.0981997 9.6978
1.54096 0.10822 6.98397
1.6503 0.18793 12.7744
1.66704 0.0961097 9.42632
1.70201 0.0836197 7.91843
1.6226 0.12153 9.52918
1.46035 0.0867097 10.1498
1.69861 0.25433 8.95233
1.62898 0.15694 4.57745
1.71008 0.0243597 10.4128
1.60505 0.10604 7.50102
1.66992 0.15979 9.03485
1.5644 0.21004 9.22838
1.60241 0.17252 6.2887
1.59972 0.13175 10.3397
1.64068 0.18466 9.15752
1.58821 0.27286 8.99324
1.43559 0.0255997 10.3412
1.7276 0.31085 8.25033
1.56646 0.0806697 11.6866
1.42642 0.2144 6.83018
1.46874 0.12388 7.16749
1.70616 0.13737 8.68781
1.66844 0.19856 8.16371
1.57166 0.22924 8.43044
1.5759 0.12565 9.07249
1.53739 0.0239497 8.42762
1.56403 0.16994 9.93495
1.58798 0.24218 8.03211
1.47948 0.0597597 6.43828
1.66288 0.26526 6.16866
1.48679 0.0163097 5.13396
