1.6301 0.0605192 7.16428
1.58497 0.0413392 9.4377
1.58125 0.158399 9.49836
1.62832 0.287879 10.6224
1.70793 0.0802792 6.69315
1.4338 0.0572992 6.10942
1.66426 0.301229 8.72814
1.59253 0.149129 7.35576
1.45064 0.0130292 7.55338
1.5246 0.162239 4.68986
1.68078 0.223289 8.85039
1.6995 0.120719 6.47321
1.48689 0.0823792 11.8419
1.61652 0.218849 6.34262
1.6874 0.297489 10.6118
1.51754 0.160029 8.24007
1.61846 0.203889 10.2936
1.55145 0.178199 4.94607
1.65498 0.211529 3.34318
1.69742 0.0232892 6.98927
1.65643 0.0207092 5.27215
1.61142 0.175519 7.59352
1.41389 0.0432492 7.51821
1.52836 0.312219 7.64219
1.44546 0.203139 10.8188
1.5985 0.205709 7.65242
1.68313 0.0241092 7.39877
1.63752 0.00763916 7.99526
1.70839 0.155759 13.4192
1.43363 0.311009 8.72271
1.68212 0.125189 5.29349
1.71971 0.131039 9.37185
1.47569 0.288699 6.53478
1.52689 0.107909 7.43245
1.58053 0.119049 6.87043
1.71852 0.193419 9.58671
1.49381 0.130879 11.0375
1.49755 0.0353992 7.00371
1.70957 0.259729 8.75734
1.43441 0.175349 7.26155
1.56117 0.248779 8.85798
