1.60123 0.308459 6.08845
1.61292 0.0519289 7.16428
1.71919 0.00442886 10.8055
1.56779 0.0327489 9.4377
1.56407 0.149809 9.49836
1.61114 0.279289 10.6224
1.69075 0.0716889 6.69315
1.41662 0.0487089 6.10942
1.72128 0.00404886 6.82565
1.64708 0.292639 8.72814
1.57535 0.140539 7.35576
1.43346 0.00443886 7.55338
1.50742 0.153649 4.68986
1.6636 0.214699 8.85039
1.68232 0.112129 6.47321
1.66287 0.313929 7.24413
1.46971 0.0737889 11.8419
1.59934 0.210259 6.34262
1.67022 0.288899 10.6118
1.50036 0.151439 8.24007
1.60128 0.195299 10.2936
1.53427 0.169609 4.94607
1.6378 0.202939 3.34318
1.68024 0.0146989 6.98927
1.63925 0.0121189 5.27215
1.59424 0.166929 7.59352
1.51118 0.303629 7.64219
1.42828 0.194549 10.8188
1.58132 0.197119 7.65242
1.66595 0.0155189 7.39877
1.69121 0.147169 13.4192
1.41645 0.302419 8.72271
1.66494 0.116599 5.29349
1.70253 0.122449 9.37185
1.45851 0.280109 6.53478
1.50971 0.0993189 7.43245
1.56335 0.110459 6.87043
1.70134 0.184829 9.58671
1.47663 0.122289 11.0375
1.48037 0.0268089 7.00371
1.69239 0.251139 8.75734
1.41723 0.166759 7.26155
1.54399 0.240189 8.85798
