1.70619 0.0985619 7.16428
1.48487 0.0780819 10.4156
1.66106 0.0793819 9.4377
1.47604 0.157872 9.98965
1.42821 0.0847419 11.3613
1.65734 0.196442 9.49836
1.4358 0.0419319 7.58633
1.48922 0.0252419 7.48718
1.50989 0.0953419 6.10942
1.64428 0.0138419 9.17
1.41544 0.185622 12.3485
1.66862 0.187172 7.35576
1.52673 0.0510719 7.55338
1.60069 0.200282 4.68986
1.58836 0.0365619 8.10023
1.56298 0.120422 11.8419
1.56549 0.0273219 9.74676
1.43309 0.252042 11.6119
1.69261 0.256892 6.34262
1.47125 0.280702 8.01005
1.45553 0.166412 9.2944
1.48248 0.0716819 9.7806
1.48833 0.261042 7.89155
1.59363 0.198072 8.24007
1.47501 0.262492 11.4016
1.69455 0.241932 10.2936
1.62754 0.216242 4.94607
1.41548 0.171632 6.53551
1.68751 0.213562 7.59352
1.48998 0.0812919 7.51821
1.52155 0.241182 10.8188
1.67459 0.243752 7.65242
1.44873 0.111802 8.53727
1.71361 0.0456819 7.99526
1.60298 0.145952 7.43245
1.65662 0.157092 6.87043
1.5699 0.168922 11.0375
1.66868 0.00232188 4.91108
1.57364 0.0734419 7.00371
1.5105 0.213392 7.26155
1.63726 0.286822 8.85798
