1.55407 0.244492 10.1494
1.63357 0.213912 5.25027
1.42476 0.180842 8.05486
1.49534 0.196632 8.86592
1.51721 0.0960021 7.47419
1.50841 0.141402 11.8625
1.4729 0.0262221 7.68539
1.47894 0.276762 10.1832
1.46132 0.0185921 8.58276
1.50034 0.243702 7.96303
1.54208 0.105022 7.31622
1.55864 0.0320521 8.50235
1.52901 0.0295721 8.22871
1.70636 0.266672 9.18508
1.56776 0.0916621 4.35333
1.52679 0.288292 7.68192
1.65497 0.273542 9.04583
1.72416 0.0445621 8.44953
1.52833 0.214462 9.98557
1.49717 0.142782 9.91415
1.69795 0.293662 4.94342
1.59475 0.151082 8.99765
1.65851 0.155312 7.66807
1.69288 0.193332 11.9139
1.51572 0.287532 10.1051
1.51293 0.217462 11.5685
1.50425 0.0584821 8.58008
1.45684 0.178302 7.08542
1.69354 0.0978521 7.61263
1.44238 0.0604421 10.6433
1.65025 0.0120821 11.683
1.63527 0.274662 7.06029
1.67743 0.140892 10.8821
1.67119 0.300692 5.51205
1.53114 0.290312 9.31114
1.69875 0.0119121 9.63411
1.56777 0.104552 7.68837
1.44147 0.145732 7.65382
1.48922 0.259892 5.90922
1.72007 0.0955121 9.44892
1.42158 0.223162 5.52954
