1.69888 0.244492 10.1494
1.56957 0.180842 8.05486
1.431 0.0794021 8.4622
1.54855 0.185162 12.9946
1.64015 0.196632 8.86592
1.66202 0.0960021 7.47419
1.45207 0.281882 10.9959
1.65322 0.141402 11.8625
1.61771 0.0262221 7.68539
1.49877 0.216612 8.34999
1.502 0.202092 7.18179
1.53213 0.0901821 9.42662
1.62375 0.276762 10.1832
1.45117 0.149532 8.12468
1.60613 0.0185921 8.58276
1.64514 0.243702 7.96303
1.46716 0.121592 9.85397
1.47299 0.209722 9.34602
1.54186 0.305012 8.37316
1.48619 0.224902 3.44991
1.68689 0.105022 7.31622
1.43509 0.0998321 7.71378
1.54842 0.106952 9.26445
1.70345 0.0320521 8.50235
1.67382 0.0295721 8.22871
1.51928 0.123992 5.56933
1.71256 0.0916621 4.35333
1.48092 0.264842 9.52559
1.67159 0.288292 7.68192
1.67314 0.214462 9.98557
1.64198 0.142782 9.91415
1.66053 0.287532 10.1051
1.65774 0.217462 11.5685
1.64906 0.0584821 8.58008
1.52009 0.0295521 8.33872
1.55266 0.279602 8.82533
1.60165 0.178302 7.08542
1.58718 0.0604421 10.6433
1.52688 0.160792 8.57992
1.43654 0.109432 7.11264
1.52696 0.0890821 11.2182
1.67594 0.290312 9.31114
1.53994 0.0360321 8.87567
1.71257 0.104552 7.68837
1.58628 0.145732 7.65382
1.63403 0.259892 5.90922
1.43862 0.0669621 10.374
1.47666 0.0273621 12.61
1.56639 0.223162 5.52954
