1.59544 0.0794021 8.4622
1.71299 0.185162 12.9946
1.61651 0.281882 10.9959
1.66322 0.216612 8.34999
1.66644 0.202092 7.18179
1.69658 0.0901821 9.42662
1.61562 0.149532 8.12468
1.6316 0.121592 9.85397
1.63743 0.209722 9.34602
1.7063 0.305012 8.37316
1.65064 0.224902 3.44991
1.59953 0.0998321 7.71378
1.71286 0.106952 9.26445
1.68372 0.123992 5.56933
1.64536 0.264842 9.52559
1.68453 0.0295521 8.33872
1.71711 0.279602 8.82533
1.69132 0.160792 8.57992
1.60098 0.109432 7.11264
1.6914 0.0890821 11.2182
1.70438 0.0360321 8.87567
1.60307 0.0669621 10.374
1.6411 0.0273621 12.61
