1.67434 0.244492 10.1494
1.54503 0.180842 8.05486
1.52401 0.185162 12.9946
1.61561 0.196632 8.86592
1.63747 0.0960021 7.47419
1.42753 0.281882 10.9959
1.62868 0.141402 11.8625
1.59316 0.0262221 7.68539
1.47423 0.216612 8.34999
1.47746 0.202092 7.18179
1.50759 0.0901821 9.42662
1.59921 0.276762 10.1832
1.42663 0.149532 8.12468
1.58158 0.0185921 8.58276
1.6206 0.243702 7.96303
1.44261 0.121592 9.85397
1.44844 0.209722 9.34602
1.51732 0.305012 8.37316
1.46165 0.224902 3.44991
1.66234 0.105022 7.31622
1.52387 0.106952 9.26445
1.67891 0.0320521 8.50235
1.64927 0.0295721 8.22871
1.49474 0.123992 5.56933
1.68802 0.0916621 4.35333
1.45637 0.264842 9.52559
1.64705 0.288292 7.68192
1.64859 0.214462 9.98557
1.61743 0.142782 9.91415
1.71501 0.151082 8.99765
1.63598 0.287532 10.1051
1.6332 0.217462 11.5685
1.62452 0.0584821 8.58008
1.49554 0.0295521 8.33872
1.52812 0.279602 8.82533
1.57711 0.178302 7.08542
1.56264 0.0604421 10.6433
1.50234 0.160792 8.57992
1.50241 0.0890821 11.2182
1.6514 0.290312 9.31114
1.51539 0.0360321 8.87567
1.68803 0.104552 7.68837
1.56173 0.145732 7.65382
1.60948 0.259892 5.90922
1.41408 0.0669621 10.374
1.45212 0.0273621 12.61
1.54185 0.223162 5.52954
