1.65774 0.0424158 9.42983
1.48821 0.128606 10.1985
1.63965 0.273876 7.54688
1.69001 0.256686 8.81649
1.66946 0.0912458 7.37324
1.70221 0.140556 14.0718
1.61657 0.195506 8.13816
1.50737 0.217626 9.79795
1.44663 0.114156 6.81326
1.45738 0.264696 7.94804
1.70125 0.156096 8.9649
1.50934 0.291466 9.26338
1.59068 0.173186 8.37107
1.58038 0.208736 8.42869
1.60484 0.0537058 6.94769
1.50811 0.0447358 10.5855
1.57528 0.0258858 9.40788
1.49388 0.0177458 7.6935
1.61611 0.302306 8.42056
1.49055 0.162116 9.9086
1.58078 0.294466 10.5699
1.4408 0.256236 10.2304
1.48821 0.0589058 8.92796
1.54834 0.230336 5.35347
1.58014 0.155306 7.07325
1.60623 0.258596 8.88135
1.63942 0.313456 7.49122
1.63849 0.146666 7.57258
1.5905 0.137806 7.9849
1.51121 0.258236 9.19404
1.46491 0.293666 9.34095
1.44291 0.173706 7.2218
1.56469 0.0813858 12.3679
1.70849 0.210216 7.53375
1.51834 0.217086 9.51503
1.47706 0.0367658 6.92325
1.70283 0.169436 9.82356
1.44913 0.109336 6.26427
