1.66317 0.0377915 7.21136
1.63614 0.301932 8.00685
1.46127 0.233592 7.32341
1.62995 0.0266915 8.27018
1.64066 0.121362 5.18956
1.69804 0.172972 9.63044
1.46295 0.221582 7.17194
1.66458 0.0274715 4.93978
1.64012 0.0052415 5.76332
1.51544 0.0996015 10.3407
1.69314 0.0509115 9.01314
1.65759 0.0792015 9.69773
1.51894 0.216552 12.5877
1.49052 0.0558415 6.20019
1.52827 0.0102615 9.14188
1.52111 0.198842 8.73111
1.61225 0.0523115 8.76033
1.64349 0.0747415 6.28263
1.50269 0.101192 6.80289
1.45561 0.113612 7.0433
1.60133 0.221672 7.16549
1.47789 0.125562 6.78599
1.52694 0.177102 8.44774
1.65638 0.199462 8.13112
1.66482 0.289612 9.59547
1.4365 0.182992 11.8953
1.6304 0.177812 8.55428
1.60801 0.0160015 9.75953
1.70454 0.268482 6.08858
1.51022 0.263402 8.08046
1.49798 0.292182 5.77223
1.50044 0.191032 9.98738
1.72367 0.0626815 7.66866
1.64271 0.174762 7.27102
1.65328 0.0336115 6.74294
1.51899 0.149612 10.0118
1.46762 0.298572 8.02934
1.50732 0.274372 8.04949
1.56954 0.266432 9.95921
1.44004 0.253422 8.86796
1.42727 0.167402 11.6245
1.53606 0.279912 3.61214
1.64359 0.207592 6.46419
1.72509 0.310232 6.68004
1.50396 0.128902 11.9383
