1.53497 0.275325 6.08845
1.54666 0.0187949 7.16428
1.72724 0.0756349 8.05751
1.49781 0.116675 9.49836
1.54488 0.246155 10.6224
1.62449 0.0385549 6.69315
1.64474 0.308835 7.01074
1.70713 0.184315 6.51004
1.58082 0.259505 8.72814
1.50909 0.107405 7.35576
1.70039 0.212815 8.39158
1.44116 0.120515 4.68986
1.59734 0.181565 8.85039
1.61606 0.0789949 6.47321
1.59661 0.280795 7.24413
1.67198 0.218895 7.71318
1.53308 0.177125 6.34262
1.60396 0.255765 10.6118
1.67894 0.109725 5.89698
1.66611 0.252895 10.5628
1.59759 0.309775 6.53623
1.4341 0.118305 8.24007
1.46089 0.305905 6.42993
1.53502 0.162165 10.2936
1.70819 0.0351649 10.0651
1.46801 0.136475 4.94607
1.57154 0.169805 3.34318
1.70602 0.189935 10.1143
1.52798 0.133795 7.59352
1.69341 0.0546249 8.46808
1.44492 0.270495 7.64219
1.51506 0.163985 7.65242
1.70558 0.219495 10.3412
1.62495 0.114035 13.4192
1.59868 0.0834649 5.29349
1.63627 0.0893149 9.37185
1.44345 0.0661849 7.43245
1.49709 0.0773249 6.87043
1.63508 0.151695 9.58671
1.62613 0.218005 8.75734
1.70291 0.161225 11.9621
1.47773 0.207055 8.85798
