1.61624 0.0887221 8.37516
1.48617 0.0831221 8.00668
1.46889 0.164212 8.53792
1.48748 0.209422 12.258
1.70091 0.227362 10.1369
1.65849 0.140662 9.80098
1.6741 0.105132 7.66217
1.54228 0.0987021 11.3447
1.55821 0.163482 8.50576
1.69378 0.261292 8.01622
1.48515 0.0452621 4.44041
1.45754 0.0732221 6.35577
1.66583 0.0933821 7.39753
1.62749 0.150472 7.1591
1.71807 0.233182 8.31697
1.62861 0.0795121 8.10658
1.5576 0.116542 6.5804
1.45135 0.250662 9.69625
1.47598 0.0638321 9.79893
1.51996 0.0320121 9.72888
1.53347 0.148892 8.46218
1.72599 0.123342 10.4059
1.44116 0.0488021 7.77202
1.57836 0.290302 8.92775
1.58951 0.123192 8.77708
1.45662 0.0607121 8.49857
1.72768 0.109542 10.3578
1.68801 0.313942 7.72788
1.71135 0.114292 8.65119
1.5242 0.101372 6.30768
1.51765 0.271372 11.0207
1.59725 0.00495214 8.37628
1.52236 0.191592 9.36411
1.42495 0.0278821 7.53214
1.52764 0.289552 9.32196
1.49323 0.190262 4.37022
1.4938 0.250652 5.50157
1.71701 0.298522 9.21138
1.53328 0.0687621 6.05026
1.65706 0.225812 10.292
1.61491 0.170932 10.8239
1.63596 0.300332 6.02306
1.71302 0.274462 12.1938
1.55251 0.0526421 9.84142
1.62597 0.166672 7.59257
1.59316 0.182512 9.49395
1.46377 0.292732 8.51622
1.6591 0.0322821 9.43116
1.47918 0.152602 7.21765
1.7191 0.208612 6.01365
1.5111 0.0895821 4.86179
1.63913 0.114002 8.88375
1.42213 0.209212 5.47545
1.67892 0.113442 11.3858
1.57631 0.255992 6.26307
1.58707 0.267612 10.8593
