1.61625 0.0988028 11.2358
1.49494 0.0697589 5.49643
1.61822 0.286708 8.55357
1.70385 0.292035 3.37254
1.54682 0.274133 6.84356
1.6456 0.243298 6.82155
1.45007 0.0603412 8.70002
1.42463 0.0905561 11.5783
1.45852 0.261417 9.14711
1.44792 0.214373 6.65722
1.50655 0.223978 11.3427
1.66063 0.233838 7.19434
1.64348 0.138815 8.03949
1.58136 0.0642528 8.61454
1.44641 0.00530809 8.2235
1.58665 0.106546 9.15397
1.53114 0.221768 11.752
1.52921 0.0504302 7.47052
1.66922 0.145111 7.31087
1.46039 0.0490902 5.86824
1.611 0.134576 9.11878
1.41819 0.26856 9.16685
1.67034 0.288481 4.99717
1.41507 0.0538175 9.94106
1.69906 0.251008 8.4487
1.44799 0.170021 9.83102
1.59516 0.198394 7.97113
1.47781 0.159888 8.75275
1.55168 0.208263 6.60827
1.5799 0.168757 9.00137
1.59063 0.0361388 8.29084
1.65906 0.000938093 9.66419
1.62826 0.0361078 6.58664
1.58023 0.224577 6.05235
1.42311 0.139562 8.00612
1.70245 0.161693 6.308
1.51991 0.0192747 10.8973
1.53501 0.256471 6.05723
1.71802 0.276983 10.2666
1.67213 0.0490112 5.63548
1.42279 0.280094 10.9814
