1.61625 0.150345 11.2358
1.49494 0.121301 5.49643
1.6456 0.29484 6.82155
1.45007 0.111883 8.70002
1.42463 0.142098 11.5783
1.48246 0.0324998 10.1957
1.45852 0.312959 9.14711
1.44792 0.265915 6.65722
1.50655 0.27552 11.3427
1.66063 0.28538 7.19434
1.64348 0.190357 8.03949
1.58136 0.115795 8.61454
1.44641 0.0568498 8.2235
1.70908 0.0177398 9.48351
1.58665 0.158088 9.15397
1.53114 0.27331 11.752
1.52921 0.101972 7.47052
1.66922 0.196653 7.31087
1.46039 0.100632 5.86824
1.611 0.186118 9.11878
1.41507 0.105359 9.94106
1.69906 0.30255 8.4487
1.44799 0.221563 9.83102
1.7228 0.0151298 5.64483
1.59516 0.249936 7.97113
1.47781 0.21143 8.75275
1.55168 0.259805 6.60827
1.5799 0.220299 9.00137
1.47227 0.00642985 8.86507
1.59063 0.0876806 8.29084
1.65906 0.0524798 9.66419
1.62826 0.0876496 6.58664
1.681 0.00219985 6.18782
1.58023 0.276119 6.05235
1.42311 0.191104 8.00612
1.70245 0.213235 6.308
1.5314 0.0170598 5.05418
1.52161 0.0316198 11.0336
1.51991 0.0708164 10.8973
1.53501 0.308013 6.05723
1.67213 0.100553 5.63548
