1.52638 0.193266 8.90281
1.46713 0.0217459 7.83831
1.57615 0.217786 7.80137
1.65266 0.0933259 8.74819
1.64209 0.310136 7.15422
1.69807 0.298306 10.5645
1.69993 0.304996 11.2394
1.5263 0.172726 8.17431
1.70396 0.109006 13.2212
1.54199 0.263976 10.2848
1.45396 0.290986 8.53616
1.58123 0.0751359 8.56252
1.52069 0.191756 6.57714
1.44392 0.258406 7.57764
1.67738 0.263646 4.88651
1.48398 0.0394259 8.41439
1.44548 0.210366 7.72265
1.43399 0.280216 7.1919
1.41916 0.168046 6.38876
1.46457 0.156376 5.89735
1.47214 0.181966 10.8744
1.70777 0.154416 8.85913
1.57882 0.226136 8.36558
1.54541 0.257696 8.23762
1.46846 0.0357659 9.21655
1.63154 0.158086 5.27226
1.53006 0.0079659 8.22786
1.41931 0.262736 7.62204
1.69178 0.111896 10.1091
1.67975 0.135376 9.2042
1.65266 0.194766 9.48219
1.54816 0.0311859 10.1704
1.61073 0.208096 5.92395
1.44819 0.114386 5.2127
1.56173 0.150436 7.89086
1.56711 0.185736 9.31683
1.53019 0.254316 6.04908
1.65727 0.140346 9.01659
1.47856 0.0788259 7.74214
1.71735 0.234036 7.95658
1.53312 0.0798859 9.22537
1.54662 0.226276 6.67414
1.72056 0.252186 7.72861
1.60242 0.211206 7.02854
1.6972 0.296036 7.12577
1.68321 0.0732859 10.7218
1.42478 0.247036 5.12397
1.59823 0.117006 10.1543
1.49711 0.128166 11.3588
1.51635 0.236176 7.31318
1.61986 0.137686 10.1321
1.5362 0.144236 5.26847
