1.61625 0.117211 11.2358
1.49494 0.0881667 5.49643
1.61822 0.305116 8.55357
1.70385 0.310443 3.37254
1.54682 0.292541 6.84356
1.6456 0.261706 6.82155
1.45007 0.078749 8.70002
1.42463 0.108964 11.5783
1.45852 0.279825 9.14711
1.44792 0.232781 6.65722
1.50655 0.242386 11.3427
1.66063 0.252246 7.19434
1.64348 0.157223 8.03949
1.58136 0.0826606 8.61454
1.44641 0.0237159 8.2235
1.58665 0.124954 9.15397
1.53114 0.240176 11.752
1.52921 0.068838 7.47052
1.66922 0.163519 7.31087
1.46039 0.067498 5.86824
1.611 0.152984 9.11878
1.41819 0.286968 9.16685
1.67034 0.306889 4.99717
1.41507 0.0722253 9.94106
1.69906 0.269416 8.4487
1.44799 0.188429 9.83102
1.59516 0.216802 7.97113
1.47781 0.178296 8.75275
1.55168 0.226671 6.60827
1.5799 0.187165 9.00137
1.59063 0.0545466 8.29084
1.65906 0.0193459 9.66419
1.62826 0.0545156 6.58664
1.58023 0.242985 6.05235
1.42311 0.15797 8.00612
1.70245 0.180101 6.308
1.51991 0.0376824 10.8973
1.53501 0.274879 6.05723
1.71802 0.295391 10.2666
1.67213 0.067419 5.63548
1.42279 0.298502 10.9814
