1.49041 0.0680442 7.34627
1.49631 0.0655842 7.9443
1.64971 0.0803642 8.89745
1.44647 0.274104 12.5412
1.59147 0.181014 10.1573
1.72772 0.213874 10.6023
1.43916 0.0376942 6.8438
1.48724 0.0674742 10.4809
1.41769 0.101604 8.74073
1.65981 0.0407342 6.12329
1.69531 0.129954 10.248
1.53545 0.114854 9.05278
1.46254 0.231044 11.7962
1.59032 0.111894 7.48382
1.5893 0.130324 7.6065
1.62466 0.279384 7.17228
1.47096 0.233144 6.37953
1.70595 0.0995742 7.25093
1.47427 0.284834 7.9826
1.5718 0.107484 9.31824
1.55671 0.227114 9.22614
1.53041 0.229044 6.55013
1.47314 0.274704 8.39931
1.62745 0.286434 11.6453
1.58889 0.305894 7.09406
1.67635 0.0576342 7.05007
1.57371 0.256984 5.34713
1.50735 0.264564 11.87
1.49684 0.0565442 8.9252
1.5269 0.0107042 8.02927
1.63489 0.00409424 5.35547
1.44841 0.205094 8.88217
1.52252 0.0829842 7.94901
1.70695 0.124214 10.6196
1.57718 0.253364 8.30364
1.58098 0.0404742 8.96659
1.66375 0.248064 8.85975
1.42915 0.0353342 9.6112
1.6779 0.221374 7.24938
1.44888 0.00839424 6.09565
1.52713 0.116064 6.99795
1.53227 0.260524 8.2391
1.72276 0.154094 6.44337
1.49492 0.196374 6.55971
1.6316 0.109614 9.26881
1.47535 0.254284 9.40187
