1.52052 0.0887221 8.37516
1.60519 0.227362 10.1369
1.7213 0.211852 9.96675
1.56277 0.140662 9.80098
1.57838 0.105132 7.66217
1.44656 0.0987021 11.3447
1.46249 0.163482 8.50576
1.59806 0.261292 8.01622
1.57011 0.0933821 7.39753
1.53177 0.150472 7.1591
1.62235 0.233182 8.31697
1.53289 0.0795121 8.10658
1.46188 0.116542 6.5804
1.64153 0.200462 9.96321
1.69442 0.269632 6.8438
1.42424 0.0320121 9.72888
1.43775 0.148892 8.46218
1.63027 0.123342 10.4059
1.48264 0.290302 8.92775
1.49379 0.123192 8.77708
1.6638 0.00783214 11.6119
1.63196 0.109542 10.3578
1.59229 0.313942 7.72788
1.70196 0.0364921 8.01005
1.61563 0.114292 8.65119
1.71904 0.0168321 7.89155
1.42848 0.101372 6.30768
1.42193 0.271372 11.0207
1.50153 0.00495214 8.37628
1.70572 0.0182821 11.4016
1.42664 0.191592 9.36411
1.63586 0.0435221 6.79222
1.43192 0.289552 9.32196
1.62129 0.298522 9.21138
1.43756 0.0687621 6.05026
1.56134 0.225812 10.292
1.51919 0.170932 10.8239
1.54024 0.300332 6.02306
1.6173 0.274462 12.1938
1.45679 0.0526421 9.84142
1.6844 0.267272 9.6112
1.53025 0.166672 7.59257
1.70414 0.240332 6.09565
1.49744 0.182512 9.49395
1.56338 0.0322821 9.43116
1.62338 0.208612 6.01365
1.41538 0.0895821 4.86179
1.71 0.170212 7.62991
1.54341 0.114002 8.88375
1.5832 0.113442 11.3858
1.48059 0.255992 6.26307
1.49135 0.267612 10.8593
