1.68859 0.0157264 10.7507
1.68091 0.0894164 9.70355
1.58695 0.0215364 9.21391
1.70348 0.0715264 4.49879
1.60582 0.00155641 9.80259
1.512 0.0428664 6.90745
1.58474 0.288056 6.52664
1.6857 0.0285464 7.84762
1.70663 0.247266 8.84598
1.54445 0.226046 8.51821
1.70474 0.288706 6.67077
1.72473 0.163176 8.75283
1.63741 0.172226 10.158
1.63355 0.0135764 9.39325
1.5384 0.0593564 7.46348
1.57416 0.0859864 6.21301
1.64025 0.0763064 9.48503
1.636 0.0610864 9.27945
1.68982 0.0952064 8.29129
1.71757 0.167076 5.98188
1.61899 0.246736 8.55271
1.69307 0.208746 9.89814
1.54889 0.191746 10.6139
1.5644 0.144686 9.8477
1.62397 0.114636 8.25778
1.64114 0.128976 12.9376
1.5156 0.187136 9.25586
1.65147 0.0137264 9.466
1.64748 0.116886 7.04974
1.71219 0.220496 9.93891
