1.61625 0.301288 11.2358
1.49494 0.272244 5.49643
1.52344 0.0607536 5.39164
1.69398 0.0557636 8.04004
1.45007 0.262827 8.70002
1.46012 0.0411236 10.0605
1.58353 0.0138436 8.8288
1.42463 0.293042 11.5783
1.58481 0.150684 9.07765
1.48246 0.183444 10.1957
1.59249 0.0570936 9.83798
1.4541 0.0624536 11.9089
1.60666 0.0102036 4.65153
1.58136 0.266738 8.61454
1.44641 0.207794 8.2235
1.56008 0.0276836 10.6401
1.70908 0.168684 9.48351
1.58665 0.309032 9.15397
1.52921 0.252916 7.47052
1.46039 0.251576 5.86824
1.63531 0.0246736 11.3125
1.41507 0.256303 9.94106
1.7228 0.166074 5.64483
1.52067 0.0822736 9.50062
1.67896 0.132024 5.5814
1.70958 0.0109436 10.4344
1.47227 0.157374 8.86507
1.59063 0.238624 8.29084
1.65906 0.203424 9.66419
1.59362 0.0642036 1.79944
1.62826 0.238593 6.58664
1.681 0.153144 6.18782
1.64491 0.0447936 6.68269
1.46863 0.0674636 7.73531
1.4166 0.0551336 10.2291
1.5314 0.168004 5.05418
1.52161 0.182564 11.0336
1.51991 0.22176 10.8973
1.59941 0.103914 5.76839
1.49261 0.122334 3.32247
1.64802 0.0878136 10.4545
1.56737 0.0725436 9.17467
1.67213 0.251497 5.63548
1.47571 0.0862336 7.30187
