1.53185 0.147481 5.2493
1.47208 0.311851 5.42979
1.60256 0.285941 10.0795
1.60775 0.243991 12.458
1.44574 0.211961 7.15422
1.50172 0.200131 10.5645
1.50358 0.206821 11.2394
1.72368 0.0141911 6.82659
1.65642 0.140881 8.1405
1.50761 0.0108311 13.2212
1.64401 0.0440511 11.1315
1.41995 0.287291 7.75577
1.58968 0.185521 8.09945
1.71217 0.0234811 7.26213
1.58404 0.0970811 12.7998
1.60072 0.209841 9.85298
1.48103 0.165471 4.88651
1.57025 0.182181 9.76161
1.61294 0.0774811 8.80065
1.56042 0.117051 10.6129
1.72437 0.128211 8.60217
1.66734 0.175721 11.2664
1.6688 0.173491 11.3707
1.59707 0.252761 6.80955
1.51142 0.0562411 8.85913
1.43519 0.0599111 5.27226
1.46452 0.306931 5.97961
1.49543 0.0137211 10.1091
1.56365 0.0521511 7.63856
1.4834 0.0372011 9.2042
1.45631 0.0965911 9.48219
1.64065 0.129921 6.29525
1.41438 0.109921 5.92395
1.69121 0.272431 7.5046
1.46092 0.0421711 9.01659
1.63502 0.258811 12.6634
1.45712 0.222251 7.78005
1.54813 0.0693811 6.82729
1.66594 0.311231 5.94865
1.521 0.135861 7.95658
1.57283 0.158721 8.17665
1.52421 0.154011 7.72861
1.68148 0.0228111 8.63258
1.61324 0.0618311 5.86578
1.50085 0.197861 7.12577
1.54135 0.0664411 8.85094
1.42351 0.0395111 10.1321
1.56983 0.305981 6.34104
