1.69126 0.221332 6.53953
1.52532 0.204742 10.1919
1.47479 0.206342 5.21027
1.52053 0.261132 8.02336
1.59691 0.257952 6.60112
1.52957 0.220822 10.0676
1.61405 0.213762 8.81692
1.49076 0.0771122 11.8414
1.44015 0.217262 6.13027
1.51503 0.182532 7.31655
1.52372 0.299822 13.0983
1.45312 0.146752 6.36379
1.61968 0.264212 10.097
1.49401 0.239192 7.17227
1.65571 0.0102922 11.0715
1.51586 0.178702 7.71969
1.66523 0.257162 8.87112
1.5186 0.160022 9.53535
1.41482 0.0312222 7.73634
1.60928 0.0583522 3.82463
1.45285 0.214132 6.32903
1.52033 0.0338722 6.39183
1.44804 0.268772 8.01433
1.51999 0.00145216 8.20971
1.63032 0.245272 9.47317
1.71784 0.187852 8.34567
1.42086 0.170042 7.22465
1.59705 0.242612 6.9164
1.57552 0.218492 6.5519
1.46465 0.0783822 11.5361
1.55036 0.0878422 12.6999
1.62903 0.192022 9.81325
1.57261 0.130452 7.67328
1.68512 0.188622 11.414
1.53619 0.211572 11.0413
1.46496 0.0616322 6.95572
1.6028 0.0911922 11.6204
1.72425 0.0189122 11.6245
1.62431 0.143892 9.27702
1.70335 0.308332 7.4222
1.70603 0.0325422 9.51136
1.50962 0.217732 10.3814
1.48944 0.239052 5.54356
1.49372 0.299332 6.85474
1.42718 0.0899222 7.5048
1.6901 0.0878222 9.62859
