1.57094 0.189574 6.19461
1.49313 0.284784 9.37164
1.69814 0.193414 9.54773
1.68153 0.226834 9.10726
1.63965 0.126614 7.54688
1.69001 0.109424 8.81649
1.6093 0.291504 7.76683
1.6636 0.308304 7.36461
1.61657 0.0482436 8.13816
1.50737 0.0703636 9.79795
1.49735 0.313124 10.3085
1.45738 0.117434 7.94804
1.70125 0.00883362 8.9649
1.50934 0.144204 9.26338
1.72 0.297914 6.78061
1.59068 0.0259236 8.37107
1.58038 0.0614736 8.42869
1.65069 0.291584 6.57205
1.61611 0.155044 8.42056
1.49055 0.0148536 9.9086
1.58078 0.147204 10.5699
1.4408 0.108974 10.2304
1.54834 0.0830736 5.35347
1.58014 0.00804362 7.07325
1.60623 0.111334 8.88135
1.63942 0.166194 7.49122
1.51121 0.110974 9.19404
1.46491 0.146404 9.34095
1.44291 0.0264436 7.2218
1.54596 0.169024 6.53437
1.61131 0.314024 12.0975
1.70849 0.0629536 7.53375
1.51834 0.0698236 9.51503
1.5433 0.241084 8.74354
1.70283 0.0221736 9.82356
