1.64365 0.0963161 7.18776
1.48985 0.101146 6.57907
1.52344 0.177336 5.39164
1.65218 0.0953961 9.33824
1.60936 0.0036061 9.65105
1.69398 0.172346 8.04004
1.46964 0.106886 10.8164
1.59249 0.0258761 7.87974
1.46012 0.157706 10.0605
1.48132 0.0534261 9.38908
1.58353 0.130426 8.8288
1.59931 0.0195261 7.88671
1.58481 0.267266 9.07765
1.48246 0.300026 10.1957
1.59249 0.173676 9.83798
1.4541 0.179036 11.9089
1.60666 0.126786 4.65153
1.56008 0.144266 10.6401
1.70908 0.285266 9.48351
1.4268 0.115866 7.48278
1.59827 0.0195561 8.5693
1.60213 0.0263561 5.27358
1.63531 0.141256 11.3125
1.47317 0.0895361 9.88451
1.7228 0.282656 5.64483
1.52067 0.198856 9.50062
1.71585 0.111496 10.1045
1.67896 0.248606 5.5814
1.70958 0.127526 10.4344
1.47227 0.273956 8.86507
1.4544 0.0532261 10.8479
1.59362 0.180786 1.79944
1.66493 0.0351861 4.13992
1.67068 0.0584961 7.31184
1.49846 0.0609961 9.96904
1.681 0.269726 6.18782
1.64491 0.161376 6.68269
1.45691 0.0337061 6.67278
1.46863 0.184046 7.73531
1.4166 0.171716 10.2291
1.56995 0.0243061 10.9693
1.5314 0.284586 5.05418
1.52161 0.299146 11.0336
1.59941 0.220496 5.76839
1.49261 0.238916 3.32247
1.64802 0.204396 10.4545
1.56737 0.189126 9.17467
1.61347 0.0696161 12.2061
1.47571 0.202816 7.30187
1.62887 0.0315561 10.4939
