1.64365 0.145403 7.18776
1.71404 0.00984348 9.70339
1.48985 0.150233 6.57907
1.52344 0.226423 5.39164
1.43573 0.0486235 5.41518
1.65218 0.144483 9.33824
1.70721 0.0121035 7.33901
1.60936 0.0526935 9.65105
1.69398 0.221433 8.04004
1.46964 0.155973 10.8164
1.59249 0.0749635 7.87974
1.46012 0.206793 10.0605
1.48132 0.102513 9.38908
1.58353 0.179513 8.8288
1.59931 0.0686135 7.88671
1.59249 0.222763 9.83798
1.4541 0.228123 11.9089
1.60666 0.175873 4.65153
1.56008 0.193353 10.6401
1.4268 0.164953 7.48278
1.59827 0.0686435 8.5693
1.60213 0.0754435 5.27358
1.63531 0.190343 11.3125
1.72652 0.00725348 9.18662
1.47317 0.138623 9.88451
1.65499 0.0333235 8.01684
1.52067 0.247943 9.50062
1.71585 0.160583 10.1045
1.67896 0.297693 5.5814
1.70958 0.176613 10.4344
1.4544 0.102313 10.8479
1.66064 0.0305135 11.0462
1.59362 0.229873 1.79944
1.66493 0.0842735 4.13992
1.67068 0.107583 7.31184
1.49846 0.110083 9.96904
1.64491 0.210463 6.68269
1.45691 0.0827935 6.67278
1.46863 0.233133 7.73531
1.4166 0.220803 10.2291
1.46823 0.00147348 9.37908
1.56995 0.0733935 10.9693
1.59941 0.269583 5.76839
1.49261 0.288003 3.32247
1.64802 0.253483 10.4545
1.56737 0.238213 9.17467
1.61347 0.118703 12.2061
1.62247 0.0271435 9.28645
1.47107 0.00490348 9.39051
1.47571 0.251903 7.30187
1.62887 0.0806435 10.4939
