1.56681 0.180823 7.32341
1.48472 0.0339026 6.45865
1.56849 0.168813 7.17194
1.62098 0.0468326 10.3407
1.62448 0.163783 12.5877
1.59605 0.00307256 6.20019
1.62665 0.146073 8.73111
1.42261 0.309483 8.81692
1.60823 0.0484226 6.80289
1.56115 0.0608426 7.0433
1.70687 0.168903 7.16549
1.46427 0.106013 11.0715
1.58343 0.0727926 6.78599
1.63247 0.124333 8.44774
1.41784 0.154073 3.82463
1.54203 0.130223 11.8953
1.5264 0.283573 8.34567
1.61576 0.210633 8.08046
1.60352 0.239413 5.77223
1.60598 0.138263 9.98738
1.57979 0.281043 7.09459
1.41666 0.0202026 8.51963
1.71798 0.298683 11.9306
1.43759 0.287743 9.81325
1.62452 0.0968426 10.0118
1.57316 0.245803 8.02934
1.49368 0.284343 11.414
1.61286 0.221603 8.04949
1.67508 0.213663 9.95921
1.54558 0.200653 8.86796
1.53281 0.114633 11.6245
1.6416 0.227143 3.61214
1.43287 0.239613 9.27702
1.43047 0.0758326 8.56464
1.44246 0.0584226 8.59993
1.51459 0.128263 9.51136
1.6095 0.0761326 11.9383
1.49866 0.183543 9.62859
