1.49494 0.289425 5.49643
1.48985 0.00174414 6.57907
1.52344 0.0779341 5.39164
1.69398 0.0729441 8.04004
1.46964 0.00748414 10.8164
1.45007 0.280007 8.70002
1.46012 0.0583041 10.0605
1.58353 0.0310241 8.8288
1.42463 0.310222 11.5783
1.58481 0.167864 9.07765
1.48246 0.200624 10.1957
1.59249 0.0742741 9.83798
1.4541 0.0796341 11.9089
1.60666 0.0273841 4.65153
1.58136 0.283919 8.61454
1.44641 0.224974 8.2235
1.56008 0.0448641 10.6401
1.70908 0.185864 9.48351
1.4268 0.0164641 7.48278
1.52921 0.270096 7.47052
1.46039 0.268756 5.86824
1.63531 0.0418541 11.3125
1.41507 0.273484 9.94106
1.7228 0.183254 5.64483
1.52067 0.0994541 9.50062
1.71585 0.0120941 10.1045
1.67896 0.149204 5.5814
1.70958 0.0281241 10.4344
1.47227 0.174554 8.86507
1.59063 0.255805 8.29084
1.65906 0.220604 9.66419
1.59362 0.0813841 1.79944
1.62826 0.255774 6.58664
1.681 0.170324 6.18782
1.64491 0.0619741 6.68269
1.46863 0.0846441 7.73531
1.4166 0.0723141 10.2291
1.5314 0.185184 5.05418
1.52161 0.199744 11.0336
1.51991 0.238941 10.8973
1.59941 0.121094 5.76839
1.49261 0.139514 3.32247
1.64802 0.104994 10.4545
1.56737 0.0897241 9.17467
1.67213 0.268677 5.63548
1.47571 0.103414 7.30187
