1.46586 0.0803161 7.34627
1.72463 0.0900361 12.0433
1.47176 0.0778561 7.9443
1.62516 0.0926361 8.89745
1.42193 0.286376 12.5412
1.56692 0.193286 10.1573
1.70354 0.219026 6.92432
1.70317 0.226146 10.6023
1.41462 0.0499661 6.8438
1.46269 0.0797461 10.4809
1.63526 0.0530061 6.12329
1.67076 0.142226 10.248
1.5109 0.127126 9.05278
1.438 0.243316 11.7962
1.56577 0.124166 7.48382
1.56475 0.142596 7.6065
1.60011 0.291656 7.17228
1.44641 0.245416 6.37953
1.6814 0.111846 7.25093
1.44972 0.297106 7.9826
1.54725 0.119756 9.31824
1.53216 0.239386 9.22614
1.50586 0.241316 6.55013
1.44859 0.286976 8.39931
1.6029 0.298706 11.6453
1.6518 0.0699061 7.05007
1.72383 0.236526 2.86335
1.54916 0.269256 5.34713
1.4828 0.276836 11.87
1.47229 0.0688161 8.9252
1.50235 0.0229761 8.02927
1.61034 0.0163661 5.35547
1.42386 0.217366 8.88217
1.49797 0.0952561 7.94901
1.6824 0.136486 10.6196
1.55263 0.265636 8.30364
1.55643 0.0527461 8.96659
1.6392 0.260336 8.85975
1.65335 0.233646 7.24938
1.42434 0.0206661 6.09565
1.50258 0.128336 6.99795
1.50772 0.272796 8.2391
1.69821 0.166366 6.44337
1.47037 0.208646 6.55971
1.60705 0.121886 9.26881
1.4508 0.266556 9.40187
