1.46081 0.244492 10.1494
1.5403 0.213912 5.25027
1.42394 0.0960021 7.47419
1.7066 0.00285214 8.6107
1.66676 0.257542 5.85759
1.41515 0.141402 11.8625
1.64229 0.189762 7.17606
1.68642 0.00480214 7.2562
1.69487 0.0986121 7.14469
1.44881 0.105022 7.31622
1.46538 0.0320521 8.50235
1.43574 0.0295721 8.22871
1.65351 0.299712 9.59314
1.61309 0.266672 9.18508
1.47449 0.0916621 4.35333
1.43352 0.288292 7.68192
1.5617 0.273542 9.04583
1.63089 0.0445621 8.44953
1.43506 0.214462 9.98557
1.60468 0.293662 4.94342
1.50148 0.151082 8.99765
1.56524 0.155312 7.66807
1.59961 0.193332 11.9139
1.42245 0.287532 10.1051
1.41967 0.217462 11.5685
1.6842 0.0139421 5.91364
1.60027 0.0978521 7.61263
1.66983 0.287392 7.86821
1.72672 0.211032 7.07662
1.55698 0.0120821 11.683
1.542 0.274662 7.06029
1.58417 0.140892 10.8821
1.57792 0.300692 5.51205
1.43787 0.290312 9.31114
1.60548 0.0119121 9.63411
1.4745 0.104552 7.68837
1.6268 0.0955121 9.44892
1.7241 0.117052 9.48576
1.68904 0.212492 8.43702
