1.46255 0.27218 6.86862
1.47574 0.23877 8.13111
1.52674 0.27102 10.9825
1.51073 0.10575 7.48317
1.71616 0.22128 8.69853
1.57803 0.0214001 9.83595
1.45222 0.18954 4.83342
1.46767 0.10765 6.19134
1.43611 0.0842601 7.01074
1.70998 0.0910901 6.00485
1.49975 0.20429 9.37649
1.70392 0.00725009 8.80242
1.49151 0.0978701 4.73505
1.5008 0.23861 9.01191
1.65979 0.0140601 7.40473
1.67877 0.21552 10.1846
1.53296 0.30194 6.3685
1.66937 0.10922 10.6279
1.42669 0.25197 9.20542
1.69479 0.0706301 5.92509
1.47078 0.24089 9.14497
1.66615 0.19859 11.9504
1.60232 0.0775401 6.98397
1.71166 0.15725 12.7744
1.68396 0.0908501 9.52918
1.45748 0.0283201 10.5628
1.52171 0.0560301 10.1498
1.69034 0.12626 4.57745
1.43933 0.23203 6.67757
1.61414 0.31227 7.6935
1.66641 0.0753601 7.50102
1.5346 0.2885 9.99024
1.46885 0.15088 12.5537
1.62576 0.17936 9.22838
1.66377 0.14184 6.2887
1.66108 0.10107 10.3397
1.44821 0.29059 6.37333
1.70204 0.15398 9.15752
1.64957 0.24218 8.99324
1.44538 0.30202 7.59023
1.62782 0.0499901 11.6866
1.48778 0.18372 6.83018
1.5301 0.0932001 7.16749
1.42998 0.1383 8.34197
1.44444 0.25752 10.9833
1.63302 0.19856 8.43044
1.63726 0.0949701 9.07249
1.62539 0.13926 9.93495
1.64934 0.2115 8.03211
1.54084 0.0290801 6.43828
1.72424 0.23458 6.16866
