1.49136 0.123694 7.21136
1.45814 0.112594 8.27018
1.46885 0.207264 5.18956
1.52624 0.258874 9.63044
1.60355 0.195564 12.5412
1.49278 0.113374 4.93978
1.46832 0.0911444 5.76332
1.55631 0.306264 7.73981
1.52134 0.136814 9.01314
1.48578 0.165104 9.69773
1.71075 0.257364 7.7608
1.57477 0.0230644 8.74073
1.51208 0.00784443 9.38867
1.4228 0.0652644 8.46639
1.44045 0.138214 8.76033
1.69253 0.0363144 9.05278
1.61962 0.152504 11.7962
1.47169 0.160644 6.28263
1.54686 0.0128244 9.46531
1.62804 0.154604 6.37953
1.42953 0.307574 7.16549
1.63135 0.206294 7.9826
1.56809 0.151534 7.87684
1.67009 0.244134 9.71725
1.49411 0.00346443 7.72788
1.71379 0.148574 9.22614
1.68749 0.150504 6.55013
1.48458 0.285364 8.13112
1.63022 0.196164 8.39931
1.66443 0.186024 11.87
1.49847 0.0856144 9.29426
1.45859 0.263714 8.55428
1.6115 0.311454 8.09062
1.60549 0.126554 8.88217
1.6796 0.00444443 7.94901
1.4362 0.101904 9.75953
1.54276 0.0160844 5.73656
1.557 0.0761744 7.24223
1.55187 0.148584 7.66866
1.4709 0.260664 7.27102
1.48147 0.119514 6.74294
1.68421 0.0375244 6.99795
1.62839 0.274814 5.1787
1.68935 0.181984 8.2391
1.47178 0.293494 6.46419
1.58346 0.303154 9.66441
1.652 0.117834 6.55971
1.63243 0.175744 9.40187
1.44354 0.0794544 10.0623
