1.56587 0.0770856 10.7507
1.55819 0.150776 9.70355
1.46423 0.0828956 9.21391
1.70138 0.305646 11.5523
1.58077 0.132886 4.49879
1.4831 0.0629156 9.80259
1.60729 0.282136 4.90543
1.71 0.308796 6.02329
1.69998 0.0688756 7.8833
1.56298 0.0899056 7.84762
1.58391 0.308626 8.84598
1.67486 0.286046 8.97658
1.63691 0.233086 9.21965
1.42174 0.287406 8.51821
1.69207 0.224546 10.3889
1.65903 0.146306 8.10052
1.60202 0.224536 8.75283
1.51469 0.233586 10.158
1.44128 0.0145856 9.57321
1.51083 0.0749356 9.39325
1.41568 0.120716 7.46348
1.45144 0.147346 6.21301
1.51753 0.137666 9.48503
1.51328 0.122446 9.27945
1.70568 0.269996 10.331
1.5671 0.156566 8.29129
1.67082 0.212776 6.61368
1.67356 0.0375956 9.5182
1.66727 0.304416 8.89808
1.59485 0.228436 5.98188
1.49628 0.308096 8.55271
1.57035 0.270106 9.89814
1.66723 0.0561656 6.68258
1.42617 0.253106 10.6139
1.72029 0.0203256 7.22465
1.44168 0.206046 9.8477
1.50125 0.175996 8.25778
1.63577 0.255686 7.46354
1.61274 0.00479564 5.51908
1.51843 0.190336 12.9376
1.72771 0.287376 8.2417
1.52875 0.0750856 9.466
1.56613 0.0536456 7.33525
1.51937 0.0109256 11.7481
1.67986 0.0370556 8.03522
1.52476 0.178246 7.04974
1.58947 0.281856 9.93891
