1.51164 0.247636 6.86862
1.52483 0.214226 8.13111
1.57583 0.246476 10.9825
1.45465 0.225026 12.0433
1.55982 0.0812064 7.48317
1.43165 0.0732164 7.56495
1.50131 0.164996 4.83342
1.51676 0.0831064 6.19134
1.43937 0.0784264 6.40262
1.4852 0.0597164 7.01074
1.54884 0.179746 9.37649
1.5406 0.0733264 4.73505
1.54989 0.214066 9.01191
1.44585 0.0990364 5.86146
1.42128 0.0103864 8.72814
1.72786 0.190976 10.1846
1.58205 0.277396 6.3685
1.71846 0.0846764 10.6279
1.47578 0.227426 9.20542
1.43707 0.0316764 7.24413
1.51987 0.216346 9.14497
1.71524 0.174046 11.9504
1.65141 0.0529964 6.98397
1.44442 0.0066464 10.6118
1.50657 0.0037764 10.5628
1.43805 0.0606564 6.53623
1.5708 0.0314864 10.1498
1.48842 0.207486 6.67757
1.66323 0.287726 7.6935
1.7155 0.0508164 7.50102
1.58369 0.263956 9.99024
1.51794 0.126336 12.5537
1.67485 0.154816 9.22838
1.71286 0.117296 6.2887
1.71017 0.0765264 10.3397
1.4973 0.266046 6.37333
1.69866 0.217636 8.99324
1.42823 0.301356 6.44337
1.49447 0.277476 7.59023
1.67691 0.0254464 11.6866
1.53687 0.159176 6.83018
1.57919 0.0686564 7.16749
1.47907 0.113756 8.34197
1.64641 0.306746 6.92325
1.49353 0.232976 10.9833
1.68211 0.174016 8.43044
1.68635 0.0704264 9.07249
1.46102 0.167716 10.957
1.58287 0.301716 9.55998
1.67448 0.114716 9.93495
1.69843 0.186956 8.03211
1.58993 0.0045364 6.43828
