1.43462 0.0887221 8.37516
1.65976 0.299982 7.34627
1.66566 0.297522 7.9443
1.51929 0.227362 10.1369
1.6354 0.211852 9.96675
1.47687 0.140662 9.80098
1.49247 0.105132 7.66217
1.51216 0.261292 8.01622
1.4842 0.0933821 7.39753
1.44586 0.150472 7.1591
1.53645 0.233182 8.31697
1.44699 0.0795121 8.10658
1.55563 0.200462 9.96321
1.60851 0.269632 6.8438
1.65659 0.299412 10.4809
1.71505 0.135512 10.6318
1.70461 0.128942 6.0343
1.54437 0.123342 10.4059
1.6499 0.113502 8.08206
1.57789 0.00783214 11.6119
1.54606 0.109542 10.3578
1.50638 0.313942 7.72788
1.61606 0.0364921 8.01005
1.52973 0.114292 8.65119
1.63314 0.0168321 7.89155
1.41563 0.00495214 8.37628
1.61982 0.0182821 11.4016
1.65146 0.124662 6.9326
1.66619 0.288482 8.9252
1.69625 0.242642 8.02927
1.54995 0.0435221 6.79222
1.53538 0.298522 9.21138
1.47544 0.225812 10.292
1.43329 0.170932 10.8239
1.45433 0.300332 6.02306
1.53139 0.274462 12.1938
1.5985 0.267272 9.6112
1.44434 0.166672 7.59257
1.61823 0.240332 6.09565
1.65453 0.104842 8.72271
1.47747 0.0322821 9.43116
1.69659 0.0825321 6.53478
1.53748 0.208612 6.01365
1.62409 0.170212 7.62991
1.45751 0.114002 8.88375
1.49729 0.113442 11.3858
1.68999 0.118682 6.89079
