1.72279 0.307521 8.13136
1.51576 0.0195506 10.1853
1.5959 0.277731 8.69853
1.45777 0.0778506 9.83595
1.66694 0.282251 7.92899
1.6385 0.208861 9.39184
1.58972 0.147541 6.00485
1.58366 0.0637006 8.80242
1.58981 0.0200706 9.6439
1.6621 0.212731 9.35374
1.47765 0.00868058 6.16769
1.53953 0.0705106 7.40473
1.56946 0.0398906 6.64655
1.55851 0.271971 10.1846
1.54911 0.165671 10.6279
1.67093 0.258141 11.9338
1.57453 0.127081 5.92509
1.54589 0.255041 11.9504
1.62275 0.123971 9.6978
1.48206 0.133991 6.98397
1.5914 0.213701 12.7744
1.60814 0.121881 9.42632
1.64311 0.109391 7.91843
1.5637 0.147301 9.52918
1.52447 0.0123806 7.55029
1.63971 0.280101 8.95233
1.57008 0.182711 4.57745
1.65118 0.0501306 10.4128
1.54615 0.131811 7.50102
1.61102 0.185561 9.03485
1.5055 0.235811 9.22838
1.54351 0.198291 6.2887
1.54082 0.157521 10.3397
1.72081 0.297861 7.56544
1.58178 0.210431 9.15752
1.52931 0.298631 8.99324
1.69407 0.286481 9.73365
1.50756 0.106441 11.6866
1.68159 0.269041 5.02904
1.69851 0.179091 7.92413
1.64726 0.163141 8.68781
1.60954 0.224331 8.16371
1.51276 0.255011 8.43044
1.517 0.151421 9.07249
1.47849 0.0497206 8.42762
1.50513 0.195711 9.93495
1.52908 0.267951 8.03211
1.42058 0.0855306 6.43828
1.60398 0.291031 6.16866
1.42789 0.0420806 5.13396
