1.72279 0.157804 8.13136
1.5959 0.128014 8.69853
1.65774 0.243674 9.42983
1.66744 0.186604 7.42089
1.66694 0.132534 7.92899
1.6385 0.0591441 9.39184
1.66946 0.292504 7.37324
1.6621 0.0630141 9.35374
1.55851 0.122254 10.1846
1.54911 0.0159541 10.6279
1.67093 0.108424 11.9338
1.54589 0.105324 11.9504
1.5914 0.0639841 12.7744
1.60484 0.254964 6.94769
1.71962 0.180974 9.14889
1.50811 0.245994 10.5855
1.63971 0.130384 8.95233
1.57008 0.0329941 4.57745
1.57528 0.227144 9.40788
1.49388 0.219004 7.6935
1.41434 0.195234 9.99024
1.48821 0.260164 8.92796
1.61102 0.0358441 9.03485
1.5055 0.0860941 9.22838
1.54351 0.0485741 6.2887
1.54082 0.00780406 10.3397
1.72081 0.148144 7.56544
1.58178 0.0607141 9.15752
1.52931 0.148914 8.99324
1.69407 0.136764 9.73365
1.6687 0.186904 8.25033
1.68159 0.119324 5.02904
1.56469 0.282644 12.3679
1.69851 0.0293741 7.92413
1.70374 0.197204 9.7349
1.64726 0.0134241 8.68781
1.60954 0.0746141 8.16371
1.47706 0.238024 6.92325
1.51276 0.105294 8.43044
1.517 0.00170406 9.07249
1.50513 0.0459941 9.93495
1.52908 0.118234 8.03211
1.44913 0.310594 6.26427
1.60398 0.141314 6.16866
