1.64365 0.246033 7.18776
1.49313 0.0454826 9.37164
1.71404 0.110473 9.70339
1.63709 0.0862026 9.44493
1.48985 0.250863 6.57907
1.43573 0.149253 5.41518
1.65218 0.245113 9.33824
1.70721 0.112733 7.33901
1.6093 0.0522026 7.76683
1.60936 0.153323 9.65105
1.6636 0.0690026 7.36461
1.46964 0.256603 10.8164
1.59249 0.175593 7.87974
1.46012 0.307423 10.0605
1.48132 0.203143 9.38908
1.58353 0.280143 8.8288
1.59931 0.169243 7.88671
1.60666 0.276503 4.65153
1.54492 0.0993526 11.2008
1.56008 0.293983 10.6401
1.49735 0.0738226 10.3085
1.4268 0.265583 7.48278
1.59827 0.169273 8.5693
1.72 0.0586126 6.78061
1.60213 0.176073 5.27358
1.63531 0.290973 11.3125
1.72652 0.107883 9.18662
1.57886 0.0801326 10.926
1.47317 0.239253 9.88451
1.65069 0.0522826 6.57205
1.65499 0.133953 8.01684
1.71585 0.261213 10.1045
1.70958 0.277243 10.4344
1.4544 0.202943 10.8479
1.66064 0.131143 11.0462
1.66493 0.184903 4.13992
1.67068 0.208213 7.31184
1.49846 0.210713 9.96904
1.64491 0.311093 6.68269
1.45691 0.183423 6.67278
1.46823 0.102103 9.37908
1.56995 0.174023 10.9693
1.61347 0.219333 12.2061
1.62247 0.127773 9.28645
1.61131 0.0747226 12.0975
1.47107 0.105533 9.39051
1.44929 0.0966326 3.84092
1.5433 0.00178262 8.74354
1.62887 0.181273 10.4939
