1.58107 0.244492 10.1494
1.66056 0.213912 5.25027
1.45176 0.180842 8.05486
1.43074 0.185162 12.9946
1.52234 0.196632 8.86592
1.54421 0.0960021 7.47419
1.53541 0.141402 11.8625
1.4999 0.0262221 7.68539
1.41433 0.0901821 9.42662
1.50594 0.276762 10.1832
1.48832 0.0185921 8.58276
1.52734 0.243702 7.96303
1.42405 0.305012 8.37316
1.56908 0.105022 7.31622
1.43061 0.106952 9.26445
1.58564 0.0320521 8.50235
1.55601 0.0295721 8.22871
1.59475 0.0916621 4.35333
1.55378 0.288292 7.68192
1.68197 0.273542 9.04583
1.55533 0.214462 9.98557
1.52417 0.142782 9.91415
1.72495 0.293662 4.94342
1.62174 0.151082 8.99765
1.68551 0.155312 7.66807
1.71988 0.193332 11.9139
1.54272 0.287532 10.1051
1.53993 0.217462 11.5685
1.53125 0.0584821 8.58008
1.43485 0.279602 8.82533
1.48384 0.178302 7.08542
1.72054 0.0978521 7.61263
1.46938 0.0604421 10.6433
1.67725 0.0120821 11.683
1.66226 0.274662 7.06029
1.70443 0.140892 10.8821
1.69819 0.300692 5.51205
1.55813 0.290312 9.31114
1.72574 0.0119121 9.63411
1.42213 0.0360321 8.87567
1.59477 0.104552 7.68837
1.46847 0.145732 7.65382
1.51622 0.259892 5.90922
1.44858 0.223162 5.52954
