1.45099 0.244492 10.1494
1.53048 0.213912 5.25027
1.41413 0.0960021 7.47419
1.69679 0.00285214 8.6107
1.65694 0.257542 5.85759
1.63247 0.189762 7.17606
1.6766 0.00480214 7.2562
1.68505 0.0986121 7.14469
1.43899 0.105022 7.31622
1.71927 0.188902 6.96768
1.45556 0.0320521 8.50235
1.42593 0.0295721 8.22871
1.6437 0.299712 9.59314
1.60327 0.266672 9.18508
1.46467 0.0916621 4.35333
1.4237 0.288292 7.68192
1.55188 0.273542 9.04583
1.62108 0.0445621 8.44953
1.42525 0.214462 9.98557
1.59486 0.293662 4.94342
1.49166 0.151082 8.99765
1.55542 0.155312 7.66807
1.5898 0.193332 11.9139
1.67438 0.0139421 5.91364
1.59046 0.0978521 7.61263
1.66001 0.287392 7.86821
1.7169 0.211032 7.07662
1.54716 0.0120821 11.683
1.53218 0.274662 7.06029
1.57435 0.140892 10.8821
1.5681 0.300692 5.51205
1.42805 0.290312 9.31114
1.59566 0.0119121 9.63411
1.46468 0.104552 7.68837
1.61699 0.0955121 9.44892
1.71428 0.117052 9.48576
1.67922 0.212492 8.43702
