1.72695 0.256526 8.00685
1.55208 0.188186 7.32341
1.46999 0.0412657 6.45865
1.55376 0.176176 7.17194
1.60625 0.0541957 10.3407
1.60975 0.171146 12.5877
1.58133 0.0104357 6.20019
1.61192 0.153436 8.73111
1.70306 0.00690567 8.76033
1.5935 0.0557857 6.80289
1.54642 0.0682057 7.0433
1.69214 0.176266 7.16549
1.44954 0.113376 11.0715
1.5687 0.0801557 6.78599
1.61775 0.131696 8.44774
1.52731 0.137586 11.8953
1.72121 0.132406 8.55428
1.51167 0.290936 8.34567
1.60103 0.217996 8.08046
1.58879 0.246776 5.77223
1.59125 0.145626 9.98738
1.56506 0.288406 7.09459
1.70325 0.306046 11.9306
1.42286 0.295106 9.81325
1.6098 0.104206 10.0118
1.55843 0.253166 8.02934
1.47895 0.291706 11.414
1.59813 0.228966 8.04949
1.66035 0.221026 9.95921
1.53085 0.208016 8.86796
1.51808 0.121996 11.6245
1.62687 0.234506 3.61214
1.41814 0.246976 9.27702
1.41575 0.0831957 8.56464
1.42773 0.0657857 8.59993
1.49987 0.135626 9.51136
1.59478 0.0834957 11.9383
1.48394 0.190906 9.62859
