1.57094 0.179756 6.19461
1.49313 0.274966 9.37164
1.69814 0.183596 9.54773
1.68153 0.217016 9.10726
1.63965 0.116796 7.54688
1.69001 0.0996061 8.81649
1.6093 0.281686 7.76683
1.6636 0.298486 7.36461
1.61657 0.0384261 8.13816
1.50737 0.0605461 9.79795
1.49735 0.303306 10.3085
1.45738 0.107616 7.94804
1.50934 0.134386 9.26338
1.72 0.288096 6.78061
1.59068 0.0161061 8.37107
1.58038 0.0516561 8.42869
1.57886 0.309616 10.926
1.65069 0.281766 6.57205
1.61611 0.145226 8.42056
1.49055 0.00503615 9.9086
1.58078 0.137386 10.5699
1.4408 0.0991561 10.2304
1.54834 0.0732561 5.35347
1.60623 0.101516 8.88135
1.63942 0.156376 7.49122
1.51121 0.101156 9.19404
1.46491 0.136586 9.34095
1.44291 0.0166261 7.2218
1.54596 0.159206 6.53437
1.61131 0.304206 12.0975
1.70849 0.0531361 7.53375
1.51834 0.0600061 9.51503
1.5433 0.231266 8.74354
1.70283 0.0123561 9.82356
