1.61625 0.286562 11.2358
1.49494 0.257518 5.49643
1.52344 0.0460273 5.39164
1.69398 0.0410373 8.04004
1.45007 0.2481 8.70002
1.46012 0.0263973 10.0605
1.42463 0.278315 11.5783
1.58481 0.135957 9.07765
1.48246 0.168717 10.1957
1.59249 0.0423673 9.83798
1.4541 0.0477273 11.9089
1.58136 0.252012 8.61454
1.44641 0.193067 8.2235
1.56008 0.0129573 10.6401
1.70908 0.153957 9.48351
1.58665 0.294306 9.15397
1.52921 0.238189 7.47052
1.46039 0.236849 5.86824
1.63531 0.00994734 11.3125
1.41507 0.241577 9.94106
1.7228 0.151347 5.64483
1.52067 0.0675473 9.50062
1.67896 0.117297 5.5814
1.47227 0.142647 8.86507
1.59063 0.223898 8.29084
1.65906 0.188697 9.66419
1.59362 0.0494773 1.79944
1.62826 0.223867 6.58664
1.681 0.138417 6.18782
1.64491 0.0300673 6.68269
1.46863 0.0527373 7.73531
1.4166 0.0404073 10.2291
1.5314 0.153277 5.05418
1.52161 0.167837 11.0336
1.51991 0.207034 10.8973
1.59941 0.0891873 5.76839
1.49261 0.107607 3.32247
1.64802 0.0730873 10.4545
1.56737 0.0578173 9.17467
1.67213 0.23677 5.63548
1.47571 0.0715073 7.30187
