1.55162 0.244492 10.1494
1.63111 0.213912 5.25027
1.42231 0.180842 8.05486
1.49289 0.196632 8.86592
1.51476 0.0960021 7.47419
1.50596 0.141402 11.8625
1.47044 0.0262221 7.68539
1.47649 0.276762 10.1832
1.45887 0.0185921 8.58276
1.49788 0.243702 7.96303
1.53962 0.105022 7.31622
1.55619 0.0320521 8.50235
1.52656 0.0295721 8.22871
1.7039 0.266672 9.18508
1.5653 0.0916621 4.35333
1.52433 0.288292 7.68192
1.65251 0.273542 9.04583
1.7217 0.0445621 8.44953
1.52588 0.214462 9.98557
1.49471 0.142782 9.91415
1.69549 0.293662 4.94342
1.59229 0.151082 8.99765
1.65605 0.155312 7.66807
1.69043 0.193332 11.9139
1.51326 0.287532 10.1051
1.51048 0.217462 11.5685
1.5018 0.0584821 8.58008
1.45439 0.178302 7.08542
1.69109 0.0978521 7.61263
1.43992 0.0604421 10.6433
1.64779 0.0120821 11.683
1.63281 0.274662 7.06029
1.67498 0.140892 10.8821
1.66873 0.300692 5.51205
1.52868 0.290312 9.31114
1.69629 0.0119121 9.63411
1.56531 0.104552 7.68837
1.43901 0.145732 7.65382
1.48677 0.259892 5.90922
1.71762 0.0955121 9.44892
1.41913 0.223162 5.52954
