1.48219 0.262363 6.86862
1.49538 0.228953 8.13111
1.54638 0.261203 10.9825
1.4252 0.239753 12.0433
1.53037 0.0959326 7.48317
1.59767 0.0115826 9.83595
1.47186 0.179723 4.83342
1.48731 0.0978326 6.19134
1.45575 0.0744426 7.01074
1.51939 0.194473 9.37649
1.51115 0.0880526 4.73505
1.52044 0.228793 9.01191
1.4164 0.113763 5.86146
1.67943 0.00424261 7.40473
1.69841 0.205703 10.1846
1.5526 0.292123 6.3685
1.68901 0.0994026 10.6279
1.44633 0.242153 9.20542
1.71443 0.0608126 5.92509
1.49042 0.231073 9.14497
1.68579 0.188773 11.9504
1.62196 0.0677226 6.98397
1.41497 0.0213726 10.6118
1.7036 0.0810326 9.52918
1.47712 0.0185026 10.5628
1.54135 0.0462126 10.1498
1.70998 0.116443 4.57745
1.71518 0.310593 9.40788
1.45897 0.222213 6.67757
1.63378 0.302453 7.6935
1.68605 0.0655426 7.50102
1.55424 0.278683 9.99024
1.48849 0.141063 12.5537
1.6454 0.169543 9.22838
1.68341 0.132023 6.2887
1.68072 0.0912526 10.3397
1.46785 0.280773 6.37333
1.72168 0.144163 9.15752
1.66921 0.232363 8.99324
1.46502 0.292203 7.59023
1.64746 0.0401726 11.6866
1.50742 0.173903 6.83018
1.54974 0.0833826 7.16749
1.44962 0.128483 8.34197
1.46408 0.247703 10.9833
1.65266 0.188743 8.43044
1.6569 0.0851526 9.07249
1.43157 0.182443 10.957
1.64503 0.129443 9.93495
1.66898 0.201683 8.03211
1.56048 0.0192626 6.43828
