1.42175 0.265768 8.13111
1.47275 0.298018 10.9825
1.45674 0.132748 7.48317
1.66217 0.248278 8.69853
1.52404 0.0483982 9.83595
1.70477 0.179408 9.39184
1.65599 0.118088 6.00485
1.44576 0.231288 9.37649
1.64993 0.0342482 8.80242
1.43752 0.124868 4.73505
1.44681 0.265608 9.01191
1.6058 0.0410582 7.40473
1.63573 0.0104382 6.64655
1.62478 0.242518 10.1846
1.61538 0.136218 10.6279
1.43777 0.0152382 8.39158
1.6408 0.0976282 5.92509
1.41679 0.267888 9.14497
1.61216 0.225588 11.9504
1.68902 0.0945182 9.6978
1.54833 0.104538 6.98397
1.65767 0.184248 12.7744
1.67441 0.0924282 9.42632
1.70938 0.0799382 7.91843
1.62997 0.117848 9.52918
1.46772 0.0830282 10.1498
1.70598 0.250648 8.95233
1.63635 0.153258 4.57745
1.71745 0.0206782 10.4128
1.61242 0.102358 7.50102
1.41486 0.177878 12.5537
1.67729 0.156108 9.03485
1.57177 0.206358 9.22838
1.60978 0.168838 6.2887
1.60709 0.128068 10.3397
1.64805 0.180978 9.15752
1.59558 0.269178 8.99324
1.44296 0.0219182 10.3412
1.57383 0.0769882 11.6866
1.43379 0.210718 6.83018
1.47611 0.120198 7.16749
1.71353 0.133688 8.68781
1.67581 0.194878 8.16371
1.57903 0.225558 8.43044
1.58327 0.121968 9.07249
1.54476 0.0202682 8.42762
1.5714 0.166258 9.93495
1.59535 0.238498 8.03211
1.48685 0.0560782 6.43828
1.67025 0.261578 6.16866
1.49416 0.0126282 5.13396
