1.52927 0.302326 6.53953
1.59626 0.166096 7.32341
1.51417 0.0191763 6.45865
1.59794 0.154086 7.17194
1.65043 0.0321063 10.3407
1.42592 0.0690263 10.3827
1.65393 0.149056 12.5877
1.6561 0.131346 8.73111
1.45206 0.294756 8.81692
1.63768 0.0336963 6.80289
1.5906 0.0461163 7.0433
1.49372 0.0912863 11.0715
1.61288 0.0580663 6.78599
1.66193 0.109606 8.44774
1.44729 0.139346 3.82463
1.57149 0.115496 11.8953
1.55585 0.268846 8.34567
1.64521 0.195906 8.08046
1.63297 0.224686 5.77223
1.63543 0.123536 9.98738
1.60924 0.266316 7.09459
1.44611 0.00547635 8.51963
1.46704 0.273016 9.81325
1.65398 0.0821163 10.0118
1.60261 0.231076 8.02934
1.52313 0.269616 11.414
1.64231 0.206876 8.04949
1.70453 0.198936 9.95921
1.57503 0.185926 8.86796
1.44082 0.172186 11.6204
1.56226 0.0999063 11.6245
1.67105 0.212416 3.61214
1.46232 0.224886 9.27702
1.45993 0.0611063 8.56464
1.47191 0.0436963 8.59993
1.54404 0.113536 9.51136
1.63895 0.0614063 11.9383
1.52811 0.168816 9.62859
