1.71045 0.148234 6.86862
1.72364 0.114824 8.13111
1.65346 0.125624 12.0433
1.66256 0.227464 10.6259
1.55399 0.128224 8.89745
1.70012 0.0655944 4.83342
1.49575 0.228874 10.1573
1.63237 0.254614 6.92432
1.632 0.261734 10.6023
1.56409 0.0885944 6.12329
1.59959 0.177814 10.248
1.43973 0.162714 9.05278
1.4946 0.159754 7.48382
1.49358 0.178184 7.6065
1.67459 0.128024 9.20542
1.71868 0.116944 9.14497
1.61023 0.147434 7.25093
1.47608 0.155344 9.31824
1.46099 0.274974 9.22614
1.43469 0.276904 6.55013
1.58063 0.105494 7.05007
1.65266 0.272114 2.86335
1.47799 0.304844 5.34713
1.68723 0.108084 6.67757
1.43118 0.0585644 8.02927
1.53917 0.0519544 5.35547
1.71675 0.0269344 12.5537
1.4268 0.130844 7.94901
1.61123 0.172074 10.6196
1.48146 0.301224 8.30364
1.48526 0.0883344 8.96659
1.56803 0.295924 8.85975
1.69611 0.166644 6.37333
1.58218 0.269234 7.24938
1.71397 0.300954 9.80952
1.43141 0.163924 6.99795
1.59411 0.0319644 2.59703
1.43655 0.308384 8.2391
1.62704 0.201954 6.44337
1.69328 0.178074 7.59023
1.67788 0.0143544 8.34197
1.69234 0.133574 10.9833
1.65983 0.0683144 10.957
1.53588 0.157474 9.26881
