1.57094 0.259523 6.19461
1.69814 0.263363 9.54773
1.68153 0.296783 9.10726
1.48821 0.0512931 10.1985
1.63965 0.196563 7.54688
1.69001 0.179373 8.81649
1.66946 0.0139331 7.37324
1.70221 0.0632431 14.0718
1.61657 0.118193 8.13816
1.50737 0.140313 9.79795
1.44663 0.0368431 6.81326
1.45738 0.187383 7.94804
1.70125 0.0787831 8.9649
1.50934 0.214153 9.26338
1.59068 0.0958731 8.37107
1.58038 0.131423 8.42869
1.61611 0.224993 8.42056
1.49055 0.0848031 9.9086
1.58078 0.217153 10.5699
1.4408 0.178923 10.2304
1.54834 0.153023 5.35347
1.58014 0.0779931 7.07325
1.60623 0.181283 8.88135
1.63942 0.236143 7.49122
1.63849 0.0693531 7.57258
1.5905 0.0604931 7.9849
1.51121 0.180923 9.19404
1.46491 0.216353 9.34095
1.44291 0.0963931 7.2218
1.54596 0.238973 6.53437
1.56469 0.00407315 12.3679
1.70849 0.132903 7.53375
1.51834 0.139773 9.51503
1.5433 0.311033 8.74354
1.70283 0.0921231 9.82356
1.44913 0.0320231 6.26427
