1.4422 0.122106 10.0326
1.70064 0.280396 8.90281
1.64139 0.108876 7.83831
1.49011 0.313996 11.7371
1.45477 0.243736 10.873
1.49644 0.171486 8.57833
1.70056 0.259856 8.17431
1.54064 0.168286 8.04085
1.67815 0.054326 9.97669
1.43198 0.230586 12.4246
1.69495 0.278886 6.57714
1.71466 0.046356 10.4727
1.65824 0.126556 8.41439
1.61974 0.297496 7.72265
1.45978 0.210006 9.47512
1.59342 0.255176 6.38876
1.50992 0.272456 11.5704
1.42865 0.264926 12.4949
1.72429 0.060016 8.50433
1.45977 0.113176 7.94907
1.5061 0.059526 9.69777
1.63883 0.243506 5.89735
1.6464 0.269096 10.8744
1.64272 0.122896 9.21655
1.70432 0.095096 8.22786
1.72242 0.118316 10.1704
1.62245 0.201516 5.2127
1.45821 0.156386 10.9849
1.56328 0.096106 9.11596
1.54665 0.199026 8.8865
1.6733 0.051366 10.5989
1.5092 0.071476 8.8961
1.65282 0.165956 7.74214
1.70738 0.167016 9.22537
1.46267 0.277646 12.2699
1.72088 0.313406 6.67414
1.41822 0.237546 8.98904
1.51976 0.015686 5.10995
1.57544 0.232316 5.61222
1.44328 0.260676 11.5061
1.67137 0.215296 11.3588
1.55646 0.111976 9.34989
1.47195 0.263686 8.26861
1.71046 0.231366 5.26847
