1.71126 0.0911425 6.35737
1.68576 0.176382 5.94039
1.44349 0.103302 5.2493
1.65649 0.0670525 9.89792
1.5142 0.241762 10.0795
1.51939 0.199812 12.458
1.71537 0.228322 11.3613
1.41523 0.162642 11.2394
1.56806 0.0967025 8.1405
1.72296 0.185512 7.58633
1.50132 0.141342 8.09945
1.49569 0.0529025 12.7998
1.51237 0.165662 9.85298
1.64739 0.0271025 5.04181
1.4819 0.138002 9.76161
1.52459 0.0333025 8.80065
1.66743 0.160282 9.52581
1.52017 0.308632 7.60748
1.51693 0.282652 7.75364
1.6734 0.236242 11.7225
1.65789 0.310942 8.30835
1.65131 0.121492 9.06267
1.47207 0.0728725 10.6129
1.63601 0.0840325 8.60217
1.57899 0.131542 11.2664
1.70323 0.123702 12.1529
1.65033 0.0696625 10.0811
1.58045 0.129312 11.3707
1.50871 0.208582 6.80955
1.42307 0.0120625 8.85913
1.4753 0.00797248 7.63856
1.55229 0.0857425 6.29525
1.64237 0.255732 7.93248
1.69302 0.0654325 9.79269
1.60285 0.228252 7.5046
1.60091 0.275762 9.41331
1.64314 0.142162 6.42572
1.64718 0.159412 9.07474
1.70407 0.0790625 9.39255
1.54666 0.214632 12.6634
1.45977 0.0252025 6.82729
1.65856 0.309932 7.5089
1.57759 0.267052 5.94865
1.43264 0.0916825 7.95658
1.71083 0.115622 9.50448
1.48447 0.114542 8.17665
1.43585 0.109832 7.72861
1.52488 0.0176525 5.86578
1.64397 0.217652 9.3563
1.62164 0.271762 10.783
1.45299 0.0222625 8.85094
1.48148 0.261802 6.34104
