1.5821 0.192056 10.0326
1.59467 0.313686 10.873
1.5444 0.0719555 10.769
1.63633 0.241436 8.57833
1.68054 0.238236 8.04085
1.42338 0.0683655 6.35558
1.57188 0.300536 12.4246
1.49813 0.158276 12.4847
1.43317 0.0542655 9.08387
1.59968 0.279956 9.47512
1.54671 0.170086 7.52218
1.47928 0.283286 3.57622
1.49236 0.0309855 5.50001
1.53979 0.155986 8.41301
1.59967 0.183126 7.94907
1.48823 0.0963255 7.07294
1.646 0.129476 9.69777
1.53025 0.0795755 9.56019
1.53584 0.0606455 9.36655
1.50104 0.190456 12.3368
1.56333 0.0213355 11.5721
1.43985 0.100866 10.1404
1.5211 0.256556 8.19064
1.58582 0.0344255 8.96678
1.59811 0.226336 10.9849
1.70318 0.166056 9.11596
1.52177 0.311196 10.2854
1.68655 0.268976 8.8865
1.58962 0.0163955 11.7209
1.43636 0.262386 8.7648
1.6491 0.141426 8.8961
1.46371 0.175506 4.73315
1.49973 0.0230655 7.21255
1.43465 0.0376855 10.4478
1.61191 0.00661553 8.18619
1.47457 0.000545531 13.8328
1.55812 0.307496 8.98904
1.50181 0.259016 5.42487
1.65966 0.0856355 5.10995
1.45932 0.00996553 8.90965
1.71533 0.302266 5.61222
1.47379 0.0518055 9.41877
1.4261 0.142546 5.20822
1.52742 0.192186 9.33733
1.69636 0.181926 9.34989
