1.65774 0.070641 9.42983
1.48821 0.156831 10.1985
1.66744 0.013571 7.42089
1.63965 0.302101 7.54688
1.69001 0.284911 8.81649
1.66946 0.119471 7.37324
1.70221 0.168781 14.0718
1.61657 0.223731 8.13816
1.50737 0.245851 9.79795
1.44663 0.142381 6.81326
1.45738 0.292921 7.94804
1.70125 0.184321 8.9649
1.59068 0.201411 8.37107
1.58038 0.236961 8.42869
1.60484 0.081931 6.94769
1.71962 0.00794103 9.14889
1.50811 0.072961 10.5855
1.57528 0.054111 9.40788
1.49388 0.045971 7.6935
1.49055 0.190341 9.9086
1.4408 0.284461 10.2304
1.41434 0.022201 9.99024
1.48821 0.087131 8.92796
1.54834 0.258561 5.35347
1.58014 0.183531 7.07325
1.60623 0.286821 8.88135
1.63849 0.174891 7.57258
1.5905 0.166031 7.9849
1.51121 0.286461 9.19404
1.6687 0.013871 8.25033
1.44291 0.201931 7.2218
1.56469 0.109611 12.3679
1.70374 0.024171 9.7349
1.70849 0.238441 7.53375
1.51834 0.245311 9.51503
1.47706 0.064991 6.92325
1.70283 0.197661 9.82356
1.44913 0.137561 6.26427
