1.72279 0.0620837 8.13136
1.5959 0.0322937 8.69853
1.65774 0.147954 9.42983
1.48821 0.234144 10.1985
1.66744 0.0908837 7.42089
1.66694 0.0368137 7.92899
1.66946 0.196784 7.37324
1.70221 0.246094 14.0718
1.61657 0.301044 8.13816
1.55851 0.0265337 10.1846
1.67093 0.0127037 11.9338
1.54589 0.00960366 11.9504
1.44663 0.219694 6.81326
1.70125 0.261634 8.9649
1.59068 0.278724 8.37107
1.60484 0.159244 6.94769
1.71962 0.0852537 9.14889
1.50811 0.150274 10.5855
1.63971 0.0346637 8.95233
1.57528 0.131424 9.40788
1.49388 0.123284 7.6935
1.49055 0.267654 9.9086
1.41434 0.0995137 9.99024
1.48821 0.164444 8.92796
1.58014 0.260844 7.07325
1.63849 0.252204 7.57258
1.72081 0.0524237 7.56544
1.52931 0.0531937 8.99324
1.5905 0.243344 7.9849
1.69407 0.0410437 9.73365
1.6687 0.0911837 8.25033
1.44291 0.279244 7.2218
1.68159 0.0236037 5.02904
1.56469 0.186924 12.3679
1.70374 0.101484 9.7349
1.47706 0.142304 6.92325
1.51276 0.00957366 8.43044
1.52908 0.0225137 8.03211
1.70283 0.274974 9.82356
1.44913 0.214874 6.26427
1.60398 0.0455937 6.16866
