1.62884 0.0531242 7.31245
1.56154 0.0162842 6.35737
1.53605 0.101524 5.94039
1.62232 0.146804 10.4156
1.54617 0.299574 5.37733
1.61349 0.226594 9.98965
1.56565 0.153464 11.3613
1.41835 0.0218442 8.1405
1.72189 0.0553342 9.95805
1.57325 0.110654 7.58633
1.62666 0.0939642 7.48718
1.64733 0.164064 6.10942
1.52919 0.289264 8.4583
1.55289 0.254344 12.3485
1.50945 0.270154 8.08011
1.66417 0.119794 7.55338
1.51771 0.0854242 9.52581
1.7258 0.105284 8.10023
1.70042 0.189144 11.8419
1.52369 0.161384 11.7225
1.70293 0.0960442 9.74676
1.6201 0.0550042 11.0487
1.57979 0.0324642 9.65317
1.50818 0.236084 8.30835
1.50159 0.0466342 9.06267
1.58018 0.0116042 7.04585
1.4863 0.00917422 8.60217
1.42927 0.0566842 11.2664
1.55351 0.0488442 12.1529
1.43073 0.0544542 11.3707
1.59297 0.235134 9.2944
1.42747 0.244434 7.95035
1.61992 0.140404 9.7806
1.49265 0.180874 7.93248
1.45313 0.153394 7.5046
1.55293 0.240354 6.53551
1.4512 0.200904 9.41331
1.49342 0.0673042 6.42572
1.49746 0.0845542 9.07474
1.55436 0.00420422 9.39255
1.62742 0.150014 7.51821
1.50884 0.235074 7.5089
1.65899 0.309904 10.8188
1.58617 0.180524 8.53727
1.42787 0.192194 5.94865
1.59459 0.0203242 7.93291
1.56111 0.0407642 9.50448
1.49426 0.142794 9.3563
1.70734 0.237644 11.0375
1.47193 0.196904 10.783
1.71108 0.142164 7.00371
1.64794 0.282114 7.26155
1.62771 0.00973422 8.8904
