1.72279 0.201983 8.13136
1.5959 0.172193 8.69853
1.65774 0.287853 9.42983
1.66744 0.230783 7.42089
1.66694 0.176713 7.92899
1.6385 0.103323 9.39184
1.58972 0.0420027 6.00485
1.6621 0.107193 9.35374
1.55851 0.166433 10.1846
1.54911 0.0601327 10.6279
1.67093 0.152603 11.9338
1.57453 0.0215427 5.92509
1.54589 0.149503 11.9504
1.62275 0.0184327 9.6978
1.48206 0.0284527 6.98397
1.5914 0.108163 12.7744
1.60814 0.0163427 9.42632
1.64311 0.00385271 7.91843
1.5637 0.0417627 9.52918
1.60484 0.299143 6.94769
1.71962 0.225153 9.14889
1.50811 0.290173 10.5855
1.63971 0.174563 8.95233
1.57008 0.0771727 4.57745
1.57528 0.271323 9.40788
1.49388 0.263183 7.6935
1.54615 0.0262727 7.50102
1.41434 0.239413 9.99024
1.48821 0.304343 8.92796
1.61102 0.0800227 9.03485
1.5055 0.130273 9.22838
1.54351 0.0927527 6.2887
1.54082 0.0519827 10.3397
1.72081 0.192323 7.56544
1.58178 0.104893 9.15752
1.52931 0.193093 8.99324
1.69407 0.180943 9.73365
1.6687 0.231083 8.25033
1.50756 0.000902706 11.6866
1.68159 0.163503 5.02904
1.69851 0.0735527 7.92413
1.70374 0.241383 9.7349
1.64726 0.0576027 8.68781
1.60954 0.118793 8.16371
1.47706 0.282203 6.92325
1.51276 0.149473 8.43044
1.517 0.0458827 9.07249
1.50513 0.0901727 9.93495
1.52908 0.162413 8.03211
1.60398 0.185493 6.16866
