1.67053 0.0341099 7.21136
1.6435 0.29825 8.00685
1.46864 0.22991 7.32341
1.63731 0.0230099 8.27018
1.64802 0.11768 5.18956
1.70541 0.16929 9.63044
1.47032 0.2179 7.17194
1.67195 0.0237899 4.93978
1.64748 0.00155995 5.76332
1.5228 0.0959199 10.3407
1.70051 0.0472299 9.01314
1.66495 0.0755199 9.69773
1.5263 0.21287 12.5877
1.49788 0.0521599 6.20019
1.53564 0.00657995 9.14188
1.52848 0.19516 8.73111
1.61961 0.0486299 8.76033
1.65086 0.0710599 6.28263
1.51005 0.0975099 6.80289
1.46298 0.10993 7.0433
1.6087 0.21799 7.16549
1.48526 0.12188 6.78599
1.5343 0.17342 8.44774
1.66375 0.19578 8.13112
1.67218 0.28593 9.59547
1.44386 0.17931 11.8953
1.63776 0.17413 8.55428
1.61537 0.0123199 9.75953
1.7119 0.2648 6.08858
1.51758 0.25972 8.08046
1.50534 0.2885 5.77223
1.5078 0.18735 9.98738
1.65007 0.17108 7.27102
1.66064 0.0299299 6.74294
1.52635 0.14593 10.0118
1.47498 0.29489 8.02934
1.51468 0.27069 8.04949
1.5769 0.26275 9.95921
1.4474 0.24974 8.86796
1.43463 0.16372 11.6245
1.54342 0.27623 3.61214
1.65095 0.20391 6.46419
1.41642 0.17735 9.51136
1.51133 0.12522 11.9383
