1.72279 0.219163 8.13136
1.5959 0.189373 8.69853
1.65774 0.305033 9.42983
1.66744 0.247963 7.42089
1.66694 0.193893 7.92899
1.6385 0.120503 9.39184
1.58972 0.0591833 6.00485
1.6621 0.124373 9.35374
1.55851 0.183613 10.1846
1.54911 0.0773133 10.6279
1.67093 0.169783 11.9338
1.57453 0.0387233 5.92509
1.54589 0.166683 11.9504
1.62275 0.0356133 9.6978
1.48206 0.0456333 6.98397
1.5914 0.125343 12.7744
1.60814 0.0335233 9.42632
1.64311 0.0210333 7.91843
1.5637 0.0589433 9.52918
1.71962 0.242333 9.14889
1.50811 0.307353 10.5855
1.63971 0.191743 8.95233
1.57008 0.0943533 4.57745
1.57528 0.288503 9.40788
1.49388 0.280363 7.6935
1.54615 0.0434533 7.50102
1.41434 0.256593 9.99024
1.61102 0.0972033 9.03485
1.5055 0.147453 9.22838
1.54351 0.109933 6.2887
1.54082 0.0691633 10.3397
1.72081 0.209503 7.56544
1.58178 0.122073 9.15752
1.52931 0.210273 8.99324
1.69407 0.198123 9.73365
1.6687 0.248263 8.25033
1.50756 0.0180833 11.6866
1.68159 0.180683 5.02904
1.69851 0.0907333 7.92413
1.70374 0.258563 9.7349
1.64726 0.0747833 8.68781
1.60954 0.135973 8.16371
1.47706 0.299383 6.92325
1.51276 0.166653 8.43044
1.517 0.0630633 9.07249
1.50513 0.107353 9.93495
1.52908 0.179593 8.03211
1.60398 0.202673 6.16866
