1.63588 0.0887221 8.37516
1.5058 0.0831221 8.00668
1.48852 0.164212 8.53792
1.50711 0.209422 12.258
1.72055 0.227362 10.1369
1.67813 0.140662 9.80098
1.69373 0.105132 7.66217
1.56191 0.0987021 11.3447
1.57785 0.163482 8.50576
1.71342 0.261292 8.01622
1.43012 0.277702 5.91544
1.50478 0.0452621 4.44041
1.47717 0.0732221 6.35577
1.68546 0.0933821 7.39753
1.64712 0.150472 7.1591
1.64825 0.0795121 8.10658
1.57724 0.116542 6.5804
1.47099 0.250662 9.69625
1.49561 0.0638321 9.79893
1.5396 0.0320121 9.72888
1.55311 0.148892 8.46218
1.4608 0.0488021 7.77202
1.59799 0.290302 8.92775
1.60915 0.123192 8.77708
1.47626 0.0607121 8.49857
1.70764 0.313942 7.72788
1.54384 0.101372 6.30768
1.53729 0.271372 11.0207
1.61689 0.00495214 8.37628
1.54199 0.191592 9.36411
1.41986 0.00304214 7.62395
1.44459 0.0278821 7.53214
1.54728 0.289552 9.32196
1.51286 0.190262 4.37022
1.51344 0.250652 5.50157
1.55291 0.0687621 6.05026
1.6767 0.225812 10.292
1.63455 0.170932 10.8239
1.65559 0.300332 6.02306
1.57214 0.0526421 9.84142
1.6456 0.166672 7.59257
1.61279 0.182512 9.49395
1.48341 0.292732 8.51622
1.67873 0.0322821 9.43116
1.49881 0.152602 7.21765
1.53073 0.0895821 4.86179
1.65877 0.114002 8.88375
1.44176 0.209212 5.47545
1.69855 0.113442 11.3858
1.59595 0.255992 6.26307
1.60671 0.267612 10.8593
