1.49494 0.306606 5.49643
1.64365 0.0140947 7.18776
1.48985 0.0189247 6.57907
1.52344 0.0951147 5.39164
1.65218 0.0131747 9.33824
1.69398 0.0901247 8.04004
1.46964 0.0246647 10.8164
1.45007 0.297188 8.70002
1.46012 0.0754847 10.0605
1.58353 0.0482047 8.8288
1.58481 0.185045 9.07765
1.48246 0.217805 10.1957
1.59249 0.0914547 9.83798
1.4541 0.0968147 11.9089
1.60666 0.0445647 4.65153
1.58136 0.301099 8.61454
1.44641 0.242155 8.2235
1.56008 0.0620447 10.6401
1.70908 0.203045 9.48351
1.4268 0.0336447 7.48278
1.52921 0.287277 7.47052
1.46039 0.285937 5.86824
1.63531 0.0590347 11.3125
1.47317 0.00731473 9.88451
1.41507 0.290664 9.94106
1.7228 0.200435 5.64483
1.52067 0.116635 9.50062
1.71585 0.0292747 10.1045
1.67896 0.166385 5.5814
1.70958 0.0453047 10.4344
1.47227 0.191735 8.86507
1.59063 0.272985 8.29084
1.65906 0.237785 9.66419
1.59362 0.0985647 1.79944
1.62826 0.272954 6.58664
1.681 0.187505 6.18782
1.64491 0.0791547 6.68269
1.46863 0.101825 7.73531
1.4166 0.0894947 10.2291
1.5314 0.202365 5.05418
1.52161 0.216925 11.0336
1.51991 0.256121 10.8973
1.59941 0.138275 5.76839
1.49261 0.156695 3.32247
1.64802 0.122175 10.4545
1.56737 0.106905 9.17467
1.67213 0.285858 5.63548
1.47571 0.120595 7.30187
