1.56492 0.183465 10.0326
1.57749 0.305095 10.873
1.52722 0.0633652 10.769
1.61915 0.232845 8.57833
1.66336 0.229645 8.04085
1.5547 0.291945 12.4246
1.48095 0.149685 12.4847
1.41599 0.0456752 9.08387
1.5825 0.271365 9.47512
1.52953 0.161495 7.52218
1.4621 0.274695 3.57622
1.47518 0.0223952 5.50001
1.52261 0.147395 8.41301
1.58249 0.174535 7.94907
1.47105 0.0877352 7.07294
1.62882 0.120885 9.69777
1.51307 0.0709852 9.56019
1.71476 0.00329524 6.6256
1.72497 0.0484052 6.74909
1.51866 0.0520552 9.36655
1.48386 0.181865 12.3368
1.54615 0.0127452 11.5721
1.42267 0.0922752 10.1404
1.50453 0.308285 6.2232
1.50392 0.247965 8.19064
1.56864 0.0258352 8.96678
1.58093 0.217745 10.9849
1.686 0.157465 9.11596
1.50459 0.302605 10.2854
1.66937 0.260385 8.8865
1.57244 0.00780524 11.7209
1.41918 0.253795 8.7648
1.63192 0.132835 8.8961
1.44652 0.166915 4.73315
1.48255 0.0144752 7.21255
1.41747 0.0290952 10.4478
1.54094 0.298905 8.98904
1.48463 0.250425 5.42487
1.64248 0.0770452 5.10995
1.44214 0.00137524 8.90965
1.69815 0.293675 5.61222
1.45661 0.0432152 9.41877
1.51024 0.183595 9.33733
1.67918 0.173335 9.34989
