1.55829 0.209219 8.90281
1.49904 0.0376993 7.83831
1.66963 0.0028193 7.14035
1.60806 0.233739 7.80137
1.68457 0.109279 8.74819
1.55821 0.188679 8.17431
1.57389 0.279929 10.2848
1.48586 0.306939 8.53616
1.61313 0.0910893 8.56252
1.5526 0.207709 6.57714
1.47582 0.274359 7.57764
1.70928 0.279599 4.88651
1.51589 0.0553793 8.41439
1.47739 0.226319 7.72265
1.46589 0.296169 7.1919
1.45107 0.183999 6.38876
1.49648 0.172329 5.89735
1.50405 0.197919 10.8744
1.61073 0.242089 8.36558
1.57732 0.273649 8.23762
1.50036 0.0517193 9.21655
1.66345 0.174039 5.27226
1.56196 0.0239193 8.22786
1.45122 0.278689 7.62204
1.72369 0.127849 10.1091
1.71166 0.151329 9.2042
1.68457 0.210719 9.48219
1.58006 0.0471393 10.1704
1.64264 0.224049 5.92395
1.48009 0.130339 5.2127
1.42093 0.0249293 9.11596
1.59364 0.166389 7.89086
1.59901 0.201689 9.31683
1.5621 0.270269 6.04908
1.68918 0.156299 9.01659
1.51047 0.0947793 7.74214
1.41484 0.304079 6.34283
1.56503 0.0958393 9.22537
1.57853 0.242229 6.67414
1.63433 0.227159 7.02854
1.43308 0.161139 5.61222
1.71512 0.0892393 10.7218
1.43399 0.284959 12.079
1.45668 0.262989 5.12397
1.63013 0.132959 10.1543
1.52901 0.144119 11.3588
1.54825 0.252129 7.31318
1.65176 0.153639 10.1321
1.41411 0.0407993 9.34989
1.56811 0.160189 5.26847
