1.43434 0.110882 6.08845
1.58374 0.298902 8.13111
1.51356 0.309702 12.0433
1.61873 0.165882 7.48317
1.49056 0.157892 7.56495
1.68603 0.0815321 9.83595
1.41409 0.312302 8.89745
1.56022 0.249672 4.83342
1.57567 0.167782 6.19134
1.49828 0.163102 6.40262
1.44425 0.0817121 10.6224
1.54411 0.144392 7.01074
1.60775 0.264422 9.37649
1.59951 0.158002 4.73505
1.6088 0.298742 9.01191
1.50476 0.183712 5.86146
1.6065 0.0198721 6.51004
1.70591 0.0123621 6.16769
1.42419 0.272672 6.12329
1.48019 0.0950621 8.72814
1.53469 0.312102 9.20542
1.59976 0.0483721 8.39158
1.49671 0.0171221 8.85039
1.49598 0.116352 7.24413
1.57878 0.301022 9.14497
1.57135 0.0544521 7.71318
1.43245 0.0126821 6.34262
1.71032 0.137672 6.98397
1.50333 0.0913221 10.6118
1.56548 0.0884521 10.5628
1.49696 0.145332 6.53623
1.62971 0.116162 10.1498
1.44073 0.289572 7.05007
1.54733 0.292162 6.67757
1.47091 0.00536214 3.34318
1.60539 0.0254921 10.1143
1.57685 0.211012 12.5537
1.60495 0.0550521 10.3412
1.45421 0.216042 2.59703
1.59578 0.243852 6.83018
1.6381 0.153332 7.16749
1.5255 0.0535621 8.75734
1.53798 0.198432 8.34197
1.51993 0.252392 10.957
1.70675 0.0534021 8.42762
1.64884 0.0892121 6.43828
1.65615 0.0457621 5.13396
