1.48646 0.126149 7.21136
1.45324 0.115049 8.27018
1.46395 0.209719 5.18956
1.52133 0.261329 9.63044
1.59864 0.198019 12.5412
1.48787 0.115829 4.93978
1.46341 0.0935988 5.76332
1.5514 0.308719 7.73981
1.51643 0.139269 9.01314
1.48088 0.167559 9.69773
1.70584 0.259819 7.7608
1.56986 0.0255188 8.74073
1.50717 0.0102988 9.38867
1.41789 0.0677188 8.46639
1.43554 0.140669 8.76033
1.68762 0.0387688 9.05278
1.61472 0.154959 11.7962
1.46678 0.163099 6.28263
1.54195 0.0152788 9.46531
1.62313 0.157059 6.37953
1.42462 0.310029 7.16549
1.62644 0.208749 7.9826
1.56318 0.153989 7.87684
1.72397 0.0313988 9.31824
1.66518 0.246589 9.71725
1.4892 0.0059188 7.72788
1.70888 0.151029 9.22614
1.68258 0.152959 6.55013
1.47967 0.287819 8.13112
1.62531 0.198619 8.39931
1.72588 0.180899 5.34713
1.65952 0.188479 11.87
1.49357 0.0880688 9.29426
1.45369 0.266169 8.55428
1.60659 0.313909 8.09062
1.60058 0.129009 8.88217
1.67469 0.0068988 7.94901
1.43129 0.104359 9.75953
1.53785 0.0185388 5.73656
1.55209 0.0786288 7.24223
1.54696 0.151039 7.66866
1.46599 0.263119 7.27102
1.47656 0.121969 6.74294
1.6793 0.0399788 6.99795
1.62348 0.277269 5.1787
1.68444 0.184439 8.2391
1.46687 0.295949 6.46419
1.57855 0.305609 9.66441
1.64709 0.120289 6.55971
1.62752 0.178199 9.40187
1.43863 0.0819088 10.0623
