1.63372 0.0525177 7.21136
1.43182 0.248318 7.32341
1.6005 0.0414177 8.27018
1.61121 0.136088 5.18956
1.66859 0.187698 9.63044
1.4335 0.236308 7.17194
1.63513 0.0421977 4.93978
1.61067 0.0199677 5.76332
1.48599 0.114328 10.3407
1.69866 0.235088 7.73981
1.66369 0.0656377 9.01314
1.5413 0.0101677 10.6604
1.62814 0.0939277 9.69773
1.48949 0.231278 12.5877
1.46106 0.0705677 6.20019
1.49882 0.0249877 9.14188
1.49166 0.213568 8.73111
1.5828 0.0670377 8.76033
1.61404 0.0894677 6.28263
1.47324 0.115918 6.80289
1.42616 0.128338 7.0433
1.57188 0.236398 7.16549
1.71044 0.0803577 7.87684
1.44844 0.140288 6.78599
1.7254 0.261148 9.01126
1.49748 0.191828 8.44774
1.62693 0.214188 8.13112
1.7139 0.277628 9.15035
1.63537 0.304338 9.59547
1.64083 0.0144377 9.29426
1.60095 0.192538 8.55428
1.57856 0.0307277 9.75953
1.67508 0.283208 6.08858
1.48077 0.278128 8.08046
1.46853 0.306908 5.77223
1.69935 0.00499772 7.24223
1.47099 0.205758 9.98738
1.69422 0.0774077 7.66866
1.61326 0.189488 7.27102
1.62383 0.0483377 6.74294
1.48953 0.164338 10.0118
1.43817 0.313298 8.02934
1.47787 0.289098 8.04949
1.54008 0.281158 9.95921
1.50661 0.294638 3.61214
1.61414 0.222318 6.46419
1.72581 0.231978 9.66441
1.47451 0.143628 11.9383
1.58589 0.00827772 10.0623
