1.64365 0.227625 7.18776
1.49313 0.0270749 9.37164
1.71404 0.0920649 9.70339
1.63709 0.0677949 9.44493
1.48985 0.232455 6.57907
1.52344 0.308645 5.39164
1.43573 0.130845 5.41518
1.65218 0.226705 9.33824
1.70721 0.0943249 7.33901
1.6093 0.0337949 7.76683
1.60936 0.134915 9.65105
1.69398 0.303655 8.04004
1.6636 0.0505949 7.36461
1.46964 0.238195 10.8164
1.59249 0.157185 7.87974
1.46012 0.289015 10.0605
1.48132 0.184735 9.38908
1.58353 0.261735 8.8288
1.59931 0.150835 7.88671
1.59249 0.304985 9.83798
1.4541 0.310345 11.9089
1.60666 0.258095 4.65153
1.54492 0.0809449 11.2008
1.56008 0.275575 10.6401
1.49735 0.0554149 10.3085
1.4268 0.247175 7.48278
1.59827 0.150865 8.5693
1.72 0.0402049 6.78061
1.60213 0.157665 5.27358
1.63531 0.272565 11.3125
1.72652 0.0894749 9.18662
1.57886 0.0617249 10.926
1.47317 0.220845 9.88451
1.65069 0.0338749 6.57205
1.65499 0.115545 8.01684
1.71585 0.242805 10.1045
1.70958 0.258835 10.4344
1.4544 0.184535 10.8479
1.66064 0.112735 11.0462
1.59362 0.312095 1.79944
1.66493 0.166495 4.13992
1.67068 0.189805 7.31184
1.49846 0.192305 9.96904
1.64491 0.292685 6.68269
1.45691 0.165015 6.67278
1.4166 0.303025 10.2291
1.46823 0.0836949 9.37908
1.56995 0.155615 10.9693
1.61347 0.200925 12.2061
1.62247 0.109365 9.28645
1.61131 0.0563149 12.0975
1.47107 0.0871249 9.39051
1.44929 0.0782249 3.84092
1.62887 0.162865 10.4939
