1.63822 0.148292 10.1919
1.4226 0.0508517 5.93884
1.49077 0.0759317 4.12123
1.58769 0.149892 5.21027
1.72692 0.261172 8.77379
1.51344 0.162142 7.8833
1.63343 0.204682 8.02336
1.69202 0.278822 6.7586
1.64037 0.280282 7.54989
1.70981 0.201502 6.60112
1.64247 0.164372 10.0676
1.72695 0.157312 8.81692
1.60366 0.0206617 11.8414
1.4725 0.239572 8.10052
1.55305 0.160812 6.13027
1.62793 0.126082 7.31655
1.63663 0.243372 13.0983
1.56602 0.0903017 6.36379
1.60691 0.182742 7.17227
1.46264 0.0642517 7.65143
1.62876 0.122252 7.71969
1.48429 0.306042 6.61368
1.6315 0.103572 9.53535
1.72218 0.00190167 3.82463
1.48703 0.130862 9.5182
1.56575 0.157682 6.32903
1.4807 0.149432 6.68258
1.56094 0.212322 8.01433
1.511 0.00622167 7.00851
1.53376 0.113592 7.22465
1.57829 0.284972 9.28761
1.70995 0.186162 6.9164
1.54522 0.286682 3.15309
1.68842 0.162042 6.5519
1.57755 0.0219317 11.5361
1.66326 0.0313917 12.6999
1.68551 0.0740017 7.67328
1.64909 0.155122 11.0413
1.57786 0.00518167 6.95572
1.7157 0.0347417 11.6204
1.42621 0.0980617 5.51908
1.45155 0.0637917 6.97603
1.48477 0.0425717 12.9282
1.62252 0.161282 10.3814
1.60234 0.182602 5.54356
1.60662 0.242882 6.85474
1.54008 0.0334717 7.5048
1.49333 0.130322 8.03522
