1.55705 0.28637 6.08845
1.56874 0.0298395 7.16428
1.52361 0.0106595 9.4377
1.51989 0.12772 9.49836
1.56696 0.2572 10.6224
1.64657 0.0495995 6.69315
1.6029 0.27055 8.72814
1.53117 0.11845 7.35576
1.43279 0.311 10.6318
1.72247 0.22386 8.39158
1.42235 0.30443 6.0343
1.46324 0.13156 4.68986
1.61942 0.19261 8.85039
1.63814 0.0900395 6.47321
1.61869 0.29184 7.24413
1.42553 0.0516995 11.8419
1.69406 0.22994 7.71318
1.55516 0.18817 6.34262
1.62604 0.26681 10.6118
1.70102 0.12077 5.89698
1.68819 0.26394 10.5628
1.45618 0.12935 8.24007
1.5571 0.17321 10.2936
1.49009 0.14752 4.94607
1.59362 0.18085 3.34318
1.55006 0.14484 7.59352
1.71549 0.0656695 8.46808
1.467 0.28154 7.64219
1.53714 0.17503 7.65242
1.72766 0.23054 10.3412
1.64703 0.12508 13.4192
1.62076 0.0945095 5.29349
1.65835 0.10036 9.37185
1.41433 0.25802 6.53478
1.46553 0.0772295 7.43245
1.51917 0.0883695 6.87043
1.65716 0.16274 9.58671
1.43245 0.1002 11.0375
1.43619 0.00471954 7.00371
1.64821 0.22905 8.75734
1.72499 0.17227 11.9621
1.49981 0.2181 8.85798
