1.65774 0.0645051 9.42983
1.48821 0.150695 10.1985
1.66744 0.0074351 7.42089
1.63965 0.295965 7.54688
1.69001 0.278775 8.81649
1.66946 0.113335 7.37324
1.70221 0.162645 14.0718
1.61657 0.217595 8.13816
1.50737 0.239715 9.79795
1.44663 0.136245 6.81326
1.45738 0.286785 7.94804
1.70125 0.178185 8.9649
1.50934 0.313555 9.26338
1.59068 0.195275 8.37107
1.58038 0.230825 8.42869
1.60484 0.0757951 6.94769
1.71962 0.0018051 9.14889
1.50811 0.0668251 10.5855
1.57528 0.0479751 9.40788
1.49388 0.0398351 7.6935
1.49055 0.184205 9.9086
1.4408 0.278325 10.2304
1.41434 0.0160651 9.99024
1.48821 0.0809951 8.92796
1.54834 0.252425 5.35347
1.58014 0.177395 7.07325
1.60623 0.280685 8.88135
1.63849 0.168755 7.57258
1.5905 0.159895 7.9849
1.51121 0.280325 9.19404
1.6687 0.0077351 8.25033
1.44291 0.195795 7.2218
1.56469 0.103475 12.3679
1.70374 0.0180351 9.7349
1.70849 0.232305 7.53375
1.51834 0.239175 9.51503
1.47706 0.0588551 6.92325
1.70283 0.191525 9.82356
1.44913 0.131425 6.26427
