1.51433 0.102857 10.7507
1.50665 0.176547 9.70355
1.52922 0.158657 4.49879
1.62576 0.00843651 4.12123
1.43156 0.0886865 9.80259
1.55575 0.307907 4.90543
1.72268 0.0823965 5.21027
1.64843 0.0946465 7.8833
1.47042 0.0216665 12.1024
1.71601 0.249227 7.81723
1.51144 0.115677 7.84762
1.62331 0.311817 8.97658
1.58537 0.258857 9.21965
1.64053 0.250317 10.3889
1.60749 0.172077 8.10052
1.68804 0.0933165 6.13027
1.55047 0.250307 8.75283
1.70101 0.0228065 6.36379
1.46315 0.259357 10.158
1.45929 0.100707 9.39325
1.46599 0.163437 9.48503
1.46312 0.0193065 10.9435
1.46174 0.148217 9.27945
1.65414 0.295767 10.331
1.51556 0.182337 8.29129
1.61928 0.238547 6.61368
1.67668 0.284067 7.00005
1.62202 0.0633665 9.5182
1.70074 0.0901865 6.32903
1.54331 0.254207 5.98188
1.45853 0.0111765 7.39632
1.51881 0.295877 9.89814
1.61569 0.0819365 6.68258
1.69593 0.144827 8.01433
1.66875 0.0460965 7.22465
1.71328 0.217477 9.28761
1.68021 0.219187 3.15309
1.44971 0.201767 8.25778
1.58423 0.281457 7.46354
1.5612 0.0305665 5.51908
1.46688 0.216107 12.9376
1.67617 0.313147 8.2417
1.47721 0.100857 9.466
1.51459 0.0794165 7.33525
1.46783 0.0366965 11.7481
1.62832 0.0628265 8.03522
1.47322 0.204017 7.04974
1.53793 0.307627 9.93891
