1.72279 0.215482 8.13136
1.5959 0.185692 8.69853
1.65774 0.301352 9.42983
1.66744 0.244282 7.42089
1.66694 0.190212 7.92899
1.6385 0.116822 9.39184
1.58972 0.0555017 6.00485
1.6621 0.120692 9.35374
1.55851 0.179932 10.1846
1.54911 0.0736317 10.6279
1.67093 0.166102 11.9338
1.57453 0.0350417 5.92509
1.54589 0.163002 11.9504
1.62275 0.0319317 9.6978
1.48206 0.0419517 6.98397
1.5914 0.121662 12.7744
1.60814 0.0298417 9.42632
1.64311 0.0173517 7.91843
1.5637 0.0552617 9.52918
1.60484 0.312642 6.94769
1.71962 0.238652 9.14889
1.50811 0.303672 10.5855
1.63971 0.188062 8.95233
1.57008 0.0906717 4.57745
1.57528 0.284822 9.40788
1.49388 0.276682 7.6935
1.54615 0.0397717 7.50102
1.41434 0.252912 9.99024
1.61102 0.0935217 9.03485
1.5055 0.143772 9.22838
1.54351 0.106252 6.2887
1.54082 0.0654817 10.3397
1.72081 0.205822 7.56544
1.58178 0.118392 9.15752
1.52931 0.206592 8.99324
1.69407 0.194442 9.73365
1.6687 0.244582 8.25033
1.50756 0.0144017 11.6866
1.68159 0.177002 5.02904
1.69851 0.0870517 7.92413
1.70374 0.254882 9.7349
1.64726 0.0711017 8.68781
1.60954 0.132292 8.16371
1.47706 0.295702 6.92325
1.51276 0.162972 8.43044
1.517 0.0593817 9.07249
1.50513 0.103672 9.93495
1.52908 0.175912 8.03211
1.60398 0.198992 6.16866
