1.57094 0.0447658 6.19461
1.49313 0.139976 9.37164
1.71404 0.204966 9.70339
1.69814 0.0486058 9.54773
1.63709 0.180696 9.44493
1.68153 0.0820258 9.10726
1.43573 0.243746 5.41518
1.70721 0.207226 7.33901
1.6093 0.146696 7.76683
1.60936 0.247816 9.65105
1.6636 0.163496 7.36461
1.59249 0.270086 7.87974
1.48132 0.297636 9.38908
1.59931 0.263736 7.88671
1.54492 0.193846 11.2008
1.49735 0.168316 10.3085
1.59827 0.263766 8.5693
1.72 0.153106 6.78061
1.60213 0.270566 5.27358
1.72652 0.202376 9.18662
1.57886 0.174626 10.926
1.65069 0.146776 6.57205
1.65499 0.228446 8.01684
1.61611 0.0102358 8.42056
1.58078 0.00239584 10.5699
1.4544 0.297436 10.8479
1.66064 0.225636 11.0462
1.63942 0.0213858 7.49122
1.66493 0.279396 4.13992
1.67068 0.302706 7.31184
1.49846 0.305206 9.96904
1.45691 0.277916 6.67278
1.46491 0.00159584 9.34095
1.46823 0.196596 9.37908
1.56995 0.268516 10.9693
1.54596 0.0242158 6.53437
1.61347 0.313826 12.2061
1.62247 0.222266 9.28645
1.61131 0.169216 12.0975
1.47107 0.200026 9.39051
1.44929 0.191126 3.84092
1.5433 0.0962758 8.74354
1.62887 0.275766 10.4939
