1.68006 0.0887221 8.37516
1.54998 0.0831221 8.00668
1.5327 0.164212 8.53792
1.55129 0.209422 12.258
1.72231 0.140662 9.80098
1.60609 0.0987021 11.3447
1.43368 0.0421221 7.29018
1.62203 0.163482 8.50576
1.4743 0.277702 5.91544
1.54896 0.0452621 4.44041
1.52135 0.0732221 6.35577
1.6913 0.150472 7.1591
1.69243 0.0795121 8.10658
1.62142 0.116542 6.5804
1.51517 0.250662 9.69625
1.53979 0.0638321 9.79893
1.58377 0.0320121 9.72888
1.59729 0.148892 8.46218
1.44867 0.219902 9.109
1.42475 0.188902 6.96768
1.50498 0.0488021 7.77202
1.64217 0.290302 8.92775
1.65333 0.123192 8.77708
1.52044 0.0607121 8.49857
1.58802 0.101372 6.30768
1.58147 0.271372 11.0207
1.66107 0.00495214 8.37628
1.58617 0.191592 9.36411
1.46404 0.00304214 7.62395
1.48877 0.0278821 7.53214
1.59146 0.289552 9.32196
1.55704 0.190262 4.37022
1.55762 0.250652 5.50157
1.45348 0.252882 8.19783
1.59709 0.0687621 6.05026
1.72088 0.225812 10.292
1.67873 0.170932 10.8239
1.44701 0.0238921 4.54847
1.69977 0.300332 6.02306
1.61632 0.0526421 9.84142
1.42238 0.211032 7.07662
1.68978 0.166672 7.59257
1.65697 0.182512 9.49395
1.52759 0.292732 8.51622
1.72291 0.0322821 9.43116
1.54299 0.152602 7.21765
1.57491 0.0895821 4.86179
1.43466 0.128922 9.28751
1.70295 0.114002 8.88375
1.48594 0.209212 5.47545
1.64013 0.255992 6.26307
1.41976 0.117052 9.48576
1.65089 0.267612 10.8593
