1.61625 0.118438 11.2358
1.49494 0.0893939 5.49643
1.61822 0.306343 8.55357
1.70385 0.31167 3.37254
1.54682 0.293768 6.84356
1.6456 0.262933 6.82155
1.45007 0.0799762 8.70002
1.42463 0.110191 11.5783
1.48246 0.000593047 10.1957
1.45852 0.281052 9.14711
1.44792 0.234008 6.65722
1.50655 0.243613 11.3427
1.66063 0.253473 7.19434
1.64348 0.15845 8.03949
1.58136 0.0838878 8.61454
1.44641 0.024943 8.2235
1.58665 0.126181 9.15397
1.53114 0.241403 11.752
1.52921 0.0700652 7.47052
1.66922 0.164746 7.31087
1.46039 0.0687252 5.86824
1.611 0.154211 9.11878
1.41819 0.288195 9.16685
1.67034 0.308116 4.99717
1.41507 0.0734525 9.94106
1.69906 0.270643 8.4487
1.44799 0.189656 9.83102
1.59516 0.218029 7.97113
1.47781 0.179523 8.75275
1.55168 0.227898 6.60827
1.5799 0.188392 9.00137
1.59063 0.0557738 8.29084
1.65906 0.020573 9.66419
1.62826 0.0557428 6.58664
1.58023 0.244212 6.05235
1.42311 0.159197 8.00612
1.70245 0.181328 6.308
1.51991 0.0389096 10.8973
1.53501 0.276106 6.05723
1.71802 0.296618 10.2666
1.67213 0.0686462 5.63548
1.42279 0.299729 10.9814
