1.6859 0.160506 6.86862
1.69909 0.127096 8.13111
1.62891 0.137896 12.0433
1.63801 0.239736 10.6259
1.71285 0.284046 9.63906
1.52944 0.140496 8.89745
1.67557 0.0778663 4.83342
1.4712 0.241146 10.1573
1.7231 0.0926163 9.37649
1.70656 0.310686 6.07598
1.60782 0.266886 6.92432
1.60745 0.274006 10.6023
1.72415 0.126936 9.01191
1.62011 0.0119063 5.86146
1.53954 0.100866 6.12329
1.57504 0.190086 10.248
1.41518 0.174986 9.05278
1.47005 0.172026 7.48382
1.46903 0.190456 7.6065
1.65004 0.140296 9.20542
1.69413 0.129216 9.14497
1.58568 0.159706 7.25093
1.45153 0.167616 9.31824
1.43644 0.287246 9.22614
1.55608 0.117766 7.05007
1.62811 0.284386 2.86335
1.66268 0.120356 6.67757
1.71701 0.312146 8.34123
1.51462 0.0642263 5.35547
1.6922 0.0392063 12.5537
1.58668 0.184346 10.6196
1.45691 0.313496 8.30364
1.46071 0.100606 8.96659
1.54348 0.308196 8.85975
1.67156 0.178916 6.37333
1.55763 0.281506 7.24938
1.68942 0.313226 9.80952
1.71011 0.280196 5.94507
1.56956 0.0442363 2.59703
1.60249 0.214226 6.44337
1.66873 0.190346 7.59023
1.71113 0.0720463 6.83018
1.65333 0.0266263 8.34197
1.66779 0.145846 10.9833
1.63528 0.0805863 10.957
1.51133 0.169746 9.26881
