1.72179 0.0831221 8.00668
1.70451 0.164212 8.53792
1.7231 0.209422 12.258
1.57407 0.00285214 8.6107
1.60548 0.0421221 7.29018
1.53422 0.257542 5.85759
1.64611 0.277702 5.91544
1.72077 0.0452621 4.44041
1.69316 0.0732221 6.35577
1.68697 0.250662 9.69625
1.50975 0.189762 7.17606
1.7116 0.0638321 9.79893
1.55388 0.00480214 7.2562
1.56233 0.0986121 7.14469
1.62047 0.219902 9.109
1.59655 0.188902 6.96768
1.67678 0.0488021 7.77202
1.52098 0.299712 9.59314
1.69224 0.0607121 8.49857
1.48055 0.266672 9.18508
1.42917 0.273542 9.04583
1.49836 0.0445621 8.44953
1.47215 0.293662 4.94342
1.43271 0.155312 7.66807
1.46708 0.193332 11.9139
1.63584 0.00304214 7.62395
1.55166 0.0139421 5.91364
1.66057 0.0278821 7.53214
1.46774 0.0978521 7.61263
1.62529 0.252882 8.19783
1.61881 0.0238921 4.54847
1.5373 0.287392 7.86821
1.59418 0.211032 7.07662
1.42445 0.0120821 11.683
1.45163 0.140892 10.8821
1.69939 0.292732 8.51622
1.44539 0.300692 5.51205
1.7148 0.152602 7.21765
1.47294 0.0119121 9.63411
1.60646 0.128922 9.28751
1.65775 0.209212 5.47545
1.49427 0.0955121 9.44892
1.59156 0.117052 9.48576
1.5565 0.212492 8.43702
