1.72602 0.162767 10.769
1.605 0.159177 6.35558
1.67976 0.249087 12.4847
1.6148 0.145077 9.08387
1.71862 0.0395972 7.41871
1.60497 0.0110372 10.0863
1.67399 0.121797 5.50001
1.72142 0.246797 8.41301
1.66985 0.187137 7.07294
1.56862 0.0619472 7.18692
1.71187 0.170387 9.56019
1.71746 0.151457 9.36655
1.61746 0.0373472 6.57828
1.68267 0.281267 12.3368
1.70337 0.0796872 8.0656
1.62148 0.191677 10.1404
1.57395 0.145847 5.80099
1.57018 0.0406872 12.0625
1.56283 0.146547 9.88572
1.55774 0.244417 10.087
1.64533 0.266317 4.73315
1.68136 0.113877 7.21255
1.61627 0.128497 10.4478
1.65619 0.0913572 13.8328
1.67189 0.0882672 7.52441
1.64094 0.100777 8.90965
1.65542 0.142617 9.41877
1.60772 0.233357 5.20822
1.70904 0.282997 9.33733
