1.61625 0.30497 11.2358
1.49494 0.275926 5.49643
1.52344 0.0644351 5.39164
1.69398 0.0594451 8.04004
1.45007 0.266508 8.70002
1.46012 0.0448051 10.0605
1.58353 0.0175251 8.8288
1.42463 0.296723 11.5783
1.58481 0.154365 9.07765
1.48246 0.187125 10.1957
1.59249 0.0607751 9.83798
1.4541 0.0661351 11.9089
1.60666 0.0138851 4.65153
1.58136 0.27042 8.61454
1.44641 0.211475 8.2235
1.56008 0.0313651 10.6401
1.70908 0.172365 9.48351
1.58665 0.312713 9.15397
1.4268 0.00296511 7.48278
1.52921 0.256597 7.47052
1.46039 0.255257 5.86824
1.63531 0.0283551 11.3125
1.41507 0.259985 9.94106
1.7228 0.169755 5.64483
1.52067 0.0859551 9.50062
1.67896 0.135705 5.5814
1.70958 0.0146251 10.4344
1.47227 0.161055 8.86507
1.59063 0.242306 8.29084
1.65906 0.207105 9.66419
1.59362 0.0678851 1.79944
1.62826 0.242275 6.58664
1.681 0.156825 6.18782
1.64491 0.0484751 6.68269
1.46863 0.0711451 7.73531
1.4166 0.0588151 10.2291
1.5314 0.171685 5.05418
1.52161 0.186245 11.0336
1.51991 0.225442 10.8973
1.59941 0.107595 5.76839
1.49261 0.126015 3.32247
1.64802 0.0914951 10.4545
1.56737 0.0762251 9.17467
1.67213 0.255178 5.63548
1.47571 0.0899151 7.30187
