1.60807 0.244492 10.1494
1.68756 0.213912 5.25027
1.47876 0.180842 8.05486
1.45774 0.185162 12.9946
1.54934 0.196632 8.86592
1.57121 0.0960021 7.47419
1.56241 0.141402 11.8625
1.52689 0.0262221 7.68539
1.44132 0.0901821 9.42662
1.53294 0.276762 10.1832
1.51532 0.0185921 8.58276
1.55433 0.243702 7.96303
1.45105 0.305012 8.37316
1.59607 0.105022 7.31622
1.45761 0.106952 9.26445
1.61264 0.0320521 8.50235
1.58301 0.0295721 8.22871
1.42847 0.123992 5.56933
1.62175 0.0916621 4.35333
1.58078 0.288292 7.68192
1.70896 0.273542 9.04583
1.58233 0.214462 9.98557
1.55116 0.142782 9.91415
1.64874 0.151082 8.99765
1.7125 0.155312 7.66807
1.56971 0.287532 10.1051
1.56693 0.217462 11.5685
1.55825 0.0584821 8.58008
1.42927 0.0295521 8.33872
1.46185 0.279602 8.82533
1.51084 0.178302 7.08542
1.49637 0.0604421 10.6433
1.70424 0.0120821 11.683
1.43607 0.160792 8.57992
1.43614 0.0890821 11.2182
1.68926 0.274662 7.06029
1.72518 0.300692 5.51205
1.58513 0.290312 9.31114
1.44912 0.0360321 8.87567
1.62176 0.104552 7.68837
1.49547 0.145732 7.65382
1.54322 0.259892 5.90922
1.47558 0.223162 5.52954
