1.71068 0.00468174 10.7507
1.703 0.0783717 9.70355
1.60904 0.0104917 9.21391
1.72557 0.0604817 4.49879
1.53409 0.0318217 6.90745
1.60683 0.277012 6.52664
1.70779 0.0175017 7.84762
1.56654 0.215002 8.51821
1.72683 0.277662 6.67077
1.6595 0.161182 10.158
1.65564 0.00253174 9.39325
1.56049 0.0483117 7.46348
1.59625 0.0749417 6.21301
1.66234 0.0652617 9.48503
1.65809 0.0500417 9.27945
1.7119 0.0841617 8.29129
1.64108 0.235692 8.55271
1.71516 0.197702 9.89814
1.57098 0.180702 10.6139
1.58649 0.133642 9.8477
1.64606 0.103592 8.25778
1.66323 0.117932 12.9376
1.53768 0.176092 9.25586
1.67356 0.00268174 9.466
1.66957 0.105842 7.04974
