1.59287 0.0635866 10.7507
1.58519 0.137277 9.70355
1.49123 0.0693966 9.21391
1.60776 0.119387 4.49879
1.5101 0.0494166 9.80259
1.63429 0.268637 4.90543
1.41628 0.0907266 6.90745
1.72697 0.0553766 7.8833
1.58998 0.0764066 7.84762
1.61091 0.295127 8.84598
1.70185 0.272547 8.97658
1.66391 0.219587 9.21965
1.44873 0.273907 8.51821
1.71907 0.211047 10.3889
1.63729 0.304377 6.90622
1.68603 0.132807 8.10052
1.62901 0.211037 8.75283
1.54169 0.220087 10.158
1.46827 0.00108661 9.57321
1.53783 0.0614366 9.39325
1.44268 0.107217 7.46348
1.47844 0.133847 6.21301
1.54453 0.124167 9.48503
1.54028 0.108947 9.27945
1.71965 0.303547 8.71038
1.5941 0.143067 8.29129
1.69782 0.199277 6.61368
1.70056 0.0240966 9.5182
1.66917 0.309027 9.91262
1.69427 0.290917 8.89808
1.62185 0.214937 5.98188
1.52327 0.294597 8.55271
1.59735 0.256607 9.89814
1.69423 0.0426666 6.68258
1.45317 0.239607 10.6139
1.46868 0.192547 9.8477
1.52825 0.162497 8.25778
1.66277 0.242187 7.46354
1.54542 0.176837 12.9376
1.41988 0.234997 9.25586
1.55575 0.0615866 9.466
1.59313 0.0401466 7.33525
1.70686 0.0235566 8.03522
1.55176 0.164747 7.04974
1.61647 0.268357 9.93891
