1.57094 0.295112 6.19461
1.69814 0.298952 9.54773
1.65774 0.000691503 9.42983
1.48821 0.0868815 10.1985
1.63965 0.232152 7.54688
1.69001 0.214962 8.81649
1.66946 0.0495215 7.37324
1.70221 0.0988315 14.0718
1.61657 0.153782 8.13816
1.50737 0.175902 9.79795
1.44663 0.0724315 6.81326
1.45738 0.222972 7.94804
1.70125 0.114372 8.9649
1.50934 0.249742 9.26338
1.59068 0.131462 8.37107
1.58038 0.167012 8.42869
1.60484 0.0119815 6.94769
1.50811 0.0030115 10.5855
1.61611 0.260582 8.42056
1.49055 0.120392 9.9086
1.58078 0.252742 10.5699
1.4408 0.214512 10.2304
1.48821 0.0171815 8.92796
1.54834 0.188612 5.35347
1.58014 0.113582 7.07325
1.60623 0.216872 8.88135
1.63942 0.271732 7.49122
1.63849 0.104942 7.57258
1.5905 0.0960815 7.9849
1.51121 0.216512 9.19404
1.46491 0.251942 9.34095
1.44291 0.131982 7.2218
1.54596 0.274562 6.53437
1.56469 0.0396615 12.3679
1.70849 0.168492 7.53375
1.51834 0.175362 9.51503
1.70283 0.127712 9.82356
1.44913 0.0676115 6.26427
