1.49937 0.253772 6.86862
1.51256 0.220362 8.13111
1.56356 0.252612 10.9825
1.44238 0.231162 12.0433
1.54755 0.0873423 7.48317
1.41938 0.0793523 7.56495
1.61485 0.00299232 9.83595
1.48904 0.171132 4.83342
1.50449 0.0892423 6.19134
1.4271 0.0845623 6.40262
1.47293 0.0658523 7.01074
1.53657 0.185882 9.37649
1.52833 0.0794623 4.73505
1.53762 0.220202 9.01191
1.43358 0.105172 5.86146
1.71559 0.197112 10.1846
1.56978 0.283532 6.3685
1.70619 0.0908123 10.6279
1.46351 0.233562 9.20542
1.4248 0.0378123 7.24413
1.5076 0.222482 9.14497
1.70297 0.180182 11.9504
1.63914 0.0591323 6.98397
1.43215 0.0127823 10.6118
1.72078 0.0724423 9.52918
1.4943 0.00991232 10.5628
1.42578 0.0667923 6.53623
1.55853 0.0376223 10.1498
1.72716 0.107852 4.57745
1.47615 0.213622 6.67757
1.65096 0.293862 7.6935
1.70323 0.0569523 7.50102
1.57142 0.270092 9.99024
1.50567 0.132472 12.5537
1.66258 0.160952 9.22838
1.70059 0.123432 6.2887
1.6979 0.0826623 10.3397
1.48503 0.272182 6.37333
1.68639 0.223772 8.99324
1.41596 0.307492 6.44337
1.4822 0.283612 7.59023
1.66464 0.0315823 11.6866
1.5246 0.165312 6.83018
1.56692 0.0747923 7.16749
1.4668 0.119892 8.34197
1.63414 0.312882 6.92325
1.48126 0.239112 10.9833
1.66984 0.180152 8.43044
1.67408 0.0765623 9.07249
1.44875 0.173852 10.957
1.5706 0.307852 9.55998
1.66221 0.120852 9.93495
1.68616 0.193092 8.03211
1.57766 0.0106723 6.43828
