1.54291 0.0979235 7.21136
1.50969 0.0868235 8.27018
1.5204 0.181494 5.18956
1.57778 0.233104 9.63044
1.65509 0.169794 12.5412
1.54432 0.0876035 4.93978
1.51986 0.0653735 5.76332
1.60785 0.280494 7.73981
1.57288 0.111044 9.01314
1.45049 0.0555735 10.6604
1.53733 0.139334 9.69773
1.47434 0.0394935 8.46639
1.49199 0.112444 8.76033
1.67117 0.126734 11.7962
1.52323 0.134874 6.28263
1.67958 0.128834 6.37953
1.48107 0.281804 7.16549
1.68289 0.180524 7.9826
1.61963 0.125764 7.87684
1.72163 0.218364 9.71725
1.63459 0.306554 9.01126
1.53612 0.259594 8.13112
1.68176 0.170394 8.39931
1.43293 0.0109035 9.26592
1.71597 0.160254 11.87
1.55002 0.0598435 9.29426
1.51014 0.237944 8.55428
1.66304 0.285684 8.09062
1.65703 0.100784 8.88217
1.48774 0.0761335 9.75953
1.60854 0.0504035 7.24223
1.60341 0.122814 7.66866
1.52244 0.234894 7.27102
1.53302 0.0937435 6.74294
1.67993 0.249044 5.1787
1.52332 0.267724 6.46419
1.635 0.277384 9.66441
1.70354 0.0920635 6.55971
1.68397 0.149974 9.40187
1.49508 0.0536835 10.0623
