1.57094 0.0840357 6.19461
1.49313 0.179246 9.37164
1.71404 0.244236 9.70339
1.69814 0.0878757 9.54773
1.63709 0.219966 9.44493
1.68153 0.121296 9.10726
1.43573 0.283016 5.41518
1.63965 0.0210757 7.54688
1.69001 0.00388575 8.81649
1.70721 0.246496 7.33901
1.6093 0.185966 7.76683
1.60936 0.287086 9.65105
1.6636 0.202766 7.36461
1.59249 0.309356 7.87974
1.59931 0.303006 7.88671
1.54492 0.233116 11.2008
1.49735 0.207586 10.3085
1.45738 0.0118957 7.94804
1.50934 0.0386657 9.26338
1.59827 0.303036 8.5693
1.72 0.192376 6.78061
1.60213 0.309836 5.27358
1.72652 0.241646 9.18662
1.57886 0.213896 10.926
1.65069 0.186046 6.57205
1.65499 0.267716 8.01684
1.61611 0.0495057 8.42056
1.58078 0.0416657 10.5699
1.4408 0.00343575 10.2304
1.66064 0.264906 11.0462
1.60623 0.00579575 8.88135
1.63942 0.0606557 7.49122
1.51121 0.00543575 9.19404
1.46491 0.0408657 9.34095
1.46823 0.235866 9.37908
1.56995 0.307786 10.9693
1.54596 0.0634857 6.53437
1.62247 0.261536 9.28645
1.61131 0.208486 12.0975
1.47107 0.239296 9.39051
1.44929 0.230396 3.84092
1.5433 0.135546 8.74354
