1.61625 0.266927 11.2358
1.49494 0.237883 5.49643
1.52344 0.0263924 5.39164
1.69398 0.0214024 8.04004
1.45007 0.228465 8.70002
1.46012 0.00676239 10.0605
1.42463 0.25868 11.5783
1.58481 0.116322 9.07765
1.48246 0.149082 10.1957
1.59249 0.0227324 9.83798
1.4541 0.0280924 11.9089
1.64348 0.30694 8.03949
1.58136 0.232377 8.61454
1.44641 0.173432 8.2235
1.70908 0.134322 9.48351
1.58665 0.274671 9.15397
1.52921 0.218554 7.47052
1.66922 0.313236 7.31087
1.46039 0.217214 5.86824
1.611 0.302701 9.11878
1.41507 0.221942 9.94106
1.7228 0.131712 5.64483
1.52067 0.0479124 9.50062
1.67896 0.0976624 5.5814
1.47227 0.123012 8.86507
1.59063 0.204263 8.29084
1.65906 0.169062 9.66419
1.59362 0.0298424 1.79944
1.62826 0.204232 6.58664
1.681 0.118782 6.18782
1.42311 0.307687 8.00612
1.64491 0.0104324 6.68269
1.46863 0.0331024 7.73531
1.4166 0.0207724 10.2291
1.5314 0.133642 5.05418
1.52161 0.148202 11.0336
1.51991 0.187399 10.8973
1.59941 0.0695524 5.76839
1.49261 0.0879724 3.32247
1.64802 0.0534524 10.4545
1.56737 0.0381824 9.17467
1.67213 0.217135 5.63548
1.47571 0.0518724 7.30187
