1.61625 0.10862 11.2358
1.49494 0.0795764 5.49643
1.61822 0.296526 8.55357
1.70385 0.301853 3.37254
1.54682 0.283951 6.84356
1.6456 0.253116 6.82155
1.45007 0.0701587 8.70002
1.42463 0.100374 11.5783
1.45852 0.271235 9.14711
1.44792 0.224191 6.65722
1.50655 0.233796 11.3427
1.66063 0.243656 7.19434
1.64348 0.148633 8.03949
1.58136 0.0740703 8.61454
1.44641 0.0151256 8.2235
1.58665 0.116364 9.15397
1.53114 0.231586 11.752
1.52921 0.0602477 7.47052
1.66922 0.154929 7.31087
1.46039 0.0589077 5.86824
1.611 0.144394 9.11878
1.41819 0.278378 9.16685
1.67034 0.298299 4.99717
1.41507 0.063635 9.94106
1.69906 0.260826 8.4487
1.44799 0.179839 9.83102
1.59516 0.208212 7.97113
1.47781 0.169706 8.75275
1.55168 0.218081 6.60827
1.5799 0.178575 9.00137
1.59063 0.0459563 8.29084
1.65906 0.0107556 9.66419
1.62826 0.0459253 6.58664
1.58023 0.234395 6.05235
1.42311 0.14938 8.00612
1.70245 0.171511 6.308
1.51991 0.0290921 10.8973
1.53501 0.266289 6.05723
1.71802 0.286801 10.2666
1.67213 0.0588287 5.63548
1.42279 0.289912 10.9814
