1.55979 0.0887221 8.37516
1.42972 0.0831221 8.00668
1.43103 0.209422 12.258
1.64446 0.227362 10.1369
1.60204 0.140662 9.80098
1.61765 0.105132 7.66217
1.48583 0.0987021 11.3447
1.50176 0.163482 8.50576
1.63733 0.261292 8.01622
1.4287 0.0452621 4.44041
1.60938 0.0933821 7.39753
1.57104 0.150472 7.1591
1.66162 0.233182 8.31697
1.57216 0.0795121 8.10658
1.50115 0.116542 6.5804
1.6808 0.200462 9.96321
1.41953 0.0638321 9.79893
1.46351 0.0320121 9.72888
1.47702 0.148892 8.46218
1.66954 0.123342 10.4059
1.52191 0.290302 8.92775
1.53306 0.123192 8.77708
1.70307 0.00783214 11.6119
1.67123 0.109542 10.3578
1.63156 0.313942 7.72788
1.6549 0.114292 8.65119
1.46775 0.101372 6.30768
1.4612 0.271372 11.0207
1.5408 0.00495214 8.37628
1.46591 0.191592 9.36411
1.67513 0.0435221 6.79222
1.47119 0.289552 9.32196
1.43678 0.190262 4.37022
1.43735 0.250652 5.50157
1.66056 0.298522 9.21138
1.47683 0.0687621 6.05026
1.60061 0.225812 10.292
1.55846 0.170932 10.8239
1.57951 0.300332 6.02306
1.65657 0.274462 12.1938
1.49606 0.0526421 9.84142
1.72367 0.267272 9.6112
1.56952 0.166672 7.59257
1.53671 0.182512 9.49395
1.60265 0.0322821 9.43116
1.42273 0.152602 7.21765
1.66265 0.208612 6.01365
1.45465 0.0895821 4.86179
1.58268 0.114002 8.88375
1.62247 0.113442 11.3858
1.51986 0.255992 6.26307
1.53062 0.267612 10.8593
