1.72279 0.292794 8.13136
1.51576 0.00482437 10.1853
1.5959 0.263004 8.69853
1.45777 0.0631244 9.83595
1.66694 0.267524 7.92899
1.6385 0.194134 9.39184
1.58972 0.132814 6.00485
1.58366 0.0489744 8.80242
1.58981 0.00534437 9.6439
1.6621 0.198004 9.35374
1.53953 0.0557844 7.40473
1.56946 0.0251644 6.64655
1.55851 0.257244 10.1846
1.54911 0.150944 10.6279
1.67093 0.243414 11.9338
1.57453 0.112354 5.92509
1.54589 0.240314 11.9504
1.62275 0.109244 9.6978
1.48206 0.119264 6.98397
1.5914 0.198974 12.7744
1.60814 0.107154 9.42632
1.64311 0.0946644 7.91843
1.5637 0.132574 9.52918
1.63971 0.265374 8.95233
1.57008 0.167984 4.57745
1.65118 0.0354044 10.4128
1.54615 0.117084 7.50102
1.61102 0.170834 9.03485
1.5055 0.221084 9.22838
1.54351 0.183564 6.2887
1.54082 0.142794 10.3397
1.72081 0.283134 7.56544
1.58178 0.195704 9.15752
1.52931 0.283904 8.99324
1.69407 0.271754 9.73365
1.50756 0.0917144 11.6866
1.68159 0.254314 5.02904
1.69851 0.164364 7.92413
1.64726 0.148414 8.68781
1.60954 0.209604 8.16371
1.51276 0.240284 8.43044
1.517 0.136694 9.07249
1.47849 0.0349944 8.42762
1.50513 0.180984 9.93495
1.52908 0.253224 8.03211
1.42058 0.0708044 6.43828
1.60398 0.276304 6.16866
1.42789 0.0273544 5.13396
