1.60675 0.0420796 7.31245
1.53945 0.00523956 6.35737
1.51396 0.0904796 5.94039
1.60023 0.13576 10.4156
1.52408 0.28853 5.37733
1.5914 0.21555 9.98965
1.54356 0.14242 11.3613
1.6998 0.0442896 9.95805
1.55116 0.0996096 7.58633
1.60457 0.0829196 7.48718
1.62524 0.15302 6.10942
1.5071 0.27822 8.4583
1.5308 0.2433 12.3485
1.48736 0.25911 8.08011
1.64208 0.10875 7.55338
1.49562 0.0743796 9.52581
1.71604 0.25796 4.68986
1.70371 0.0942396 8.10023
1.67833 0.1781 11.8419
1.5016 0.15034 11.7225
1.68084 0.0849996 9.74676
1.59801 0.0439596 11.0487
1.5577 0.0214196 9.65317
1.48609 0.22504 8.30835
1.4795 0.0355896 9.06267
1.55809 0.000559558 7.04585
1.54844 0.30972 11.6119
1.53142 0.0377996 12.1529
1.57088 0.22409 9.2944
1.59783 0.12936 9.7806
1.70898 0.25575 8.24007
1.47056 0.16983 7.93248
1.43104 0.14235 7.5046
1.53084 0.22931 6.53551
1.42911 0.18986 9.41331
1.47133 0.0562596 6.42572
1.47537 0.0735096 9.07474
1.60533 0.13897 7.51821
1.48675 0.22403 7.5089
1.6369 0.29886 10.8188
1.56408 0.16948 8.53727
1.5725 0.00927956 7.93291
1.53902 0.0297196 9.50448
1.47217 0.13175 9.3563
1.71833 0.20363 7.43245
1.68525 0.2266 11.0375
1.44984 0.18586 10.783
1.68899 0.13112 7.00371
1.62585 0.27107 7.26155
