1.55265 0.177329 10.0326
1.56522 0.298959 10.873
1.51494 0.0572293 10.769
1.60688 0.226709 8.57833
1.65109 0.223509 8.04085
1.54243 0.285809 12.4246
1.46868 0.143549 12.4847
1.57023 0.265229 9.47512
1.70387 0.310399 6.38876
1.51726 0.155359 7.52218
1.44983 0.268559 3.57622
1.46291 0.0162593 5.50001
1.51034 0.141259 8.41301
1.57022 0.168399 7.94907
1.45878 0.0815993 7.07294
1.61654 0.114749 9.69777
1.50079 0.0648493 9.56019
1.7127 0.0422693 6.74909
1.50638 0.0459193 9.36655
1.47159 0.175729 12.3368
1.53388 0.00660932 11.5721
1.49226 0.302149 6.2232
1.49165 0.241829 8.19064
1.55637 0.0196993 8.96678
1.56866 0.211609 10.9849
1.67373 0.151329 9.11596
1.49232 0.296469 10.2854
1.6571 0.254249 8.8865
1.56017 0.00166932 11.7209
1.61965 0.126699 8.8961
1.43425 0.160779 4.73315
1.47028 0.00833932 7.21255
1.52867 0.292769 8.98904
1.47236 0.244289 5.42487
1.63021 0.0709093 5.10995
1.68588 0.287539 5.61222
1.44434 0.0370793 9.41877
1.49797 0.177459 9.33733
1.66691 0.167199 9.34989
