1.64365 0.131904 7.18776
1.48985 0.136734 6.57907
1.52344 0.212924 5.39164
1.43573 0.0351245 5.41518
1.65218 0.130984 9.33824
1.60936 0.0391945 9.65105
1.69398 0.207934 8.04004
1.46964 0.142474 10.8164
1.59249 0.0614645 7.87974
1.46012 0.193294 10.0605
1.48132 0.0890145 9.38908
1.58353 0.166014 8.8288
1.59931 0.0551145 7.88671
1.58481 0.302854 9.07765
1.59249 0.209264 9.83798
1.4541 0.214624 11.9089
1.60666 0.162374 4.65153
1.56008 0.179854 10.6401
1.4268 0.151454 7.48278
1.59827 0.0551445 8.5693
1.60213 0.0619445 5.27358
1.63531 0.176844 11.3125
1.47317 0.125124 9.88451
1.65499 0.0198245 8.01684
1.52067 0.234444 9.50062
1.71585 0.147084 10.1045
1.67896 0.284194 5.5814
1.70958 0.163114 10.4344
1.47227 0.309544 8.86507
1.4544 0.0888145 10.8479
1.66064 0.0170145 11.0462
1.59362 0.216374 1.79944
1.66493 0.0707745 4.13992
1.67068 0.0940845 7.31184
1.49846 0.0965845 9.96904
1.681 0.305314 6.18782
1.64491 0.196964 6.68269
1.45691 0.0692945 6.67278
1.46863 0.219634 7.73531
1.4166 0.207304 10.2291
1.56995 0.0598945 10.9693
1.59941 0.256084 5.76839
1.49261 0.274504 3.32247
1.64802 0.239984 10.4545
1.56737 0.224714 9.17467
1.61347 0.105204 12.2061
1.62247 0.0136445 9.28645
1.47571 0.238404 7.30187
1.62887 0.0671445 10.4939
