1.69991 0.25096 10.0326
1.72381 0.0286304 10.154
1.66221 0.13086 10.769
1.54119 0.12727 6.35558
1.61594 0.21718 12.4847
1.55098 0.11317 9.08387
1.67338 0.0323104 8.93041
1.71673 0.0416604 9.60549
1.6548 0.00769039 7.41871
1.66452 0.22899 7.52218
1.61017 0.0898904 5.50001
1.6576 0.21489 8.41301
1.71748 0.24203 7.94907
1.60604 0.15523 7.07294
1.5048 0.0300404 7.18692
1.64806 0.13848 9.56019
1.65365 0.11955 9.36655
1.55364 0.00544039 6.57828
1.61885 0.24936 12.3368
1.68114 0.0802404 11.5721
1.63956 0.0477804 8.0656
1.55766 0.15977 10.1404
1.70363 0.0933304 8.96678
1.51014 0.11394 5.80099
1.71592 0.28524 10.9849
1.70743 0.0753004 11.7209
1.50637 0.00878039 12.0625
1.49902 0.11464 9.88572
1.49393 0.21251 10.087
1.58152 0.23441 4.73315
1.61754 0.0819704 7.21255
1.71361 0.0107904 8.07593
1.55246 0.0965904 10.4478
1.59238 0.0594504 13.8328
1.60808 0.0563604 7.52441
1.57713 0.0688704 8.90965
1.5916 0.11071 9.41877
1.54391 0.20145 5.20822
1.64523 0.25109 9.33733
