1.6 0.203458 6.86862
1.61319 0.170048 8.13111
1.66419 0.202298 10.9825
1.54301 0.180848 12.0433
1.64818 0.0370278 7.48317
1.55211 0.282688 10.6259
1.52001 0.0290378 7.56495
1.44354 0.183448 8.89745
1.58967 0.120818 4.83342
1.60512 0.0389278 6.19134
1.52773 0.0342478 6.40262
1.57356 0.0155378 7.01074
1.6372 0.135568 9.37649
1.52192 0.309838 6.92432
1.62896 0.0291478 4.73505
1.63825 0.169888 9.01191
1.53421 0.0548578 5.86146
1.45364 0.143818 6.12329
1.48914 0.233038 10.248
1.67041 0.233218 6.3685
1.56414 0.183248 9.20542
1.65447 0.296758 5.66403
1.60823 0.172168 9.14497
1.49978 0.202658 7.25093
1.52641 0.0164778 6.53623
1.47018 0.160718 7.05007
1.57678 0.163308 6.67757
1.42872 0.107178 5.35547
1.64753 0.312618 9.94656
1.67205 0.219778 9.99024
1.6063 0.0821578 12.5537
1.50078 0.227298 10.6196
1.58566 0.221868 6.37333
1.48366 0.0871878 2.59703
1.51659 0.257178 6.44337
1.58283 0.233298 7.59023
1.62523 0.114998 6.83018
1.66755 0.0244778 7.16749
1.56743 0.0695778 8.34197
1.58189 0.188798 10.9833
1.54938 0.123538 10.957
1.67123 0.257538 9.55998
1.42543 0.212698 9.26881
