1.50206 0.108992 10.7507
1.49438 0.182682 9.70355
1.51695 0.164792 4.49879
1.61349 0.0145724 4.12123
1.41929 0.0948224 9.80259
1.54348 0.314042 4.90543
1.71041 0.0885324 5.21027
1.63616 0.100782 7.8833
1.45815 0.0278024 12.1024
1.70374 0.255362 7.81723
1.49917 0.121812 7.84762
1.57309 0.264992 9.21965
1.62826 0.256452 10.3889
1.59522 0.178212 8.10052
1.67577 0.0994524 6.13027
1.5382 0.256442 8.75283
1.68874 0.0289424 6.36379
1.45087 0.265492 10.158
1.72687 0.294972 9.7264
1.44702 0.106842 9.39325
1.58536 0.00289244 7.65143
1.45372 0.169572 9.48503
1.45085 0.0254424 10.9435
1.44947 0.154352 9.27945
1.64186 0.301902 10.331
1.50328 0.188472 8.29129
1.60701 0.244682 6.61368
1.66441 0.290202 7.00005
1.60975 0.0695024 9.5182
1.68847 0.0963224 6.32903
1.53104 0.260342 5.98188
1.44626 0.0173124 7.39632
1.50654 0.302012 9.89814
1.60342 0.0880724 6.68258
1.68366 0.150962 8.01433
1.65648 0.0522324 7.22465
1.70101 0.223612 9.28761
1.66794 0.225322 3.15309
1.43743 0.207902 8.25778
1.57196 0.287592 7.46354
1.54892 0.0367024 5.51908
1.51594 0.00576244 6.03551
1.57427 0.00243244 6.97603
1.45461 0.222242 12.9376
1.46493 0.106992 9.466
1.72506 0.121242 5.54356
1.50232 0.0855524 7.33525
1.45556 0.0428324 11.7481
1.61605 0.0689624 8.03522
1.46095 0.210152 7.04974
1.52566 0.313762 9.93891
