1.71717 0.0107934 7.21136
1.69013 0.274933 8.00685
1.51527 0.206593 7.32341
1.69466 0.0943634 5.18956
1.43318 0.0596734 6.45865
1.51695 0.194583 7.17194
1.71858 0.000473441 4.93978
1.56943 0.0726034 10.3407
1.71159 0.0522034 9.69773
1.57293 0.189553 12.5877
1.54451 0.0288434 6.20019
1.57511 0.171843 8.73111
1.66625 0.0253134 8.76033
1.69749 0.0477434 6.28263
1.55669 0.0741934 6.80289
1.50961 0.0866134 7.0433
1.65533 0.194673 7.16549
1.53189 0.0985634 6.78599
1.58093 0.150103 8.44774
1.71038 0.172463 8.13112
1.71882 0.262613 9.59547
1.49049 0.155993 11.8953
1.6844 0.150813 8.55428
1.47486 0.309343 8.34567
1.56422 0.236403 8.08046
1.55198 0.265183 5.77223
1.55444 0.164033 9.98738
1.52825 0.306813 7.09459
1.6967 0.147763 7.27102
1.70728 0.00661344 6.74294
1.57298 0.122613 10.0118
1.52161 0.271573 8.02934
1.44214 0.310113 11.414
1.56132 0.247373 8.04949
1.62353 0.239433 9.95921
1.49403 0.226423 8.86796
1.48127 0.140403 11.6245
1.59005 0.252913 3.61214
1.69758 0.180593 6.46419
1.46305 0.154033 9.51136
1.55796 0.101903 11.9383
1.44712 0.209313 9.62859
