1.50825 0.0887221 8.37516
1.59292 0.227362 10.1369
1.70903 0.211852 9.96675
1.5505 0.140662 9.80098
1.5661 0.105132 7.66217
1.43428 0.0987021 11.3447
1.45022 0.163482 8.50576
1.58579 0.261292 8.01622
1.55784 0.0933821 7.39753
1.51949 0.150472 7.1591
1.61008 0.233182 8.31697
1.52062 0.0795121 8.10658
1.44961 0.116542 6.5804
1.62926 0.200462 9.96321
1.68214 0.269632 6.8438
1.42548 0.148892 8.46218
1.618 0.123342 10.4059
1.72353 0.113502 8.08206
1.47037 0.290302 8.92775
1.48152 0.123192 8.77708
1.65152 0.00783214 11.6119
1.61969 0.109542 10.3578
1.58001 0.313942 7.72788
1.68969 0.0364921 8.01005
1.60336 0.114292 8.65119
1.70677 0.0168321 7.89155
1.41621 0.101372 6.30768
1.48926 0.00495214 8.37628
1.69345 0.0182821 11.4016
1.41437 0.191592 9.36411
1.72509 0.124662 6.9326
1.62359 0.0435221 6.79222
1.41965 0.289552 9.32196
1.60902 0.298522 9.21138
1.42529 0.0687621 6.05026
1.54907 0.225812 10.292
1.50692 0.170932 10.8239
1.52797 0.300332 6.02306
1.60502 0.274462 12.1938
1.44452 0.0526421 9.84142
1.67213 0.267272 9.6112
1.51797 0.166672 7.59257
1.69186 0.240332 6.09565
1.48517 0.182512 9.49395
1.55111 0.0322821 9.43116
1.61111 0.208612 6.01365
1.69772 0.170212 7.62991
1.53114 0.114002 8.88375
1.57093 0.113442 11.3858
1.46832 0.255992 6.26307
1.47908 0.267612 10.8593
