1.61625 0.254655 11.2358
1.49494 0.225611 5.49643
1.52344 0.0141205 5.39164
1.69398 0.00913054 8.04004
1.45007 0.216194 8.70002
1.42463 0.246409 11.5783
1.58481 0.104051 9.07765
1.48246 0.136811 10.1957
1.59249 0.0104605 9.83798
1.4541 0.0158205 11.9089
1.64348 0.294668 8.03949
1.58136 0.220105 8.61454
1.44641 0.161161 8.2235
1.70908 0.122051 9.48351
1.58665 0.262399 9.15397
1.52921 0.206283 7.47052
1.66922 0.300964 7.31087
1.46039 0.204943 5.86824
1.611 0.290429 9.11878
1.41507 0.20967 9.94106
1.7228 0.119441 5.64483
1.52067 0.0356405 9.50062
1.67896 0.0853905 5.5814
1.47227 0.110741 8.86507
1.59063 0.191991 8.29084
1.65906 0.156791 9.66419
1.59362 0.0175705 1.79944
1.62826 0.19196 6.58664
1.681 0.106511 6.18782
1.42311 0.295415 8.00612
1.46863 0.0208305 7.73531
1.4166 0.00850054 10.2291
1.5314 0.121371 5.05418
1.52161 0.135931 11.0336
1.51991 0.175127 10.8973
1.59941 0.0572805 5.76839
1.49261 0.0757005 3.32247
1.64802 0.0411805 10.4545
1.56737 0.0259105 9.17467
1.67213 0.204864 5.63548
1.47571 0.0396005 7.30187
