1.43484 0.118424 10.0326
1.69328 0.276714 8.90281
1.63403 0.105194 7.83831
1.48274 0.310314 11.7371
1.44741 0.240054 10.873
1.48907 0.167804 8.57833
1.6932 0.256174 8.17431
1.53328 0.164604 8.04085
1.67079 0.0506445 9.97669
1.42462 0.226904 12.4246
1.68759 0.275204 6.57714
1.7073 0.0426745 10.4727
1.65088 0.122874 8.41439
1.61238 0.293814 7.72265
1.45242 0.206324 9.47512
1.58606 0.251494 6.38876
1.50256 0.268774 11.5704
1.42129 0.261244 12.4949
1.71693 0.0563345 8.50433
1.45241 0.109494 7.94907
1.49873 0.0558445 9.69777
1.63147 0.239824 5.89735
1.63904 0.265414 10.8744
1.63535 0.119214 9.21655
1.69695 0.0914145 8.22786
1.71505 0.114634 10.1704
1.61508 0.197834 5.2127
1.45085 0.152704 10.9849
1.55592 0.0924245 9.11596
1.53929 0.195344 8.8865
1.66593 0.0476845 10.5989
1.50184 0.0677945 8.8961
1.64546 0.162274 7.74214
1.72712 0.0536645 10.3586
1.70002 0.163334 9.22537
1.45531 0.273964 12.2699
1.71352 0.309724 6.67414
1.5124 0.0120045 5.10995
1.56807 0.228634 5.61222
1.43592 0.256994 11.5061
1.664 0.211614 11.3588
1.5491 0.108294 9.34989
1.46458 0.260004 8.26861
1.7031 0.227684 5.26847
