1.66874 0.264443 8.90281
1.60949 0.0929226 7.83831
1.4582 0.298043 11.7371
1.42287 0.227783 10.873
1.7185 0.288963 7.80137
1.46453 0.155533 8.57833
1.66866 0.243903 8.17431
1.50874 0.152333 8.04085
1.64625 0.0383726 9.97669
1.72358 0.146313 8.56252
1.66304 0.262933 6.57714
1.68275 0.0304026 10.4727
1.62633 0.110603 8.41439
1.58783 0.281543 7.72265
1.42787 0.194053 9.47512
1.56151 0.239223 6.38876
1.47801 0.256503 11.5704
1.69239 0.0440626 8.50433
1.42787 0.0972226 7.94907
1.47419 0.0435726 9.69777
1.60692 0.227553 5.89735
1.61449 0.253143 10.8744
1.70688 0.0426226 6.74028
1.72118 0.297313 8.36558
1.61081 0.106943 9.21655
1.67241 0.0791426 8.22786
1.69051 0.102363 10.1704
1.59054 0.185563 5.2127
1.42631 0.140433 10.9849
1.53137 0.0801526 9.11596
1.70408 0.221613 7.89086
1.51474 0.183073 8.8865
1.70946 0.256913 9.31683
1.64139 0.0354126 10.5989
1.47729 0.0555226 8.8961
1.62092 0.150003 7.74214
1.70257 0.0413926 10.3586
1.67547 0.151063 9.22537
1.43077 0.261693 12.2699
1.68898 0.297453 6.67414
1.54353 0.216363 5.61222
1.63946 0.199343 11.3588
1.6587 0.307353 7.31318
1.52456 0.0960226 9.34989
1.44004 0.247733 8.26861
1.67856 0.215413 5.26847
