1.66937 0.0801541 7.16428
1.44805 0.0596741 10.4156
1.62424 0.0609741 9.4377
1.43923 0.139464 9.98965
1.62052 0.178034 9.49836
1.66759 0.307514 10.6224
1.4524 0.00683411 7.48718
1.47307 0.0769341 6.10942
1.6318 0.168764 7.35576
1.48991 0.0326641 7.55338
1.56387 0.181874 4.68986
1.55154 0.0181541 8.10023
1.72005 0.242924 8.85039
1.52616 0.102014 11.8419
1.52867 0.00891411 9.74676
1.65579 0.238484 6.34262
1.43444 0.262294 8.01005
1.41871 0.148004 9.2944
1.44566 0.0532741 9.7806
1.45151 0.242634 7.89155
1.55681 0.179664 8.24007
1.43819 0.244084 11.4016
1.65773 0.223524 10.2936
1.59072 0.197834 4.94607
1.69425 0.231164 3.34318
1.6957 0.0403441 5.27215
1.65069 0.195154 7.59352
1.45316 0.0628841 7.51821
1.48473 0.222774 10.8188
1.63777 0.225344 7.65242
1.7224 0.0437441 7.39877
1.67679 0.0272741 7.99526
1.72139 0.144824 5.29349
1.51496 0.308334 6.53478
1.56616 0.127544 7.43245
1.6198 0.138684 6.87043
1.53308 0.150514 11.0375
1.53682 0.0550341 7.00371
1.47368 0.194984 7.26155
1.60044 0.268414 8.85798
