1.64365 0.152767 7.18776
1.71404 0.0172066 9.70339
1.48985 0.157597 6.57907
1.52344 0.233787 5.39164
1.43573 0.0559866 5.41518
1.65218 0.151847 9.33824
1.70721 0.0194666 7.33901
1.60936 0.0600566 9.65105
1.69398 0.228797 8.04004
1.46964 0.163337 10.8164
1.59249 0.0823266 7.87974
1.46012 0.214157 10.0605
1.48132 0.109877 9.38908
1.58353 0.186877 8.8288
1.59931 0.0759766 7.88671
1.59249 0.230127 9.83798
1.4541 0.235487 11.9089
1.60666 0.183237 4.65153
1.54492 0.00608659 11.2008
1.56008 0.200717 10.6401
1.4268 0.172317 7.48278
1.59827 0.0760066 8.5693
1.60213 0.0828066 5.27358
1.63531 0.197707 11.3125
1.72652 0.0146166 9.18662
1.47317 0.145987 9.88451
1.65499 0.0406866 8.01684
1.52067 0.255307 9.50062
1.71585 0.167947 10.1045
1.67896 0.305057 5.5814
1.70958 0.183977 10.4344
1.4544 0.109677 10.8479
1.66064 0.0378766 11.0462
1.59362 0.237237 1.79944
1.66493 0.0916366 4.13992
1.67068 0.114947 7.31184
1.49846 0.117447 9.96904
1.64491 0.217827 6.68269
1.45691 0.0901566 6.67278
1.46863 0.240497 7.73531
1.4166 0.228167 10.2291
1.46823 0.00883659 9.37908
1.56995 0.0807566 10.9693
1.59941 0.276947 5.76839
1.49261 0.295367 3.32247
1.64802 0.260847 10.4545
1.56737 0.245577 9.17467
1.61347 0.126067 12.2061
1.62247 0.0345066 9.28645
1.47107 0.0122666 9.39051
1.44929 0.00336659 3.84092
1.47571 0.259267 7.30187
1.62887 0.0880066 10.4939
