1.57094 0.0202221 6.19461
1.49313 0.115432 9.37164
1.71404 0.180422 9.70339
1.69814 0.0240621 9.54773
1.63709 0.156152 9.44493
1.68153 0.0574821 9.10726
1.43573 0.219202 5.41518
1.70721 0.182682 7.33901
1.6093 0.122152 7.76683
1.60936 0.223272 9.65105
1.6636 0.138952 7.36461
1.59249 0.245542 7.87974
1.48132 0.273092 9.38908
1.59931 0.239192 7.88671
1.54492 0.169302 11.2008
1.49735 0.143772 10.3085
1.59827 0.239222 8.5693
1.72 0.128562 6.78061
1.60213 0.246022 5.27358
1.72652 0.177832 9.18662
1.57886 0.150082 10.926
1.47317 0.309202 9.88451
1.65069 0.122232 6.57205
1.65499 0.203902 8.01684
1.4544 0.272892 10.8479
1.66064 0.201092 11.0462
1.66493 0.254852 4.13992
1.67068 0.278162 7.31184
1.49846 0.280662 9.96904
1.45691 0.253372 6.67278
1.46823 0.172052 9.37908
1.56995 0.243972 10.9693
1.61347 0.289282 12.2061
1.62247 0.197722 9.28645
1.61131 0.144672 12.0975
1.47107 0.175482 9.39051
1.44929 0.166582 3.84092
1.5433 0.0717321 8.74354
1.62887 0.251222 10.4939
