1.64365 0.0349569 7.18776
1.48985 0.0397869 6.57907
1.52344 0.115977 5.39164
1.65218 0.0340369 9.33824
1.69398 0.110987 8.04004
1.46964 0.0455269 10.8164
1.46012 0.0963469 10.0605
1.58353 0.0690669 8.8288
1.58481 0.205907 9.07765
1.48246 0.238667 10.1957
1.59249 0.112317 9.83798
1.4541 0.117677 11.9089
1.60666 0.0654269 4.65153
1.44641 0.263017 8.2235
1.56008 0.0829069 10.6401
1.70908 0.223907 9.48351
1.4268 0.0545069 7.48278
1.52921 0.308139 7.47052
1.46039 0.306799 5.86824
1.63531 0.0798969 11.3125
1.47317 0.0281769 9.88451
1.41507 0.311526 9.94106
1.7228 0.221297 5.64483
1.52067 0.137497 9.50062
1.71585 0.0501369 10.1045
1.67896 0.187247 5.5814
1.70958 0.0661669 10.4344
1.47227 0.212597 8.86507
1.59063 0.293848 8.29084
1.65906 0.258647 9.66419
1.59362 0.119427 1.79944
1.62826 0.293817 6.58664
1.681 0.208367 6.18782
1.64491 0.100017 6.68269
1.46863 0.122687 7.73531
1.4166 0.110357 10.2291
1.5314 0.223227 5.05418
1.52161 0.237787 11.0336
1.51991 0.276983 10.8973
1.59941 0.159137 5.76839
1.49261 0.177557 3.32247
1.64802 0.143037 10.4545
1.56737 0.127767 9.17467
1.61347 0.00825687 12.2061
1.67213 0.30672 5.63548
1.47571 0.141457 7.30187
