1.62709 0.170222 6.35558
1.70185 0.260132 12.4847
1.63689 0.156122 9.08387
1.62706 0.0220819 10.0863
1.69608 0.132842 5.50001
1.69194 0.198182 7.07294
1.59071 0.0729919 7.18692
1.63955 0.0483919 6.57828
1.70476 0.292312 12.3368
1.72546 0.0907319 8.0656
1.64357 0.202722 10.1404
1.59604 0.156892 5.80099
1.59227 0.0517319 12.0625
1.58492 0.157592 9.88572
1.57983 0.255462 10.087
1.66742 0.277362 4.73315
1.70345 0.124922 7.21255
1.63836 0.139542 10.4478
1.67828 0.102402 13.8328
1.69398 0.0993119 7.52441
1.66303 0.111822 8.90965
1.67751 0.153662 9.41877
1.62981 0.244402 5.20822
