1.52722 0.0496365 7.34627
1.53312 0.0471765 7.9443
1.68652 0.0619565 8.89745
1.48329 0.255696 12.5412
1.62828 0.162606 10.1573
1.47598 0.0192865 6.8438
1.52405 0.0490665 10.4809
1.4545 0.0831965 8.74073
1.69662 0.0223265 6.12329
1.57226 0.0964465 9.05278
1.49936 0.212636 11.7962
1.62713 0.0934865 7.48382
1.62611 0.111916 7.6065
1.66147 0.260976 7.17228
1.42659 0.0729565 9.46531
1.50777 0.214736 6.37953
1.51108 0.266426 7.9826
1.44782 0.211666 7.87684
1.60861 0.0890765 9.31824
1.54982 0.304266 9.71725
1.59352 0.208706 9.22614
1.56722 0.210636 6.55013
1.50995 0.256296 8.39931
1.66426 0.268026 11.6453
1.6257 0.287486 7.09406
1.71316 0.0392265 7.05007
1.61052 0.238576 5.34713
1.54416 0.246156 11.87
1.53365 0.0381365 8.9252
1.48522 0.186686 8.88217
1.55933 0.0645765 7.94901
1.61399 0.234956 8.30364
1.4225 0.0762165 5.73656
1.61779 0.0220665 8.96659
1.43674 0.136306 7.24223
1.4316 0.208716 7.66866
1.70056 0.229656 8.85975
1.46596 0.0169265 9.6112
1.71471 0.202966 7.24938
1.56394 0.0976565 6.99795
1.56908 0.242116 8.2391
1.53173 0.177966 6.55971
1.66841 0.0912065 9.26881
1.51216 0.235876 9.40187
