1.57094 0.120851 6.19461
1.49313 0.216061 9.37164
1.71404 0.281051 9.70339
1.69814 0.124691 9.54773
1.63709 0.256781 9.44493
1.68153 0.158111 9.10726
1.63965 0.0578913 7.54688
1.69001 0.0407013 8.81649
1.70721 0.283311 7.33901
1.6093 0.222781 7.76683
1.6636 0.239581 7.36461
1.50737 0.00164129 9.79795
1.54492 0.269931 11.2008
1.49735 0.244401 10.3085
1.45738 0.0487113 7.94804
1.50934 0.0754813 9.26338
1.72 0.229191 6.78061
1.72652 0.278461 9.18662
1.57886 0.250711 10.926
1.65069 0.222861 6.57205
1.65499 0.304531 8.01684
1.61611 0.0863213 8.42056
1.58078 0.0784813 10.5699
1.4408 0.0402513 10.2304
1.54834 0.0143513 5.35347
1.66064 0.301721 11.0462
1.60623 0.0426113 8.88135
1.63942 0.0974713 7.49122
1.51121 0.0422513 9.19404
1.46491 0.0776813 9.34095
1.46823 0.272681 9.37908
1.54596 0.100301 6.53437
1.62247 0.298351 9.28645
1.61131 0.245301 12.0975
1.47107 0.276111 9.39051
1.51834 0.00110129 9.51503
1.44929 0.267211 3.84092
1.5433 0.172361 8.74354
