1.43679 0.226237 6.08845
1.62118 0.281237 7.48317
1.62906 0.0265475 8.05751
1.49301 0.273247 7.56495
1.68848 0.196887 9.83595
1.57812 0.283137 6.19134
1.50073 0.278457 6.40262
1.4467 0.197067 10.6224
1.54656 0.259747 7.01074
1.60196 0.273357 4.73505
1.6934 0.0438275 7.43832
1.50721 0.299067 5.86146
1.60895 0.135227 6.51004
1.70836 0.127717 6.16769
1.48264 0.210417 8.72814
1.60221 0.163727 8.39158
1.49916 0.132477 8.85039
1.51788 0.0299075 6.47321
1.49843 0.231707 7.24413
1.5738 0.169807 7.71318
1.4349 0.128037 6.34262
1.71277 0.253027 6.98397
1.50578 0.206677 10.6118
1.58076 0.0606375 5.89698
1.56793 0.203807 10.5628
1.70624 0.0867075 9.60221
1.49941 0.260687 6.53623
1.63216 0.231517 10.1498
1.43684 0.113077 10.2936
1.47336 0.120717 3.34318
1.60784 0.140847 10.1143
1.67244 0.00957749 9.68054
1.4298 0.0847075 7.59352
1.59523 0.00553749 8.46808
1.41688 0.114897 7.65242
1.6074 0.170407 10.3412
1.52677 0.0649475 13.4192
1.5005 0.0343775 5.29349
1.68081 0.0669675 9.6493
1.53809 0.0402275 9.37185
1.5369 0.102607 9.58671
1.64055 0.268687 7.16749
1.52795 0.168917 8.75734
1.54043 0.313787 8.34197
1.7092 0.168757 8.42762
1.60473 0.112137 11.9621
1.65129 0.204567 6.43828
1.6586 0.161117 5.13396
