1.61625 0.193296 11.2358
1.49494 0.164252 5.49643
1.45007 0.154834 8.70002
1.42463 0.185049 11.5783
1.58481 0.0426913 9.07765
1.48246 0.0754513 10.1957
1.44792 0.308867 6.65722
1.64348 0.233309 8.03949
1.58136 0.158746 8.61454
1.44641 0.0998013 8.2235
1.70908 0.0606913 9.48351
1.58665 0.20104 9.15397
1.52921 0.144923 7.47052
1.66922 0.239605 7.31087
1.46039 0.143583 5.86824
1.611 0.22907 9.11878
1.41507 0.148311 9.94106
1.44799 0.264515 9.83102
1.7228 0.0580813 5.64483
1.67896 0.0240313 5.5814
1.59516 0.292888 7.97113
1.47781 0.254382 8.75275
1.55168 0.302757 6.60827
1.5799 0.263251 9.00137
1.47227 0.0493813 8.86507
1.59063 0.130632 8.29084
1.65906 0.0954313 9.66419
1.62826 0.130601 6.58664
1.681 0.0451513 6.18782
1.42311 0.234056 8.00612
1.70245 0.256187 6.308
1.5314 0.0600113 5.05418
1.52161 0.0745713 11.0336
1.51991 0.113768 10.8973
1.49261 0.0143413 3.32247
1.67213 0.143504 5.63548
