1.61625 0.204341 11.2358
1.49494 0.175297 5.49643
1.45007 0.165879 8.70002
1.42463 0.196094 11.5783
1.58481 0.053736 9.07765
1.48246 0.086496 10.1957
1.64348 0.244353 8.03949
1.58136 0.169791 8.61454
1.44641 0.110846 8.2235
1.70908 0.071736 9.48351
1.58665 0.212084 9.15397
1.52921 0.155968 7.47052
1.66922 0.250649 7.31087
1.46039 0.154628 5.86824
1.611 0.240114 9.11878
1.41507 0.159355 9.94106
1.44799 0.275559 9.83102
1.7228 0.069126 5.64483
1.67896 0.035076 5.5814
1.59516 0.303932 7.97113
1.47781 0.265426 8.75275
1.55168 0.313801 6.60827
1.5799 0.274295 9.00137
1.47227 0.060426 8.86507
1.59063 0.141677 8.29084
1.65906 0.106476 9.66419
1.62826 0.141646 6.58664
1.681 0.056196 6.18782
1.42311 0.2451 8.00612
1.70245 0.267231 6.308
1.5314 0.071056 5.05418
1.52161 0.085616 11.0336
1.51991 0.124813 10.8973
1.59941 0.00696597 5.76839
1.49261 0.025386 3.32247
1.67213 0.154549 5.63548
