1.56961 0.0887221 8.37516
1.43953 0.0831221 8.00668
1.42226 0.164212 8.53792
1.44084 0.209422 12.258
1.65428 0.227362 10.1369
1.61186 0.140662 9.80098
1.62746 0.105132 7.66217
1.49564 0.0987021 11.3447
1.51158 0.163482 8.50576
1.64715 0.261292 8.01622
1.43852 0.0452621 4.44041
1.61919 0.0933821 7.39753
1.58085 0.150472 7.1591
1.67144 0.233182 8.31697
1.58198 0.0795121 8.10658
1.51097 0.116542 6.5804
1.69062 0.200462 9.96321
1.42934 0.0638321 9.79893
1.47333 0.0320121 9.72888
1.48684 0.148892 8.46218
1.67936 0.123342 10.4059
1.53172 0.290302 8.92775
1.54288 0.123192 8.77708
1.71288 0.00783214 11.6119
1.68105 0.109542 10.3578
1.64137 0.313942 7.72788
1.66472 0.114292 8.65119
1.47757 0.101372 6.30768
1.47102 0.271372 11.0207
1.55062 0.00495214 8.37628
1.47573 0.191592 9.36411
1.68494 0.0435221 6.79222
1.48101 0.289552 9.32196
1.4466 0.190262 4.37022
1.44717 0.250652 5.50157
1.67037 0.298522 9.21138
1.48664 0.0687621 6.05026
1.61043 0.225812 10.292
1.56828 0.170932 10.8239
1.58932 0.300332 6.02306
1.66638 0.274462 12.1938
1.50588 0.0526421 9.84142
1.57933 0.166672 7.59257
1.54653 0.182512 9.49395
1.41714 0.292732 8.51622
1.61246 0.0322821 9.43116
1.43255 0.152602 7.21765
1.67247 0.208612 6.01365
1.46446 0.0895821 4.86179
1.5925 0.114002 8.88375
1.63228 0.113442 11.3858
1.52968 0.255992 6.26307
1.54044 0.267612 10.8593
