1.64365 0.126996 7.18776
1.48985 0.131826 6.57907
1.52344 0.208016 5.39164
1.43573 0.0302157 5.41518
1.65218 0.126076 9.33824
1.60936 0.0342857 9.65105
1.69398 0.203026 8.04004
1.46964 0.137566 10.8164
1.59249 0.0565557 7.87974
1.46012 0.188386 10.0605
1.48132 0.0841057 9.38908
1.58353 0.161106 8.8288
1.59931 0.0502057 7.88671
1.58481 0.297946 9.07765
1.59249 0.204356 9.83798
1.4541 0.209716 11.9089
1.60666 0.157466 4.65153
1.56008 0.174946 10.6401
1.4268 0.146546 7.48278
1.59827 0.0502357 8.5693
1.60213 0.0570357 5.27358
1.63531 0.171936 11.3125
1.47317 0.120216 9.88451
1.7228 0.313336 5.64483
1.65499 0.0149157 8.01684
1.52067 0.229536 9.50062
1.71585 0.142176 10.1045
1.67896 0.279286 5.5814
1.70958 0.158206 10.4344
1.47227 0.304636 8.86507
1.4544 0.0839057 10.8479
1.66064 0.0121057 11.0462
1.59362 0.211466 1.79944
1.66493 0.0658657 4.13992
1.67068 0.0891757 7.31184
1.49846 0.0916757 9.96904
1.681 0.300406 6.18782
1.64491 0.192056 6.68269
1.45691 0.0643857 6.67278
1.46863 0.214726 7.73531
1.4166 0.202396 10.2291
1.56995 0.0549857 10.9693
1.59941 0.251176 5.76839
1.49261 0.269596 3.32247
1.64802 0.235076 10.4545
1.56737 0.219806 9.17467
1.61347 0.100296 12.2061
1.62247 0.00873571 9.28645
1.47571 0.233496 7.30187
1.62887 0.0622357 10.4939
