1.47361 0.110882 6.08845
1.62301 0.298902 8.13111
1.55283 0.309702 12.0433
1.658 0.165882 7.48317
1.52983 0.157892 7.56495
1.7253 0.0815321 9.83595
1.45336 0.312302 8.89745
1.59949 0.249672 4.83342
1.61494 0.167782 6.19134
1.53755 0.163102 6.40262
1.48352 0.0817121 10.6224
1.58338 0.144392 7.01074
1.64702 0.264422 9.37649
1.63878 0.158002 4.73505
1.64807 0.298742 9.01191
1.54403 0.183712 5.86146
1.64577 0.0198721 6.51004
1.46346 0.272672 6.12329
1.51946 0.0950621 8.72814
1.57396 0.312102 9.20542
1.63903 0.0483721 8.39158
1.53598 0.0171221 8.85039
1.53525 0.116352 7.24413
1.61805 0.301022 9.14497
1.61062 0.0544521 7.71318
1.47172 0.0126821 6.34262
1.5426 0.0913221 10.6118
1.60475 0.0884521 10.5628
1.53623 0.145332 6.53623
1.66898 0.116162 10.1498
1.48 0.289572 7.05007
1.5866 0.292162 6.67757
1.51018 0.00536214 3.34318
1.43854 0.236032 5.35547
1.64466 0.0254921 10.1143
1.61612 0.211012 12.5537
1.64422 0.0550521 10.3412
1.49348 0.216042 2.59703
1.63505 0.243852 6.83018
1.67737 0.153332 7.16749
1.56477 0.0535621 8.75734
1.57725 0.198432 8.34197
1.5592 0.252392 10.957
1.41637 0.0426121 8.85798
1.68811 0.0892121 6.43828
1.69542 0.0457621 5.13396
