1.64093 0.0858186 10.1853
1.51564 0.228469 7.48317
1.58294 0.144119 9.83595
1.45713 0.312259 4.83342
1.47258 0.230369 6.19134
1.44102 0.206979 7.01074
1.71489 0.213809 6.00485
1.70883 0.129969 8.80242
1.71498 0.0863386 9.6439
1.49642 0.220589 4.73505
1.50341 0.0824586 6.51004
1.60282 0.0749486 6.16769
1.6647 0.136779 7.40473
1.69463 0.106159 6.64655
1.67428 0.231939 10.6279
1.49667 0.110959 8.39158
1.6997 0.193349 5.92509
1.46826 0.117039 7.71318
1.60723 0.200259 6.98397
1.65584 0.0313986 9.36544
1.47522 0.00786855 5.89698
1.71657 0.279969 12.7744
1.68887 0.213569 9.52918
1.46239 0.151039 10.5628
1.6007 0.0339386 9.60221
1.52662 0.178749 10.1498
1.64964 0.0786486 7.55029
1.69525 0.248979 4.57745
1.67863 0.0250286 10.1096
1.67132 0.198079 7.50102
1.5023 0.0880786 10.1143
1.47376 0.273599 12.5537
1.63067 0.302079 9.22838
1.66868 0.264559 6.2887
1.66599 0.223789 10.3397
1.70695 0.276699 9.15752
1.50186 0.117639 10.3412
1.42123 0.0121786 13.4192
1.57527 0.0141986 9.6493
1.63273 0.172709 11.6866
1.49269 0.306439 6.83018
1.43136 0.0498386 9.58671
1.53501 0.215919 7.16749
1.42241 0.116149 8.75734
1.43489 0.261019 8.34197
1.64217 0.217689 9.07249
1.60366 0.115989 8.42762
1.6303 0.261979 9.93495
1.49919 0.0593686 11.9621
1.54575 0.151799 6.43828
1.55306 0.108349 5.13396
