1.43893 0.298902 8.13111
1.59921 0.0232321 10.1853
1.47392 0.165882 7.48317
1.67935 0.281412 8.69853
1.54122 0.0815321 9.83595
1.41541 0.249672 4.83342
1.43086 0.167782 6.19134
1.72195 0.212542 9.39184
1.67317 0.151222 6.00485
1.46294 0.264422 9.37649
1.66711 0.0673821 8.80242
1.67326 0.0237521 9.6439
1.4547 0.158002 4.73505
1.46399 0.298742 9.01191
1.46169 0.0198721 6.51004
1.5611 0.0123621 6.16769
1.62298 0.0741921 7.40473
1.65291 0.0435721 6.64655
1.64196 0.275652 10.1846
1.63256 0.169352 10.6279
1.45495 0.0483721 8.39158
1.65798 0.130762 5.92509
1.43397 0.301022 9.14497
1.42654 0.0544521 7.71318
1.62934 0.258722 11.9504
1.7062 0.127652 9.6978
1.56551 0.137672 6.98397
1.67485 0.217382 12.7744
1.69159 0.125562 9.42632
1.72656 0.113072 7.91843
1.64715 0.150982 9.52918
1.42067 0.0884521 10.5628
1.4849 0.116162 10.1498
1.60792 0.0160621 7.55029
1.72316 0.283782 8.95233
1.65353 0.186392 4.57745
1.6296 0.135492 7.50102
1.46058 0.0254921 10.1143
1.43204 0.211012 12.5537
1.69447 0.189242 9.03485
1.58895 0.239492 9.22838
1.62696 0.201972 6.2887
1.62427 0.161202 10.3397
1.66523 0.214112 9.15752
1.61276 0.302312 8.99324
1.46014 0.0550521 10.3412
1.59101 0.110122 11.6866
1.45097 0.243852 6.83018
1.49329 0.153332 7.16749
1.69299 0.228012 8.16371
1.59621 0.258692 8.43044
1.60045 0.155102 9.07249
1.56194 0.0534021 8.42762
1.58858 0.199392 9.93495
1.61253 0.271632 8.03211
1.50403 0.0892121 6.43828
1.68743 0.294712 6.16866
1.51134 0.0457621 5.13396
