1.61625 0.22643 11.2358
1.49494 0.197386 5.49643
1.45007 0.187968 8.70002
1.42463 0.218183 11.5783
1.58481 0.0758253 9.07765
1.48246 0.108585 10.1957
1.64348 0.266443 8.03949
1.58136 0.19188 8.61454
1.44641 0.132935 8.2235
1.70908 0.0938253 9.48351
1.58665 0.234174 9.15397
1.52921 0.178057 7.47052
1.66922 0.272739 7.31087
1.46039 0.176717 5.86824
1.611 0.262204 9.11878
1.41507 0.181445 9.94106
1.44799 0.297649 9.83102
1.7228 0.0912153 5.64483
1.52067 0.00741529 9.50062
1.67896 0.0571653 5.5814
1.47781 0.287516 8.75275
1.5799 0.296385 9.00137
1.47227 0.0825153 8.86507
1.59063 0.163766 8.29084
1.65906 0.128565 9.66419
1.62826 0.163735 6.58664
1.681 0.0782853 6.18782
1.42311 0.26719 8.00612
1.70245 0.289321 6.308
1.5314 0.0931453 5.05418
1.52161 0.107705 11.0336
1.51991 0.146902 10.8973
1.59941 0.0290553 5.76839
1.49261 0.0474753 3.32247
1.64802 0.0129553 10.4545
1.67213 0.176638 5.63548
1.47571 0.0113753 7.30187
