1.72279 0.140623 8.13136
1.5959 0.110833 8.69853
1.65774 0.226493 9.42983
1.48821 0.312683 10.1985
1.66744 0.169423 7.42089
1.66694 0.115353 7.92899
1.6385 0.0419635 9.39184
1.66946 0.275323 7.37324
1.6621 0.0458335 9.35374
1.55851 0.105073 10.1846
1.67093 0.0912435 11.9338
1.54589 0.0881435 11.9504
1.44663 0.298233 6.81326
1.5914 0.0468035 12.7744
1.60484 0.237783 6.94769
1.71962 0.163793 9.14889
1.50811 0.228813 10.5855
1.63971 0.113203 8.95233
1.57008 0.0158135 4.57745
1.57528 0.209963 9.40788
1.49388 0.201823 7.6935
1.41434 0.178053 9.99024
1.48821 0.242983 8.92796
1.61102 0.0186635 9.03485
1.5055 0.0689135 9.22838
1.54351 0.0313935 6.2887
1.72081 0.130963 7.56544
1.58178 0.0435335 9.15752
1.52931 0.131733 8.99324
1.69407 0.119583 9.73365
1.6687 0.169723 8.25033
1.68159 0.102143 5.02904
1.56469 0.265463 12.3679
1.69851 0.0121935 7.92413
1.70374 0.180023 9.7349
1.60954 0.0574335 8.16371
1.47706 0.220843 6.92325
1.51276 0.0881135 8.43044
1.50513 0.0288135 9.93495
1.52908 0.101053 8.03211
1.44913 0.293413 6.26427
1.60398 0.124133 6.16866
