1.72279 0.134488 8.13136
1.5959 0.104698 8.69853
1.65774 0.220358 9.42983
1.48821 0.306548 10.1985
1.66744 0.163288 7.42089
1.66694 0.109218 7.92899
1.6385 0.0358276 9.39184
1.66946 0.269188 7.37324
1.6621 0.0396976 9.35374
1.55851 0.0989376 10.1846
1.67093 0.0851076 11.9338
1.54589 0.0820076 11.9504
1.44663 0.292098 6.81326
1.5914 0.0406676 12.7744
1.60484 0.231648 6.94769
1.71962 0.157658 9.14889
1.50811 0.222678 10.5855
1.63971 0.107068 8.95233
1.57008 0.00967755 4.57745
1.57528 0.203828 9.40788
1.49388 0.195688 7.6935
1.41434 0.171918 9.99024
1.48821 0.236848 8.92796
1.61102 0.0125276 9.03485
1.5055 0.0627776 9.22838
1.54351 0.0252576 6.2887
1.72081 0.124828 7.56544
1.58178 0.0373976 9.15752
1.52931 0.125598 8.99324
1.69407 0.113448 9.73365
1.6687 0.163588 8.25033
1.68159 0.0960076 5.02904
1.56469 0.259328 12.3679
1.69851 0.00605755 7.92413
1.70374 0.173888 9.7349
1.60954 0.0512976 8.16371
1.47706 0.214708 6.92325
1.51276 0.0819776 8.43044
1.50513 0.0226776 9.93495
1.52908 0.0949176 8.03211
1.44913 0.287278 6.26427
1.60398 0.117998 6.16866
