1.57094 0.158894 6.19461
1.49313 0.254104 9.37164
1.69814 0.162734 9.54773
1.63709 0.294824 9.44493
1.68153 0.196154 9.10726
1.63965 0.095934 7.54688
1.69001 0.078744 8.81649
1.6093 0.260824 7.76683
1.6636 0.277624 7.36461
1.61657 0.017564 8.13816
1.50737 0.039684 9.79795
1.54492 0.307974 11.2008
1.49735 0.282444 10.3085
1.45738 0.086754 7.94804
1.50934 0.113524 9.26338
1.72 0.267234 6.78061
1.58038 0.030794 8.42869
1.57886 0.288754 10.926
1.65069 0.260904 6.57205
1.61611 0.124364 8.42056
1.58078 0.116524 10.5699
1.4408 0.078294 10.2304
1.54834 0.052394 5.35347
1.60623 0.080654 8.88135
1.63942 0.135514 7.49122
1.51121 0.080294 9.19404
1.46491 0.115724 9.34095
1.46823 0.310724 9.37908
1.54596 0.138344 6.53437
1.61131 0.283344 12.0975
1.70849 0.032274 7.53375
1.47107 0.314154 9.39051
1.51834 0.039144 9.51503
1.44929 0.305254 3.84092
1.5433 0.210404 8.74354
