1.72279 0.118534 8.13136
1.5959 0.0887442 8.69853
1.65774 0.204404 9.42983
1.48821 0.290594 10.1985
1.66744 0.147334 7.42089
1.66694 0.0932642 7.92899
1.6385 0.0198742 9.39184
1.66946 0.253234 7.37324
1.6621 0.0237442 9.35374
1.70221 0.302544 14.0718
1.55851 0.0829842 10.1846
1.67093 0.0691542 11.9338
1.54589 0.0660542 11.9504
1.44663 0.276144 6.81326
1.5914 0.0247142 12.7744
1.60484 0.215694 6.94769
1.71962 0.141704 9.14889
1.50811 0.206724 10.5855
1.63971 0.0911142 8.95233
1.57528 0.187874 9.40788
1.49388 0.179734 7.6935
1.41434 0.155964 9.99024
1.48821 0.220894 8.92796
1.5055 0.0468242 9.22838
1.63849 0.308654 7.57258
1.54351 0.00930415 6.2887
1.72081 0.108874 7.56544
1.58178 0.0214442 9.15752
1.52931 0.109644 8.99324
1.5905 0.299794 7.9849
1.69407 0.0974942 9.73365
1.6687 0.147634 8.25033
1.68159 0.0800542 5.02904
1.56469 0.243374 12.3679
1.70374 0.157934 9.7349
1.60954 0.0353442 8.16371
1.47706 0.198754 6.92325
1.51276 0.0660242 8.43044
1.50513 0.00672415 9.93495
1.52908 0.0789642 8.03211
1.44913 0.271324 6.26427
1.60398 0.102044 6.16866
