1.60397 0.0887221 8.37516
1.4739 0.0831221 8.00668
1.45662 0.164212 8.53792
1.4752 0.209422 12.258
1.68864 0.227362 10.1369
1.64622 0.140662 9.80098
1.66182 0.105132 7.66217
1.53 0.0987021 11.3447
1.54594 0.163482 8.50576
1.68151 0.261292 8.01622
1.47288 0.0452621 4.44041
1.44527 0.0732221 6.35577
1.65356 0.0933821 7.39753
1.61521 0.150472 7.1591
1.7058 0.233182 8.31697
1.61634 0.0795121 8.10658
1.54533 0.116542 6.5804
1.72498 0.200462 9.96321
1.43908 0.250662 9.69625
1.4637 0.0638321 9.79893
1.50769 0.0320121 9.72888
1.5212 0.148892 8.46218
1.71372 0.123342 10.4059
1.42889 0.0488021 7.77202
1.56609 0.290302 8.92775
1.57724 0.123192 8.77708
1.44435 0.0607121 8.49857
1.71541 0.109542 10.3578
1.67573 0.313942 7.72788
1.69908 0.114292 8.65119
1.51193 0.101372 6.30768
1.50538 0.271372 11.0207
1.58498 0.00495214 8.37628
1.51009 0.191592 9.36411
1.71931 0.0435221 6.79222
1.51537 0.289552 9.32196
1.48096 0.190262 4.37022
1.48153 0.250652 5.50157
1.70474 0.298522 9.21138
1.52101 0.0687621 6.05026
1.64479 0.225812 10.292
1.60264 0.170932 10.8239
1.62369 0.300332 6.02306
1.70074 0.274462 12.1938
1.54024 0.0526421 9.84142
1.61369 0.166672 7.59257
1.58089 0.182512 9.49395
1.4515 0.292732 8.51622
1.64683 0.0322821 9.43116
1.46691 0.152602 7.21765
1.70683 0.208612 6.01365
1.49882 0.0895821 4.86179
1.62686 0.114002 8.88375
1.66665 0.113442 11.3858
1.56404 0.255992 6.26307
1.5748 0.267612 10.8593
