1.50451 0.107765 10.7507
1.49683 0.181455 9.70355
1.51941 0.163565 4.49879
1.61594 0.0133453 4.12123
1.42174 0.0935953 9.80259
1.54593 0.312815 4.90543
1.71287 0.0873053 5.21027
1.63862 0.0995553 7.8833
1.4606 0.0265753 12.1024
1.70619 0.254135 7.81723
1.50162 0.120585 7.84762
1.57555 0.263765 9.21965
1.63071 0.255225 10.3889
1.59767 0.176985 8.10052
1.67822 0.0982253 6.13027
1.54066 0.255215 8.75283
1.6912 0.0277153 6.36379
1.45333 0.264265 10.158
1.44947 0.105615 9.39325
1.58781 0.00166525 7.65143
1.45617 0.168345 9.48503
1.4533 0.0242153 10.9435
1.45192 0.153125 9.27945
1.64432 0.300675 10.331
1.50574 0.187245 8.29129
1.60946 0.243455 6.61368
1.66687 0.288975 7.00005
1.6122 0.0682753 9.5182
1.69092 0.0950953 6.32903
1.53349 0.259115 5.98188
1.44872 0.0160853 7.39632
1.50899 0.300785 9.89814
1.60587 0.0868453 6.68258
1.68611 0.149735 8.01433
1.65893 0.0510053 7.22465
1.70347 0.222385 9.28761
1.6704 0.224095 3.15309
1.43989 0.206675 8.25778
1.57441 0.286365 7.46354
1.55138 0.0354753 5.51908
1.51839 0.00453525 6.03551
1.57673 0.00120525 6.97603
1.45707 0.221015 12.9376
1.46739 0.105765 9.466
1.72751 0.120015 5.54356
1.50477 0.0843253 7.33525
1.45801 0.0416053 11.7481
1.6185 0.0677353 8.03522
1.4634 0.208925 7.04974
1.52811 0.312535 9.93891
