1.72279 0.263342 8.13136
1.5959 0.233552 8.69853
1.45777 0.0336719 9.83595
1.66744 0.292142 7.42089
1.66694 0.238072 7.92899
1.6385 0.164682 9.39184
1.58972 0.103362 6.00485
1.58366 0.0195219 8.80242
1.6621 0.168552 9.35374
1.53953 0.0263319 7.40473
1.55851 0.227792 10.1846
1.54911 0.121492 10.6279
1.67093 0.213962 11.9338
1.57453 0.0829019 5.92509
1.54589 0.210862 11.9504
1.62275 0.0797919 9.6978
1.48206 0.0898119 6.98397
1.5914 0.169522 12.7744
1.60814 0.0777019 9.42632
1.64311 0.0652119 7.91843
1.5637 0.103122 9.52918
1.71962 0.286512 9.14889
1.63971 0.235922 8.95233
1.57008 0.138532 4.57745
1.65118 0.00595194 10.4128
1.54615 0.0876319 7.50102
1.41434 0.300772 9.99024
1.61102 0.141382 9.03485
1.5055 0.191632 9.22838
1.54351 0.154112 6.2887
1.54082 0.113342 10.3397
1.72081 0.253682 7.56544
1.58178 0.166252 9.15752
1.52931 0.254452 8.99324
1.69407 0.242302 9.73365
1.6687 0.292442 8.25033
1.50756 0.0622619 11.6866
1.68159 0.224862 5.02904
1.69851 0.134912 7.92413
1.70374 0.302742 9.7349
1.64726 0.118962 8.68781
1.60954 0.180152 8.16371
1.51276 0.210832 8.43044
1.517 0.107242 9.07249
1.47849 0.00554194 8.42762
1.50513 0.151532 9.93495
1.52908 0.223772 8.03211
1.42058 0.0413519 6.43828
1.60398 0.246852 6.16866
