1.46293 0.302927 10.9825
1.44692 0.137657 7.48317
1.65235 0.253187 8.69853
1.51422 0.0533069 9.83595
1.72389 0.311777 7.42089
1.72339 0.257707 7.92899
1.69495 0.184317 9.39184
1.64617 0.122997 6.00485
1.43594 0.236197 9.37649
1.64011 0.0391569 8.80242
1.4277 0.129777 4.73505
1.43699 0.270517 9.01191
1.71855 0.188187 9.35374
1.59598 0.0459669 7.40473
1.62591 0.0153469 6.64655
1.61496 0.247427 10.1846
1.60556 0.141127 10.6279
1.72738 0.233597 11.9338
1.42795 0.0201469 8.39158
1.63098 0.102537 5.92509
1.60234 0.230497 11.9504
1.6792 0.0994269 9.6978
1.53851 0.109447 6.98397
1.64785 0.189157 12.7744
1.66459 0.0973369 9.42632
1.69956 0.0848469 7.91843
1.62015 0.122757 9.52918
1.4579 0.0879369 10.1498
1.69616 0.255557 8.95233
1.62653 0.158167 4.57745
1.70763 0.0255869 10.4128
1.6026 0.107267 7.50102
1.66747 0.161017 9.03485
1.56195 0.211267 9.22838
1.59996 0.173747 6.2887
1.59727 0.132977 10.3397
1.63823 0.185887 9.15752
1.58576 0.274087 8.99324
1.43314 0.0268269 10.3412
1.72515 0.312077 8.25033
1.56401 0.0818969 11.6866
1.42397 0.215627 6.83018
1.46629 0.125107 7.16749
1.70371 0.138597 8.68781
1.66599 0.199787 8.16371
1.56921 0.230467 8.43044
1.57345 0.126877 9.07249
1.53494 0.0251769 8.42762
1.56158 0.171167 9.93495
1.58553 0.243407 8.03211
1.47703 0.0609869 6.43828
1.66043 0.266487 6.16866
1.48434 0.0175369 5.13396
