1.53375 0.196947 8.90281
1.4745 0.0254275 7.83831
1.58351 0.221467 7.80137
1.66003 0.0970075 8.74819
1.64945 0.313817 7.15422
1.70543 0.301987 10.5645
1.7073 0.308677 11.2394
1.53367 0.176407 8.17431
1.71132 0.112687 13.2212
1.54935 0.267657 10.2848
1.46132 0.294667 8.53616
1.58859 0.0788175 8.56252
1.52805 0.195437 6.57714
1.45128 0.262087 7.57764
1.68474 0.267327 4.88651
1.49134 0.0431075 8.41439
1.45284 0.214047 7.72265
1.44135 0.283897 7.1919
1.42652 0.171727 6.38876
1.47193 0.160057 5.89735
1.4795 0.185647 10.8744
1.71514 0.158097 8.85913
1.58619 0.229817 8.36558
1.55278 0.261377 8.23762
1.47582 0.0394475 9.21655
1.63891 0.161767 5.27226
1.53742 0.0116475 8.22786
1.42667 0.266417 7.62204
1.69915 0.115577 10.1091
1.68711 0.139057 9.2042
1.66002 0.198447 9.48219
1.55552 0.0348675 10.1704
1.6181 0.211777 5.92395
1.45555 0.118067 5.2127
1.56909 0.154117 7.89086
1.57447 0.189417 9.31683
1.53755 0.257997 6.04908
1.66463 0.144027 9.01659
1.48593 0.0825075 7.74214
1.72471 0.237717 7.95658
1.54048 0.0835675 9.22537
1.55399 0.229957 6.67414
1.60978 0.214887 7.02854
1.70457 0.299717 7.12577
1.69058 0.0769675 10.7218
1.43214 0.250717 5.12397
1.60559 0.120687 10.1543
1.50447 0.131847 11.3588
1.52371 0.239857 7.31318
1.62722 0.141367 10.1321
1.54357 0.147917 5.26847
