1.46162 0.0887221 8.37516
1.68676 0.299982 7.34627
1.69266 0.297522 7.9443
1.54629 0.227362 10.1369
1.6624 0.211852 9.96675
1.50387 0.140662 9.80098
1.51947 0.105132 7.66217
1.53916 0.261292 8.01622
1.5112 0.0933821 7.39753
1.47286 0.150472 7.1591
1.56345 0.233182 8.31697
1.47399 0.0795121 8.10658
1.58262 0.200462 9.96321
1.63551 0.269632 6.8438
1.68359 0.299412 10.4809
1.57136 0.123342 10.4059
1.6769 0.113502 8.08206
1.42373 0.290302 8.92775
1.43489 0.123192 8.77708
1.60489 0.00783214 11.6119
1.57305 0.109542 10.3578
1.53338 0.313942 7.72788
1.64306 0.0364921 8.01005
1.55673 0.114292 8.65119
1.66014 0.0168321 7.89155
1.44263 0.00495214 8.37628
1.64682 0.0182821 11.4016
1.67846 0.124662 6.9326
1.69319 0.288482 8.9252
1.72325 0.242642 8.02927
1.57695 0.0435221 6.79222
1.56238 0.298522 9.21138
1.50244 0.225812 10.292
1.46029 0.170932 10.8239
1.48133 0.300332 6.02306
1.55839 0.274462 12.1938
1.6255 0.267272 9.6112
1.47134 0.166672 7.59257
1.64523 0.240332 6.09565
1.43853 0.182512 9.49395
1.68153 0.104842 8.72271
1.50447 0.0322821 9.43116
1.72359 0.0825321 6.53478
1.56448 0.208612 6.01365
1.65109 0.170212 7.62991
1.48451 0.114002 8.88375
1.52429 0.113442 11.3858
1.42169 0.255992 6.26307
1.71699 0.118682 6.89079
1.43245 0.267612 10.8593
