1.6113 0.180842 8.05486
1.47272 0.0794021 8.4622
1.59027 0.185162 12.9946
1.68187 0.196632 8.86592
1.70374 0.0960021 7.47419
1.4938 0.281882 10.9959
1.69495 0.141402 11.8625
1.65943 0.0262221 7.68539
1.5405 0.216612 8.34999
1.54372 0.202092 7.18179
1.57386 0.0901821 9.42662
1.66547 0.276762 10.1832
1.4929 0.149532 8.12468
1.64785 0.0185921 8.58276
1.68687 0.243702 7.96303
1.50888 0.121592 9.85397
1.51471 0.209722 9.34602
1.58358 0.305012 8.37316
1.52792 0.224902 3.44991
1.47681 0.0998321 7.71378
1.59014 0.106952 9.26445
1.71554 0.0295721 8.22871
1.561 0.123992 5.56933
1.52264 0.264842 9.52559
1.71332 0.288292 7.68192
1.71486 0.214462 9.98557
1.6837 0.142782 9.91415
1.70225 0.287532 10.1051
1.69947 0.217462 11.5685
1.69078 0.0584821 8.58008
1.56181 0.0295521 8.33872
1.59439 0.279602 8.82533
1.64338 0.178302 7.08542
1.62891 0.0604421 10.6433
1.5686 0.160792 8.57992
1.47826 0.109432 7.11264
1.56868 0.0890821 11.2182
1.71767 0.290312 9.31114
1.58166 0.0360321 8.87567
1.628 0.145732 7.65382
1.67575 0.259892 5.90922
1.48035 0.0669621 10.374
1.51838 0.0273621 12.61
1.60812 0.223162 5.52954
