1.62848 0.180842 8.05486
1.4899 0.0794021 8.4622
1.60745 0.185162 12.9946
1.69905 0.196632 8.86592
1.72092 0.0960021 7.47419
1.51098 0.281882 10.9959
1.71213 0.141402 11.8625
1.67661 0.0262221 7.68539
1.55768 0.216612 8.34999
1.5609 0.202092 7.18179
1.59104 0.0901821 9.42662
1.68265 0.276762 10.1832
1.51008 0.149532 8.12468
1.66503 0.0185921 8.58276
1.70405 0.243702 7.96303
1.52606 0.121592 9.85397
1.53189 0.209722 9.34602
1.60076 0.305012 8.37316
1.5451 0.224902 3.44991
1.49399 0.0998321 7.71378
1.60732 0.106952 9.26445
1.57818 0.123992 5.56933
1.53982 0.264842 9.52559
1.70088 0.142782 9.91415
1.71943 0.287532 10.1051
1.71665 0.217462 11.5685
1.70796 0.0584821 8.58008
1.57899 0.0295521 8.33872
1.61157 0.279602 8.82533
1.66056 0.178302 7.08542
1.64609 0.0604421 10.6433
1.58578 0.160792 8.57992
1.49544 0.109432 7.11264
1.58586 0.0890821 11.2182
1.59884 0.0360321 8.87567
1.64518 0.145732 7.65382
1.69293 0.259892 5.90922
1.49753 0.0669621 10.374
1.53556 0.0273621 12.61
1.6253 0.223162 5.52954
