1.64365 0.128223 7.18776
1.48985 0.133053 6.57907
1.52344 0.209243 5.39164
1.43573 0.0314429 5.41518
1.65218 0.127303 9.33824
1.60936 0.0355129 9.65105
1.69398 0.204253 8.04004
1.46964 0.138793 10.8164
1.59249 0.0577829 7.87974
1.46012 0.189613 10.0605
1.48132 0.0853329 9.38908
1.58353 0.162333 8.8288
1.59931 0.0514329 7.88671
1.58481 0.299173 9.07765
1.59249 0.205583 9.83798
1.4541 0.210943 11.9089
1.60666 0.158693 4.65153
1.56008 0.176173 10.6401
1.4268 0.147773 7.48278
1.59827 0.0514629 8.5693
1.60213 0.0582629 5.27358
1.63531 0.173163 11.3125
1.47317 0.121443 9.88451
1.65499 0.0161429 8.01684
1.52067 0.230763 9.50062
1.71585 0.143403 10.1045
1.67896 0.280513 5.5814
1.70958 0.159433 10.4344
1.47227 0.305863 8.86507
1.4544 0.0851329 10.8479
1.66064 0.0133329 11.0462
1.59362 0.212693 1.79944
1.66493 0.0670929 4.13992
1.67068 0.0904029 7.31184
1.49846 0.0929029 9.96904
1.681 0.301633 6.18782
1.64491 0.193283 6.68269
1.45691 0.0656129 6.67278
1.46863 0.215953 7.73531
1.4166 0.203623 10.2291
1.56995 0.0562129 10.9693
1.59941 0.252403 5.76839
1.49261 0.270823 3.32247
1.64802 0.236303 10.4545
1.56737 0.221033 9.17467
1.61347 0.101523 12.2061
1.62247 0.0099629 9.28645
1.47571 0.234723 7.30187
1.62887 0.0634629 10.4939
