1.5647 0.0887221 8.37516
1.43463 0.0831221 8.00668
1.41735 0.164212 8.53792
1.43593 0.209422 12.258
1.64937 0.227362 10.1369
1.60695 0.140662 9.80098
1.62255 0.105132 7.66217
1.49073 0.0987021 11.3447
1.50667 0.163482 8.50576
1.64224 0.261292 8.01622
1.43361 0.0452621 4.44041
1.61429 0.0933821 7.39753
1.57594 0.150472 7.1591
1.66653 0.233182 8.31697
1.57707 0.0795121 8.10658
1.50606 0.116542 6.5804
1.68571 0.200462 9.96321
1.42443 0.0638321 9.79893
1.46842 0.0320121 9.72888
1.48193 0.148892 8.46218
1.67445 0.123342 10.4059
1.52682 0.290302 8.92775
1.53797 0.123192 8.77708
1.70797 0.00783214 11.6119
1.67614 0.109542 10.3578
1.63646 0.313942 7.72788
1.65981 0.114292 8.65119
1.47266 0.101372 6.30768
1.46611 0.271372 11.0207
1.54571 0.00495214 8.37628
1.47082 0.191592 9.36411
1.68004 0.0435221 6.79222
1.4761 0.289552 9.32196
1.44169 0.190262 4.37022
1.44226 0.250652 5.50157
1.66547 0.298522 9.21138
1.48174 0.0687621 6.05026
1.60552 0.225812 10.292
1.56337 0.170932 10.8239
1.58442 0.300332 6.02306
1.66147 0.274462 12.1938
1.50097 0.0526421 9.84142
1.57442 0.166672 7.59257
1.54162 0.182512 9.49395
1.60756 0.0322821 9.43116
1.42764 0.152602 7.21765
1.66756 0.208612 6.01365
1.45955 0.0895821 4.86179
1.58759 0.114002 8.88375
1.62738 0.113442 11.3858
1.52477 0.255992 6.26307
1.53553 0.267612 10.8593
