1.6547 0.244492 10.1494
1.52539 0.180842 8.05486
1.50437 0.185162 12.9946
1.59597 0.196632 8.86592
1.61784 0.0960021 7.47419
1.60904 0.141402 11.8625
1.57353 0.0262221 7.68539
1.45459 0.216612 8.34999
1.45782 0.202092 7.18179
1.48796 0.0901821 9.42662
1.57957 0.276762 10.1832
1.56195 0.0185921 8.58276
1.60097 0.243702 7.96303
1.42298 0.121592 9.85397
1.42881 0.209722 9.34602
1.49768 0.305012 8.37316
1.44201 0.224902 3.44991
1.64271 0.105022 7.31622
1.50424 0.106952 9.26445
1.65927 0.0320521 8.50235
1.62964 0.0295721 8.22871
1.4751 0.123992 5.56933
1.66839 0.0916621 4.35333
1.43674 0.264842 9.52559
1.62742 0.288292 7.68192
1.62896 0.214462 9.98557
1.5978 0.142782 9.91415
1.69538 0.151082 8.99765
1.61635 0.287532 10.1051
1.61356 0.217462 11.5685
1.60488 0.0584821 8.58008
1.47591 0.0295521 8.33872
1.50849 0.279602 8.82533
1.55747 0.178302 7.08542
1.54301 0.0604421 10.6433
1.4827 0.160792 8.57992
1.48278 0.0890821 11.2182
1.63177 0.290312 9.31114
1.49576 0.0360321 8.87567
1.6684 0.104552 7.68837
1.5421 0.145732 7.65382
1.58985 0.259892 5.90922
1.43248 0.0273621 12.61
1.52221 0.223162 5.52954
