1.49531 0.0655899 7.34627
1.50121 0.0631299 7.9443
1.65461 0.0779099 8.89745
1.45138 0.27165 12.5412
1.59637 0.17856 10.1573
1.44407 0.0352399 6.8438
1.49214 0.0650199 10.4809
1.42259 0.0991499 8.74073
1.66471 0.0382799 6.12329
1.70021 0.1275 10.248
1.54035 0.1124 9.05278
1.46745 0.22859 11.7962
1.59522 0.10944 7.48382
1.5942 0.12787 7.6065
1.62956 0.27693 7.17228
1.47586 0.23069 6.37953
1.71085 0.0971199 7.25093
1.47917 0.28238 7.9826
1.41592 0.22762 7.87684
1.5767 0.10503 9.31824
1.56161 0.22466 9.22614
1.53531 0.22659 6.55013
1.47804 0.27225 8.39931
1.63235 0.28398 11.6453
1.59379 0.30344 7.09406
1.68125 0.0551799 7.05007
1.57861 0.25453 5.34713
1.51225 0.26211 11.87
1.50174 0.0540899 8.9252
1.5318 0.00824987 8.02927
1.63979 0.00163987 5.35547
1.45332 0.20264 8.88217
1.52742 0.0805299 7.94901
1.71185 0.12176 10.6196
1.58208 0.25091 8.30364
1.58588 0.0380199 8.96659
1.66865 0.24561 8.85975
1.43406 0.0328799 9.6112
1.6828 0.21892 7.24938
1.45379 0.00593987 6.09565
1.53203 0.11361 6.99795
1.53717 0.25807 8.2391
1.72766 0.15164 6.44337
1.49982 0.19392 6.55971
1.6365 0.10716 9.26881
1.48025 0.25183 9.40187
