1.57094 0.261978 6.19461
1.69814 0.265818 9.54773
1.68153 0.299238 9.10726
1.48821 0.0537475 10.1985
1.63965 0.199018 7.54688
1.69001 0.181828 8.81649
1.66946 0.0163875 7.37324
1.70221 0.0656975 14.0718
1.61657 0.120648 8.13816
1.50737 0.142768 9.79795
1.44663 0.0392975 6.81326
1.45738 0.189838 7.94804
1.70125 0.0812375 8.9649
1.50934 0.216608 9.26338
1.59068 0.0983275 8.37107
1.58038 0.133878 8.42869
1.61611 0.227448 8.42056
1.49055 0.0872575 9.9086
1.58078 0.219608 10.5699
1.4408 0.181378 10.2304
1.54834 0.155478 5.35347
1.58014 0.0804475 7.07325
1.60623 0.183738 8.88135
1.63942 0.238598 7.49122
1.63849 0.0718075 7.57258
1.5905 0.0629475 7.9849
1.51121 0.183378 9.19404
1.46491 0.218808 9.34095
1.44291 0.0988475 7.2218
1.54596 0.241428 6.53437
1.56469 0.00652752 12.3679
1.70849 0.135358 7.53375
1.51834 0.142228 9.51503
1.5433 0.313488 8.74354
1.70283 0.0945775 9.82356
1.44913 0.0344775 6.26427
