1.65774 0.0460973 9.42983
1.48821 0.132287 10.1985
1.63965 0.277557 7.54688
1.69001 0.260367 8.81649
1.66946 0.0949273 7.37324
1.70221 0.144237 14.0718
1.61657 0.199187 8.13816
1.50737 0.221307 9.79795
1.44663 0.117837 6.81326
1.45738 0.268377 7.94804
1.70125 0.159777 8.9649
1.50934 0.295147 9.26338
1.59068 0.176867 8.37107
1.58038 0.212417 8.42869
1.60484 0.0573873 6.94769
1.50811 0.0484173 10.5855
1.57528 0.0295673 9.40788
1.49388 0.0214273 7.6935
1.61611 0.305987 8.42056
1.49055 0.165797 9.9086
1.58078 0.298147 10.5699
1.4408 0.259917 10.2304
1.48821 0.0625873 8.92796
1.54834 0.234017 5.35347
1.58014 0.158987 7.07325
1.60623 0.262277 8.88135
1.63849 0.150347 7.57258
1.5905 0.141487 7.9849
1.51121 0.261917 9.19404
1.46491 0.297347 9.34095
1.44291 0.177387 7.2218
1.56469 0.0850673 12.3679
1.70849 0.213897 7.53375
1.51834 0.220767 9.51503
1.47706 0.0404473 6.92325
1.70283 0.173117 9.82356
1.44913 0.113017 6.26427
