1.66321 0.0703048 7.31245
1.5959 0.0334648 6.35737
1.57041 0.118705 5.94039
1.65668 0.163985 10.4156
1.54113 0.0093748 9.89792
1.64785 0.243775 9.98965
1.60001 0.170645 11.3613
1.45271 0.0390248 8.1405
1.60761 0.127835 7.58633
1.66103 0.111145 7.48718
1.6817 0.181245 6.10942
1.56355 0.306445 8.4583
1.58725 0.271525 12.3485
1.54381 0.287335 8.08011
1.69854 0.136975 7.55338
1.55207 0.102605 9.52581
1.55805 0.178565 11.7225
1.65446 0.0721848 11.0487
1.61415 0.0496448 9.65317
1.54254 0.253265 8.30835
1.53595 0.0638148 9.06267
1.61454 0.0287848 7.04585
1.52066 0.0263548 8.60217
1.46363 0.0738648 11.2664
1.58787 0.0660248 12.1529
1.53497 0.0119848 10.0811
1.46509 0.0716348 11.3707
1.62733 0.252315 9.2944
1.46183 0.261615 7.95035
1.65428 0.157585 9.7806
1.43693 0.0280648 6.29525
1.52701 0.198055 7.93248
1.57766 0.0077548 9.79269
1.4875 0.170575 7.5046
1.42839 0.303955 9.75129
1.58729 0.257535 6.53551
1.48556 0.218085 9.41331
1.52778 0.0844848 6.42572
1.53182 0.101735 9.07474
1.58872 0.0213848 9.39255
1.43131 0.156955 12.6634
1.66179 0.167195 7.51821
1.5432 0.252255 7.5089
1.62054 0.197705 8.53727
1.46223 0.209375 5.94865
1.62895 0.0375048 7.93291
1.59547 0.0579448 9.50448
1.52862 0.159975 9.3563
1.50629 0.214085 10.783
1.68231 0.299295 7.26155
1.66208 0.0269148 8.8904
