1.4456 0.137218 10.7507
1.43792 0.210908 9.70355
1.70448 0.115158 10.1919
1.48887 0.0177177 5.93884
1.4605 0.193018 4.49879
1.55704 0.0427977 4.12123
1.65396 0.116758 5.21027
1.57971 0.129008 7.8833
1.64729 0.283588 7.81723
1.44272 0.150038 7.84762
1.6997 0.171548 8.02336
1.51664 0.293218 9.21965
1.70664 0.247148 7.54989
1.57181 0.284678 10.3889
1.70873 0.131238 10.0676
1.41395 0.0101277 7.05761
1.53877 0.206438 8.10052
1.61932 0.127678 6.13027
1.6942 0.0929477 7.31655
1.70289 0.210238 13.0983
1.48175 0.284668 8.75283
1.63229 0.0571677 6.36379
1.67318 0.149608 7.17227
1.52891 0.0311177 7.65143
1.69503 0.0891177 7.71969
1.44683 0.216698 8.29129
1.55056 0.272908 6.61368
1.69777 0.0704377 9.53535
1.5533 0.0977277 9.5182
1.63202 0.124548 6.32903
1.45527 0.0269377 8.3101
1.69242 0.305168 9.02039
1.47459 0.288568 5.98188
1.54697 0.116298 6.68258
1.62721 0.179188 8.01433
1.60002 0.0804577 7.22465
1.64456 0.251838 9.28761
1.61149 0.253548 3.15309
1.71535 0.121988 11.0413
1.49247 0.0649277 5.51908
1.45949 0.0339877 6.03551
1.51782 0.0306577 6.97603
1.55103 0.00943768 12.9282
1.68879 0.128148 10.3814
1.6686 0.149468 5.54356
1.44587 0.113778 7.33525
1.67288 0.209748 6.85474
1.60635 0.000337685 7.5048
1.5596 0.0971877 8.03522
