1.59921 0.0649564 10.1853
1.47392 0.207606 7.48317
1.54122 0.123256 9.83595
1.41541 0.291396 4.83342
1.43086 0.209506 6.19134
1.72195 0.254266 9.39184
1.67317 0.192946 6.00485
1.46294 0.306146 9.37649
1.66711 0.109106 8.80242
1.67326 0.0654764 9.6439
1.4547 0.199726 4.73505
1.46169 0.0615964 6.51004
1.5611 0.0540864 6.16769
1.62298 0.115916 7.40473
1.65291 0.0852964 6.64655
1.63256 0.211076 10.6279
1.45495 0.0900964 8.39158
1.65798 0.172486 5.92509
1.42654 0.0961764 7.71318
1.62934 0.300446 11.9504
1.7062 0.169376 9.6978
1.56551 0.179396 6.98397
1.61412 0.0105364 9.36544
1.67485 0.259106 12.7744
1.69159 0.167286 9.42632
1.72656 0.154796 7.91843
1.64715 0.192706 9.52918
1.42067 0.130176 10.5628
1.55898 0.0130764 9.60221
1.4849 0.157886 10.1498
1.60792 0.0577864 7.55029
1.65353 0.228116 4.57745
1.63691 0.00416642 10.1096
1.6296 0.177216 7.50102
1.46058 0.0672164 10.1143
1.43204 0.252736 12.5537
1.69447 0.230966 9.03485
1.58895 0.281216 9.22838
1.62696 0.243696 6.2887
1.62427 0.202926 10.3397
1.66523 0.255836 9.15752
1.46014 0.0967764 10.3412
1.59101 0.151846 11.6866
1.45097 0.285576 6.83018
1.49329 0.195056 7.16749
1.69299 0.269736 8.16371
1.59621 0.300416 8.43044
1.60045 0.196826 9.07249
1.56194 0.0951264 8.42762
1.58858 0.241116 9.93495
1.61253 0.313356 8.03211
1.45747 0.0385064 11.9621
1.50403 0.130936 6.43828
1.51134 0.0874864 5.13396
