1.62744 0.253239 6.53953
1.4615 0.236649 10.1919
1.69444 0.117009 7.32341
1.4658 0.00977896 8.60834
1.69612 0.104999 7.17194
1.45672 0.293039 8.02336
1.52409 0.019939 10.3827
1.5331 0.289859 6.60112
1.46575 0.252729 10.0676
1.55024 0.245669 8.81692
1.42695 0.109019 11.8414
1.45121 0.214439 7.31655
1.41656 0.028659 11.4721
1.55587 0.296119 10.097
1.4302 0.271099 7.17227
1.5919 0.042199 11.0715
1.45204 0.210609 7.71969
1.71106 0.00897896 6.78599
1.60142 0.289069 8.87112
1.45479 0.191929 9.53535
1.54547 0.090259 3.82463
1.45652 0.065779 6.39183
1.66966 0.066409 11.8953
1.45617 0.033359 8.20971
1.5665 0.277179 9.47317
1.65403 0.219759 8.34567
1.70742 0.217229 7.09459
1.53324 0.274519 6.9164
1.5117 0.250399 6.5519
1.48655 0.119749 12.6999
1.56522 0.223929 9.81325
1.50879 0.162359 7.67328
1.70078 0.181989 8.02934
1.62131 0.220529 11.414
1.47237 0.243479 11.0413
1.6732 0.136839 8.86796
1.53899 0.123099 11.6204
1.66044 0.050819 11.6245
1.56049 0.175799 9.27702
1.5581 0.012019 8.56464
1.64222 0.064449 9.51136
1.4458 0.249639 10.3814
1.42562 0.270959 5.54356
1.62629 0.119729 9.62859
