1.72763 0.139644 6.86862
1.67064 0.117034 12.0433
1.41777 0.104854 7.9443
1.67974 0.218874 10.6259
1.57117 0.119634 8.89745
1.7173 0.0570042 4.83342
1.51293 0.220284 10.1573
1.64955 0.246024 6.92432
1.64918 0.253144 10.6023
1.58127 0.0800042 6.12329
1.61677 0.169224 10.248
1.45691 0.154124 9.05278
1.51178 0.151164 7.48382
1.51076 0.169594 7.6065
1.69177 0.119434 9.20542
1.62741 0.138844 7.25093
1.49326 0.146754 9.31824
1.47817 0.266384 9.22614
1.45187 0.268314 6.55013
1.59781 0.0969042 7.05007
1.66984 0.263524 2.86335
1.49517 0.296254 5.34713
1.42881 0.303834 11.87
1.70441 0.0994942 6.67757
1.4183 0.0958142 8.9252
1.44836 0.0499742 8.02927
1.55635 0.0433642 5.35547
1.44398 0.122254 7.94901
1.62841 0.163484 10.6196
1.49864 0.292634 8.30364
1.50244 0.0797442 8.96659
1.58521 0.287334 8.85975
1.71329 0.158054 6.37333
1.59936 0.260644 7.24938
1.44859 0.155334 6.99795
1.61129 0.0233742 2.59703
1.45373 0.299794 8.2391
1.64422 0.193364 6.44337
1.71046 0.169484 7.59023
1.41638 0.235644 6.55971
1.69506 0.00576415 8.34197
1.70952 0.124984 10.9833
1.67701 0.0597242 10.957
1.55306 0.148884 9.26881
