1.55177 0.299982 7.34627
1.55767 0.297522 7.9443
1.52741 0.211852 9.96675
1.71107 0.312302 8.89745
1.42846 0.233182 8.31697
1.44763 0.200462 9.96321
1.50052 0.269632 6.8438
1.5486 0.299412 10.4809
1.72117 0.272672 6.12329
1.60706 0.135512 10.6318
1.59662 0.128942 6.0343
1.43637 0.123342 10.4059
1.54191 0.113502 8.08206
1.4699 0.00783214 11.6119
1.43806 0.109542 10.3578
1.50807 0.0364921 8.01005
1.42174 0.114292 8.65119
1.52515 0.0168321 7.89155
1.65724 0.141462 6.42993
1.51183 0.0182821 11.4016
1.54347 0.124662 6.9326
1.5582 0.288482 8.9252
1.58826 0.242642 8.02927
1.69625 0.236032 5.35547
1.44196 0.0435221 6.79222
1.42739 0.298522 9.21138
1.64234 0.272412 8.96659
1.64127 0.106052 7.64219
1.4234 0.274462 12.1938
1.49051 0.267272 9.6112
1.51024 0.240332 6.09565
1.54654 0.104842 8.72271
1.5886 0.0825321 6.53478
1.42949 0.208612 6.01365
1.5161 0.170212 7.62991
1.582 0.118682 6.89079
1.67408 0.0426121 8.85798
