1.57094 0.209209 6.19461
1.49313 0.304419 9.37164
1.69814 0.213049 9.54773
1.68153 0.246469 9.10726
1.48821 0.000978579 10.1985
1.63965 0.146249 7.54688
1.69001 0.129059 8.81649
1.6093 0.311139 7.76683
1.70221 0.0129286 14.0718
1.61657 0.0678786 8.13816
1.50737 0.0899986 9.79795
1.45738 0.137069 7.94804
1.70125 0.0284686 8.9649
1.50934 0.163839 9.26338
1.59068 0.0455586 8.37107
1.58038 0.0811086 8.42869
1.65069 0.311219 6.57205
1.61611 0.174679 8.42056
1.49055 0.0344886 9.9086
1.58078 0.166839 10.5699
1.4408 0.128609 10.2304
1.54834 0.102709 5.35347
1.58014 0.0276786 7.07325
1.60623 0.130969 8.88135
1.63942 0.185829 7.49122
1.63849 0.0190386 7.57258
1.5905 0.0101786 7.9849
1.51121 0.130609 9.19404
1.46491 0.166039 9.34095
1.44291 0.0460786 7.2218
1.54596 0.188659 6.53437
1.70849 0.0825886 7.53375
1.51834 0.0894586 9.51503
1.5433 0.260719 8.74354
1.70283 0.0418086 9.82356
