1.71375 0.156631 10.769
1.59273 0.153041 6.35558
1.66748 0.242951 12.4847
1.60253 0.138941 9.08387
1.72492 0.0580813 8.93041
1.70635 0.0334613 7.41871
1.71606 0.254761 7.52218
1.5927 0.00490127 10.0863
1.66172 0.115661 5.50001
1.70914 0.240661 8.41301
1.65758 0.181001 7.07294
1.55635 0.0558113 7.18692
1.6996 0.164251 9.56019
1.70519 0.145321 9.36655
1.60519 0.0312113 6.57828
1.6704 0.275131 12.3368
1.6911 0.0735513 8.0656
1.60921 0.185541 10.1404
1.56168 0.139711 5.80099
1.55791 0.0345513 12.0625
1.72263 0.00380127 6.36563
1.55056 0.140411 9.88572
1.54547 0.238281 10.087
1.63306 0.260181 4.73315
1.66909 0.107741 7.21255
1.604 0.122361 10.4478
1.64392 0.0852213 13.8328
1.65962 0.0821313 7.52441
1.62867 0.0946413 8.90965
1.64314 0.136481 9.41877
1.59545 0.227221 5.20822
1.69677 0.276861 9.33733
