1.61657 0.0469883 7.31245
1.54927 0.0101483 6.35737
1.52378 0.0953883 5.94039
1.61004 0.140668 10.4156
1.5339 0.293438 5.37733
1.60122 0.220458 9.98965
1.55338 0.147328 11.3613
1.70962 0.0491983 9.95805
1.56097 0.104518 7.58633
1.61439 0.0878283 7.48718
1.63506 0.157928 6.10942
1.51692 0.283128 8.4583
1.54062 0.248208 12.3485
1.49717 0.264018 8.08011
1.6519 0.113658 7.55338
1.50544 0.0792883 9.52581
1.72586 0.262868 4.68986
1.71353 0.0991483 8.10023
1.68815 0.183008 11.8419
1.51142 0.155248 11.7225
1.69066 0.0899083 9.74676
1.60783 0.0488683 11.0487
1.56752 0.0263283 9.65317
1.4959 0.229948 8.30835
1.48932 0.0404983 9.06267
1.5679 0.0054683 7.04585
1.47403 0.0030383 8.60217
1.417 0.0505483 11.2664
1.54124 0.0427083 12.1529
1.41846 0.0483183 11.3707
1.5807 0.228998 9.2944
1.4152 0.238298 7.95035
1.60765 0.134268 9.7806
1.7188 0.260658 8.24007
1.48038 0.174738 7.93248
1.44086 0.147258 7.5046
1.54065 0.234218 6.53551
1.43892 0.194768 9.41331
1.48115 0.0611683 6.42572
1.48519 0.0784183 9.07474
1.61515 0.143878 7.51821
1.49657 0.228938 7.5089
1.64672 0.303768 10.8188
1.5739 0.174388 8.53727
1.4156 0.186058 5.94865
1.58231 0.0141883 7.93291
1.54884 0.0346283 9.50448
1.48199 0.136658 9.3563
1.69507 0.231508 11.0375
1.45966 0.190768 10.783
1.69881 0.136028 7.00371
1.63567 0.275978 7.26155
1.61544 0.0035983 8.8904
