1.44212 0.213912 5.25027
1.60843 0.00285214 8.6107
1.63984 0.0421221 7.29018
1.56858 0.257542 5.85759
1.68047 0.277702 5.91544
1.72752 0.0732221 6.35577
1.72133 0.250662 9.69625
1.54411 0.189762 7.17606
1.58825 0.00480214 7.2562
1.59669 0.0986121 7.14469
1.65483 0.219902 9.109
1.63091 0.188902 6.96768
1.71115 0.0488021 7.77202
1.55534 0.299712 9.59314
1.72661 0.0607121 8.49857
1.51492 0.266672 9.18508
1.46353 0.273542 9.04583
1.53272 0.0445621 8.44953
1.50651 0.293662 4.94342
1.46707 0.155312 7.66807
1.50144 0.193332 11.9139
1.6702 0.00304214 7.62395
1.58602 0.0139421 5.91364
1.69493 0.0278821 7.53214
1.5021 0.0978521 7.61263
1.65965 0.252882 8.19783
1.65318 0.0238921 4.54847
1.57166 0.287392 7.86821
1.62854 0.211032 7.07662
1.45881 0.0120821 11.683
1.44382 0.274662 7.06029
1.48599 0.140892 10.8821
1.47975 0.300692 5.51205
1.50731 0.0119121 9.63411
1.64082 0.128922 9.28751
1.69211 0.209212 5.47545
1.52863 0.0955121 9.44892
1.62593 0.117052 9.48576
1.59086 0.212492 8.43702
