1.65523 0.110882 6.08845
1.47568 0.299982 7.34627
1.48158 0.297522 7.9443
1.45132 0.211852 9.96675
1.71145 0.157892 7.56495
1.63498 0.312302 8.89745
1.71917 0.163102 6.40262
1.66514 0.0817121 10.6224
1.42444 0.269632 6.8438
1.72565 0.183712 5.86146
1.47251 0.299412 10.4809
1.64508 0.272672 6.12329
1.70108 0.0950621 8.72814
1.53097 0.135512 10.6318
1.52053 0.128942 6.0343
1.7176 0.0171221 8.85039
1.71687 0.116352 7.24413
1.46582 0.113502 8.08206
1.65334 0.0126821 6.34262
1.72422 0.0913221 10.6118
1.43198 0.0364921 8.01005
1.71785 0.145332 6.53623
1.44906 0.0168321 7.89155
1.58115 0.141462 6.42993
1.66162 0.289572 7.05007
1.43574 0.0182821 11.4016
1.6918 0.00536214 3.34318
1.46738 0.124662 6.9326
1.48211 0.288482 8.9252
1.51217 0.242642 8.02927
1.62016 0.236032 5.35547
1.56625 0.272412 8.96659
1.56518 0.106052 7.64219
1.41442 0.267272 9.6112
1.43415 0.240332 6.09565
1.6751 0.216042 2.59703
1.47045 0.104842 8.72271
1.51251 0.0825321 6.53478
1.44002 0.170212 7.62991
1.50591 0.118682 6.89079
1.59799 0.0426121 8.85798
