1.63119 0.216599 10.0326
1.59348 0.0964992 10.769
1.68542 0.265979 8.57833
1.47246 0.0929092 6.35558
1.54722 0.182819 12.4847
1.48226 0.0788092 9.08387
1.64877 0.304499 9.47512
1.648 0.00729922 9.60549
1.5958 0.194629 7.52218
1.52837 0.307829 3.57622
1.54145 0.0555292 5.50001
1.58888 0.180529 8.41301
1.64876 0.207669 7.94907
1.53732 0.120869 7.07294
1.69508 0.154019 9.69777
1.57933 0.104119 9.56019
1.58492 0.0851892 9.36655
1.55013 0.214999 12.3368
1.61242 0.0458792 11.5721
1.57084 0.0134192 8.0656
1.67879 0.00426922 7.16528
1.48894 0.125409 10.1404
1.57019 0.281099 8.19064
1.45695 0.288929 8.44727
1.63491 0.0589692 8.96678
1.44142 0.0795792 5.80099
1.6472 0.250879 10.9849
1.63871 0.0409392 11.7209
1.48545 0.286929 8.7648
1.69819 0.165969 8.8961
1.43029 0.0802792 9.88572
1.42521 0.178149 10.087
1.51279 0.200049 4.73315
1.54882 0.0476092 7.21255
1.48374 0.0622292 10.4478
1.661 0.0311592 8.18619
1.52366 0.0250892 13.8328
1.53936 0.0219992 7.52441
1.5509 0.283559 5.42487
1.70875 0.110179 5.10995
1.50841 0.0345092 8.90965
1.52288 0.0763492 9.41877
1.47519 0.167089 5.20822
1.57651 0.216729 9.33733
