1.65774 0.0473245 9.42983
1.48821 0.133515 10.1985
1.63965 0.278785 7.54688
1.69001 0.261595 8.81649
1.66946 0.0961545 7.37324
1.70221 0.145465 14.0718
1.61657 0.200415 8.13816
1.50737 0.222535 9.79795
1.44663 0.119065 6.81326
1.45738 0.269605 7.94804
1.70125 0.161005 8.9649
1.50934 0.296375 9.26338
1.59068 0.178095 8.37107
1.58038 0.213645 8.42869
1.60484 0.0586145 6.94769
1.50811 0.0496445 10.5855
1.57528 0.0307945 9.40788
1.49388 0.0226545 7.6935
1.61611 0.307215 8.42056
1.49055 0.167025 9.9086
1.58078 0.299375 10.5699
1.4408 0.261145 10.2304
1.48821 0.0638145 8.92796
1.54834 0.235245 5.35347
1.58014 0.160215 7.07325
1.60623 0.263505 8.88135
1.63849 0.151575 7.57258
1.5905 0.142715 7.9849
1.51121 0.263145 9.19404
1.46491 0.298575 9.34095
1.44291 0.178615 7.2218
1.56469 0.0862945 12.3679
1.70374 0.000854519 9.7349
1.70849 0.215125 7.53375
1.51834 0.221995 9.51503
1.47706 0.0416745 6.92325
1.70283 0.174345 9.82356
1.44913 0.114245 6.26427
