1.6818 0.0764163 6.35737
1.65631 0.161656 5.94039
1.41404 0.0885763 5.2493
1.62704 0.0523263 9.89792
1.48475 0.227036 10.0795
1.48994 0.185086 12.458
1.68592 0.213596 11.3613
1.53861 0.0819763 8.1405
1.70409 0.00591627 6.94054
1.69351 0.170786 7.58633
1.47187 0.126616 8.09945
1.46623 0.0381763 12.7998
1.48292 0.150936 9.85298
1.61793 0.0123763 5.04181
1.45244 0.123276 9.76161
1.49513 0.0185763 8.80065
1.63798 0.145556 9.52581
1.49071 0.293906 7.60748
1.48747 0.267926 7.75364
1.64395 0.221516 11.7225
1.70005 0.0925963 9.65317
1.71745 0.0207663 6.87333
1.62844 0.296216 8.30835
1.62185 0.106766 9.06267
1.44261 0.0581463 10.6129
1.70044 0.0717363 7.04585
1.60656 0.0693063 8.60217
1.54953 0.116816 11.2664
1.67378 0.108976 12.1529
1.62087 0.0549363 10.0811
1.55099 0.114586 11.3707
1.47926 0.193856 6.80955
1.71324 0.295266 9.2944
1.54774 0.304566 7.95035
1.52284 0.0710163 6.29525
1.61292 0.241006 7.93248
1.66357 0.0507063 9.79269
1.5734 0.213526 7.5046
1.67319 0.300486 6.53551
1.57146 0.261036 9.41331
1.61368 0.127436 6.42572
1.61773 0.144686 9.07474
1.67462 0.0643363 9.39255
1.51721 0.199906 12.6634
1.43032 0.0104763 6.82729
1.62911 0.295206 7.5089
1.70644 0.240656 8.53727
1.46002 0.304626 6.57324
1.54813 0.252326 5.94865
1.71485 0.0804563 7.93291
1.68138 0.100896 9.50448
1.45502 0.0998163 8.17665
1.49543 0.00292627 5.86578
1.61452 0.202926 9.3563
1.59219 0.257036 10.783
1.42354 0.00753627 8.85094
1.45202 0.247076 6.34104
