1.54752 0.0887221 8.37516
1.41745 0.0831221 8.00668
1.41875 0.209422 12.258
1.63219 0.227362 10.1369
1.58977 0.140662 9.80098
1.60537 0.105132 7.66217
1.47355 0.0987021 11.3447
1.48949 0.163482 8.50576
1.62506 0.261292 8.01622
1.41643 0.0452621 4.44041
1.59711 0.0933821 7.39753
1.55876 0.150472 7.1591
1.64935 0.233182 8.31697
1.55989 0.0795121 8.10658
1.48888 0.116542 6.5804
1.66853 0.200462 9.96321
1.72141 0.269632 6.8438
1.45124 0.0320121 9.72888
1.46475 0.148892 8.46218
1.65727 0.123342 10.4059
1.50964 0.290302 8.92775
1.52079 0.123192 8.77708
1.69079 0.00783214 11.6119
1.65896 0.109542 10.3578
1.61928 0.313942 7.72788
1.64263 0.114292 8.65119
1.45548 0.101372 6.30768
1.44893 0.271372 11.0207
1.52853 0.00495214 8.37628
1.45364 0.191592 9.36411
1.66286 0.0435221 6.79222
1.45892 0.289552 9.32196
1.42451 0.190262 4.37022
1.42508 0.250652 5.50157
1.64829 0.298522 9.21138
1.46456 0.0687621 6.05026
1.58834 0.225812 10.292
1.54619 0.170932 10.8239
1.56724 0.300332 6.02306
1.64429 0.274462 12.1938
1.48379 0.0526421 9.84142
1.7114 0.267272 9.6112
1.55724 0.166672 7.59257
1.52444 0.182512 9.49395
1.59038 0.0322821 9.43116
1.65038 0.208612 6.01365
1.44237 0.0895821 4.86179
1.57041 0.114002 8.88375
1.6102 0.113442 11.3858
1.50759 0.255992 6.26307
1.51835 0.267612 10.8593
