1.71168 0.110882 6.08845
1.53213 0.299982 7.34627
1.53803 0.297522 7.9443
1.50777 0.211852 9.96675
1.69143 0.312302 8.89745
1.72159 0.0817121 10.6224
1.428 0.200462 9.96321
1.48089 0.269632 6.8438
1.52896 0.299412 10.4809
1.70153 0.272672 6.12329
1.58742 0.135512 10.6318
1.57698 0.128942 6.0343
1.41674 0.123342 10.4059
1.52227 0.113502 8.08206
1.45027 0.00783214 11.6119
1.70979 0.0126821 6.34262
1.41843 0.109542 10.3578
1.48843 0.0364921 8.01005
1.50551 0.0168321 7.89155
1.6376 0.141462 6.42993
1.71807 0.289572 7.05007
1.49219 0.0182821 11.4016
1.52383 0.124662 6.9326
1.53856 0.288482 8.9252
1.56862 0.242642 8.02927
1.67661 0.236032 5.35547
1.42233 0.0435221 6.79222
1.6227 0.272412 8.96659
1.62163 0.106052 7.64219
1.47087 0.267272 9.6112
1.49061 0.240332 6.09565
1.5269 0.104842 8.72271
1.56896 0.0825321 6.53478
1.49647 0.170212 7.62991
1.56236 0.118682 6.89079
1.65444 0.0426121 8.85798
