1.48125 0.0887221 8.37516
1.70639 0.299982 7.34627
1.71229 0.297522 7.9443
1.56592 0.227362 10.1369
1.68203 0.211852 9.96675
1.5235 0.140662 9.80098
1.53911 0.105132 7.66217
1.42322 0.163482 8.50576
1.55879 0.261292 8.01622
1.53084 0.0933821 7.39753
1.4925 0.150472 7.1591
1.58308 0.233182 8.31697
1.49362 0.0795121 8.10658
1.42261 0.116542 6.5804
1.60226 0.200462 9.96321
1.65515 0.269632 6.8438
1.70322 0.299412 10.4809
1.591 0.123342 10.4059
1.69653 0.113502 8.08206
1.44337 0.290302 8.92775
1.45452 0.123192 8.77708
1.62453 0.00783214 11.6119
1.59269 0.109542 10.3578
1.55302 0.313942 7.72788
1.66269 0.0364921 8.01005
1.57636 0.114292 8.65119
1.67977 0.0168321 7.89155
1.46226 0.00495214 8.37628
1.66645 0.0182821 11.4016
1.69809 0.124662 6.9326
1.71282 0.288482 8.9252
1.59659 0.0435221 6.79222
1.58202 0.298522 9.21138
1.52207 0.225812 10.292
1.47992 0.170932 10.8239
1.50097 0.300332 6.02306
1.57803 0.274462 12.1938
1.41752 0.0526421 9.84142
1.64513 0.267272 9.6112
1.49098 0.166672 7.59257
1.66487 0.240332 6.09565
1.45817 0.182512 9.49395
1.70116 0.104842 8.72271
1.52411 0.0322821 9.43116
1.58411 0.208612 6.01365
1.67073 0.170212 7.62991
1.50414 0.114002 8.88375
1.54393 0.113442 11.3858
1.44132 0.255992 6.26307
1.45208 0.267612 10.8593
