1.46437 0.137193 7.21136
1.62049 0.00300346 7.34627
1.43115 0.126093 8.27018
1.44186 0.220763 5.18956
1.62639 0.000543458 7.9443
1.49924 0.272373 9.63044
1.57655 0.209063 12.5412
1.46578 0.126873 4.93978
1.72155 0.115973 10.1573
1.44132 0.104643 5.76332
1.49434 0.150313 9.01314
1.45879 0.178603 9.69773
1.68375 0.270863 7.7608
1.61732 0.00243346 10.4809
1.54777 0.0365635 8.74073
1.48508 0.0213435 9.38867
1.66553 0.0498135 9.05278
1.59263 0.166003 11.7962
1.44469 0.174143 6.28263
1.7204 0.0468535 7.48382
1.71938 0.0652835 7.6065
1.51986 0.0263235 9.46531
1.60104 0.168103 6.37953
1.60435 0.219793 7.9826
1.54109 0.165033 7.87684
1.70188 0.0424435 9.31824
1.64309 0.257633 9.71725
1.46711 0.0169635 7.72788
1.68679 0.162073 9.22614
1.66049 0.164003 6.55013
1.45758 0.298863 8.13112
1.60322 0.209663 8.39931
1.71897 0.240853 7.09406
1.70379 0.191943 5.34713
1.63743 0.199523 11.87
1.47148 0.0991135 9.29426
1.4316 0.277213 8.55428
1.57849 0.140053 8.88217
1.6526 0.0179435 7.94901
1.49611 0.00154346 9.21138
1.70726 0.188323 8.30364
1.51576 0.0295835 5.73656
1.53 0.0896735 7.24223
1.52487 0.162083 7.66866
1.41506 0.00335346 6.02306
1.4439 0.274163 7.27102
1.45448 0.133013 6.74294
1.65721 0.0510235 6.99795
1.60139 0.288313 5.1787
1.66235 0.195483 8.2391
1.44478 0.306993 6.46419
1.625 0.131333 6.55971
1.60543 0.189243 9.40187
1.41654 0.0929535 10.0623
