1.43188 0.223783 6.08845
1.61627 0.278783 7.48317
1.62415 0.0240931 8.05751
1.4881 0.270793 7.56495
1.68357 0.194433 9.83595
1.57321 0.280683 6.19134
1.49582 0.276003 6.40262
1.44179 0.194613 10.6224
1.54165 0.257293 7.01074
1.59705 0.270903 4.73505
1.68849 0.0413731 7.43832
1.5023 0.296613 5.86146
1.60404 0.132773 6.51004
1.70345 0.125263 6.16769
1.47773 0.207963 8.72814
1.5973 0.161273 8.39158
1.49425 0.130023 8.85039
1.51297 0.0274531 6.47321
1.49352 0.229253 7.24413
1.56889 0.167353 7.71318
1.42999 0.125583 6.34262
1.70786 0.250573 6.98397
1.50087 0.204223 10.6118
1.57585 0.0581831 5.89698
1.56302 0.201353 10.5628
1.70133 0.0842531 9.60221
1.4945 0.258233 6.53623
1.62725 0.229063 10.1498
1.43193 0.110623 10.2936
1.46845 0.118263 3.34318
1.60293 0.138393 10.1143
1.66753 0.00712312 9.68054
1.42489 0.0822531 7.59352
1.59032 0.00308312 8.46808
1.60249 0.167953 10.3412
1.52186 0.0624931 13.4192
1.49559 0.0319231 5.29349
1.6759 0.0645131 9.6493
1.53318 0.0377731 9.37185
1.53199 0.100153 9.58671
1.63564 0.266233 7.16749
1.52304 0.166463 8.75734
1.53552 0.311333 8.34197
1.70429 0.166303 8.42762
1.59982 0.109683 11.9621
1.64638 0.202113 6.43828
1.65369 0.158663 5.13396
