1.57094 0.211663 6.19461
1.49313 0.306873 9.37164
1.69814 0.215503 9.54773
1.68153 0.248923 9.10726
1.48821 0.00343295 10.1985
1.63965 0.148703 7.54688
1.69001 0.131513 8.81649
1.6093 0.313593 7.76683
1.70221 0.0153829 14.0718
1.61657 0.0703329 8.13816
1.50737 0.0924529 9.79795
1.45738 0.139523 7.94804
1.70125 0.0309229 8.9649
1.50934 0.166293 9.26338
1.59068 0.0480129 8.37107
1.58038 0.0835629 8.42869
1.65069 0.313673 6.57205
1.61611 0.177133 8.42056
1.49055 0.0369429 9.9086
1.58078 0.169293 10.5699
1.4408 0.131063 10.2304
1.54834 0.105163 5.35347
1.58014 0.0301329 7.07325
1.60623 0.133423 8.88135
1.63942 0.188283 7.49122
1.63849 0.0214929 7.57258
1.5905 0.0126329 7.9849
1.51121 0.133063 9.19404
1.46491 0.168493 9.34095
1.44291 0.0485329 7.2218
1.54596 0.191113 6.53437
1.70849 0.0850429 7.53375
1.51834 0.0919129 9.51503
1.5433 0.263173 8.74354
1.70283 0.0442629 9.82356
