1.60643 0.0831221 8.00668
1.58915 0.164212 8.53792
1.60774 0.209422 12.258
1.66254 0.0987021 11.3447
1.45871 0.00285214 8.6107
1.49013 0.0421221 7.29018
1.41887 0.257542 5.85759
1.67848 0.163482 8.50576
1.53075 0.277702 5.91544
1.60541 0.0452621 4.44041
1.5778 0.0732221 6.35577
1.67787 0.116542 6.5804
1.57162 0.250662 9.69625
1.59624 0.0638321 9.79893
1.43853 0.00480214 7.2562
1.64022 0.0320121 9.72888
1.65374 0.148892 8.46218
1.44698 0.0986121 7.14469
1.50512 0.219902 9.109
1.4812 0.188902 6.96768
1.56143 0.0488021 7.77202
1.69862 0.290302 8.92775
1.70978 0.123192 8.77708
1.57689 0.0607121 8.49857
1.64447 0.101372 6.30768
1.63792 0.271372 11.0207
1.71752 0.00495214 8.37628
1.64262 0.191592 9.36411
1.52049 0.00304214 7.62395
1.43631 0.0139421 5.91364
1.54522 0.0278821 7.53214
1.64791 0.289552 9.32196
1.61349 0.190262 4.37022
1.61407 0.250652 5.50157
1.50993 0.252882 8.19783
1.65354 0.0687621 6.05026
1.50346 0.0238921 4.54847
1.42194 0.287392 7.86821
1.67277 0.0526421 9.84142
1.47883 0.211032 7.07662
1.71342 0.182512 9.49395
1.58404 0.292732 8.51622
1.59944 0.152602 7.21765
1.63136 0.0895821 4.86179
1.49111 0.128922 9.28751
1.54239 0.209212 5.47545
1.69658 0.255992 6.26307
1.47621 0.117052 9.48576
1.70734 0.267612 10.8593
1.44115 0.212492 8.43702
