1.63343 0.0887221 8.37516
1.50335 0.0831221 8.00668
1.48607 0.164212 8.53792
1.50466 0.209422 12.258
1.71809 0.227362 10.1369
1.67567 0.140662 9.80098
1.69128 0.105132 7.66217
1.55946 0.0987021 11.3447
1.57539 0.163482 8.50576
1.71096 0.261292 8.01622
1.42767 0.277702 5.91544
1.50233 0.0452621 4.44041
1.47472 0.0732221 6.35577
1.68301 0.0933821 7.39753
1.64467 0.150472 7.1591
1.64579 0.0795121 8.10658
1.57478 0.116542 6.5804
1.46853 0.250662 9.69625
1.49316 0.0638321 9.79893
1.53714 0.0320121 9.72888
1.55065 0.148892 8.46218
1.45835 0.0488021 7.77202
1.59554 0.290302 8.92775
1.60669 0.123192 8.77708
1.47381 0.0607121 8.49857
1.70519 0.313942 7.72788
1.54139 0.101372 6.30768
1.53483 0.271372 11.0207
1.61443 0.00495214 8.37628
1.53954 0.191592 9.36411
1.4174 0.00304214 7.62395
1.44213 0.0278821 7.53214
1.54482 0.289552 9.32196
1.51041 0.190262 4.37022
1.51098 0.250652 5.50157
1.55046 0.0687621 6.05026
1.67425 0.225812 10.292
1.63209 0.170932 10.8239
1.65314 0.300332 6.02306
1.56969 0.0526421 9.84142
1.64315 0.166672 7.59257
1.61034 0.182512 9.49395
1.48095 0.292732 8.51622
1.67628 0.0322821 9.43116
1.49636 0.152602 7.21765
1.52828 0.0895821 4.86179
1.65631 0.114002 8.88375
1.43931 0.209212 5.47545
1.6961 0.113442 11.3858
1.5935 0.255992 6.26307
1.60425 0.267612 10.8593
