1.51288 0.110882 6.08845
1.66228 0.298902 8.13111
1.5921 0.309702 12.0433
1.69727 0.165882 7.48317
1.5691 0.157892 7.56495
1.49263 0.312302 8.89745
1.63876 0.249672 4.83342
1.65421 0.167782 6.19134
1.57682 0.163102 6.40262
1.52279 0.0817121 10.6224
1.62265 0.144392 7.01074
1.68629 0.264422 9.37649
1.67805 0.158002 4.73505
1.68734 0.298742 9.01191
1.5833 0.183712 5.86146
1.68504 0.0198721 6.51004
1.50273 0.272672 6.12329
1.55873 0.0950621 8.72814
1.61323 0.312102 9.20542
1.6783 0.0483721 8.39158
1.57525 0.0171221 8.85039
1.57452 0.116352 7.24413
1.65732 0.301022 9.14497
1.64989 0.0544521 7.71318
1.51099 0.0126821 6.34262
1.58187 0.0913221 10.6118
1.64402 0.0884521 10.5628
1.5755 0.145332 6.53623
1.70825 0.116162 10.1498
1.4388 0.141462 6.42993
1.51927 0.289572 7.05007
1.62587 0.292162 6.67757
1.54945 0.00536214 3.34318
1.47781 0.236032 5.35547
1.68393 0.0254921 10.1143
1.65539 0.211012 12.5537
1.4239 0.272412 8.96659
1.42283 0.106052 7.64219
1.68349 0.0550521 10.3412
1.53275 0.216042 2.59703
1.67432 0.243852 6.83018
1.71664 0.153332 7.16749
1.60404 0.0535621 8.75734
1.61652 0.198432 8.34197
1.59847 0.252392 10.957
1.45564 0.0426121 8.85798
1.72738 0.0892121 6.43828
