1.58221 0.0298077 7.31245
1.48942 0.0782077 5.94039
1.57568 0.123488 10.4156
1.49954 0.276258 5.37733
1.56686 0.203278 9.98965
1.51902 0.130148 11.3613
1.67526 0.0320177 9.95805
1.52661 0.0873377 7.58633
1.58003 0.0706477 7.48718
1.6007 0.140748 6.10942
1.48256 0.265948 8.4583
1.71318 0.00967771 11.8747
1.50625 0.231028 12.3485
1.46281 0.246838 8.08011
1.61754 0.0964777 7.55338
1.47108 0.0621077 9.52581
1.6915 0.245688 4.68986
1.67917 0.0819677 8.10023
1.65379 0.165828 11.8419
1.47706 0.138068 11.7225
1.6563 0.0727277 9.74676
1.57347 0.0316877 11.0487
1.53316 0.00914771 9.65317
1.46154 0.212768 8.30835
1.45496 0.0233177 9.06267
1.5239 0.297448 11.6119
1.50688 0.0255277 12.1529
1.54634 0.211818 9.2944
1.57329 0.117088 9.7806
1.57914 0.306448 7.89155
1.68444 0.243478 8.24007
1.56582 0.307898 11.4016
1.44602 0.157558 7.93248
1.71835 0.261648 4.94607
1.50629 0.217038 6.53551
1.44679 0.0439877 6.42572
1.45083 0.0612377 9.07474
1.58079 0.126698 7.51821
1.46221 0.211758 7.5089
1.61236 0.286588 10.8188
1.53954 0.157208 8.53727
1.51448 0.0174477 9.50448
1.44763 0.119478 9.3563
1.69379 0.191358 7.43245
1.66071 0.214328 11.0375
1.4253 0.173588 10.783
1.66445 0.118848 7.00371
1.60131 0.258798 7.26155
