1.64172 0.182596 6.86862
1.65491 0.149186 8.13111
1.70591 0.181436 10.9825
1.58473 0.159986 12.0433
1.6899 0.0161656 7.48317
1.59383 0.261826 10.6259
1.56173 0.00817561 7.56495
1.66867 0.306136 9.63906
1.48526 0.162586 8.89745
1.63139 0.0999556 4.83342
1.64684 0.0180656 6.19134
1.56945 0.0133856 6.40262
1.42702 0.263236 10.1573
1.67892 0.114706 9.37649
1.56364 0.288976 6.92432
1.67068 0.00828561 4.73505
1.56327 0.296096 10.6023
1.67997 0.149026 9.01191
1.57593 0.0339956 5.86146
1.49536 0.122956 6.12329
1.53086 0.212176 10.248
1.42587 0.194116 7.48382
1.71213 0.212356 6.3685
1.42485 0.212546 7.6065
1.60586 0.162386 9.20542
1.69619 0.275896 5.66403
1.64995 0.151306 9.14497
1.5415 0.181796 7.25093
1.5119 0.139856 7.05007
1.58393 0.306476 2.86335
1.6185 0.142446 6.67757
1.47044 0.0863156 5.35547
1.68925 0.291756 9.94656
1.71377 0.198916 9.99024
1.64802 0.0612956 12.5537
1.5425 0.206436 10.6196
1.41653 0.122696 8.96659
1.62738 0.201006 6.37333
1.51345 0.303596 7.24938
1.66593 0.302286 5.94507
1.52538 0.0663256 2.59703
1.55831 0.236316 6.44337
1.62455 0.212436 7.59023
1.66695 0.0941356 6.83018
1.70927 0.00361561 7.16749
1.60915 0.0487156 8.34197
1.62361 0.167936 10.9833
1.5911 0.102676 10.957
1.71295 0.236676 9.55998
1.46715 0.191836 9.26881
