1.57094 0.255842 6.19461
1.69814 0.259682 9.54773
1.68153 0.293102 9.10726
1.48821 0.0476116 10.1985
1.63965 0.192882 7.54688
1.69001 0.175692 8.81649
1.66946 0.0102516 7.37324
1.70221 0.0595616 14.0718
1.61657 0.114512 8.13816
1.50737 0.136632 9.79795
1.44663 0.0331616 6.81326
1.45738 0.183702 7.94804
1.70125 0.0751016 8.9649
1.50934 0.210472 9.26338
1.59068 0.0921916 8.37107
1.58038 0.127742 8.42869
1.61611 0.221312 8.42056
1.49055 0.0811216 9.9086
1.58078 0.213472 10.5699
1.4408 0.175242 10.2304
1.54834 0.149342 5.35347
1.58014 0.0743116 7.07325
1.60623 0.177602 8.88135
1.63942 0.232462 7.49122
1.63849 0.0656716 7.57258
1.5905 0.0568116 7.9849
1.51121 0.177242 9.19404
1.46491 0.212672 9.34095
1.44291 0.0927116 7.2218
1.54596 0.235292 6.53437
1.56469 0.000391595 12.3679
1.70849 0.129222 7.53375
1.51834 0.136092 9.51503
1.5433 0.307352 8.74354
1.70283 0.0884416 9.82356
1.44913 0.0283416 6.26427
