1.66779 0.0831221 8.00668
1.65051 0.164212 8.53792
1.6691 0.209422 12.258
1.7239 0.0987021 11.3447
1.52007 0.00285214 8.6107
1.55149 0.0421221 7.29018
1.48022 0.257542 5.85759
1.59211 0.277702 5.91544
1.66677 0.0452621 4.44041
1.63916 0.0732221 6.35577
1.63298 0.250662 9.69625
1.45575 0.189762 7.17606
1.6576 0.0638321 9.79893
1.49989 0.00480214 7.2562
1.70158 0.0320121 9.72888
1.7151 0.148892 8.46218
1.50834 0.0986121 7.14469
1.56648 0.219902 9.109
1.54256 0.188902 6.96768
1.62279 0.0488021 7.77202
1.46698 0.299712 9.59314
1.63825 0.0607121 8.49857
1.42656 0.266672 9.18508
1.44436 0.0445621 8.44953
1.70583 0.101372 6.30768
1.69928 0.271372 11.0207
1.41815 0.293662 4.94342
1.70398 0.191592 9.36411
1.58184 0.00304214 7.62395
1.49766 0.0139421 5.91364
1.60658 0.0278821 7.53214
1.41374 0.0978521 7.61263
1.70926 0.289552 9.32196
1.67485 0.190262 4.37022
1.67542 0.250652 5.50157
1.57129 0.252882 8.19783
1.7149 0.0687621 6.05026
1.56482 0.0238921 4.54847
1.4833 0.287392 7.86821
1.54019 0.211032 7.07662
1.6454 0.292732 8.51622
1.6608 0.152602 7.21765
1.41895 0.0119121 9.63411
1.69272 0.0895821 4.86179
1.55247 0.128922 9.28751
1.60375 0.209212 5.47545
1.44027 0.0955121 9.44892
1.53757 0.117052 9.48576
1.5025 0.212492 8.43702
