1.66533 0.0887221 8.37516
1.53525 0.0831221 8.00668
1.51798 0.164212 8.53792
1.53656 0.209422 12.258
1.70758 0.140662 9.80098
1.72318 0.105132 7.66217
1.59136 0.0987021 11.3447
1.41895 0.0421221 7.29018
1.6073 0.163482 8.50576
1.45957 0.277702 5.91544
1.53424 0.0452621 4.44041
1.50663 0.0732221 6.35577
1.71491 0.0933821 7.39753
1.67657 0.150472 7.1591
1.6777 0.0795121 8.10658
1.60669 0.116542 6.5804
1.50044 0.250662 9.69625
1.52506 0.0638321 9.79893
1.56905 0.0320121 9.72888
1.58256 0.148892 8.46218
1.43394 0.219902 9.109
1.49025 0.0488021 7.77202
1.62744 0.290302 8.92775
1.6386 0.123192 8.77708
1.50571 0.0607121 8.49857
1.57329 0.101372 6.30768
1.56674 0.271372 11.0207
1.64634 0.00495214 8.37628
1.57145 0.191592 9.36411
1.44931 0.00304214 7.62395
1.47404 0.0278821 7.53214
1.57673 0.289552 9.32196
1.54232 0.190262 4.37022
1.54289 0.250652 5.50157
1.43875 0.252882 8.19783
1.58236 0.0687621 6.05026
1.70615 0.225812 10.292
1.664 0.170932 10.8239
1.43228 0.0238921 4.54847
1.68504 0.300332 6.02306
1.6016 0.0526421 9.84142
1.67505 0.166672 7.59257
1.64225 0.182512 9.49395
1.51286 0.292732 8.51622
1.70818 0.0322821 9.43116
1.52827 0.152602 7.21765
1.56018 0.0895821 4.86179
1.41993 0.128922 9.28751
1.68822 0.114002 8.88375
1.47121 0.209212 5.47545
1.6254 0.255992 6.26307
1.63616 0.267612 10.8593
