1.5744 0.180198 10.1919
1.42696 0.107838 4.12123
1.52388 0.181798 5.21027
1.66311 0.293078 8.77379
1.44963 0.194048 7.8833
1.56962 0.236588 8.02336
1.45912 0.0116685 8.89304
1.6282 0.310728 6.7586
1.57656 0.312188 7.54989
1.646 0.233408 6.60112
1.57865 0.196278 10.0676
1.66314 0.189218 8.81692
1.53985 0.0525685 11.8414
1.48924 0.192718 6.13027
1.56412 0.157988 7.31655
1.57281 0.275278 13.0983
1.50221 0.122208 6.36379
1.66877 0.239668 10.097
1.5431 0.214648 7.17227
1.56495 0.154158 7.71969
1.41482 0.0243285 10.0375
1.71432 0.232618 8.87112
1.56769 0.135478 9.53535
1.46391 0.00667847 7.73634
1.65837 0.0338085 3.82463
1.42322 0.162768 9.5182
1.50194 0.189588 6.32903
1.56942 0.00932847 6.39183
1.41689 0.181338 6.68258
1.49713 0.244228 8.01433
1.44719 0.0381285 7.00851
1.67941 0.220728 9.47317
1.46994 0.145498 7.22465
1.64614 0.218068 6.9164
1.6246 0.193948 6.5519
1.51374 0.0538385 11.5361
1.59945 0.0632985 12.6999
1.67812 0.167478 9.81325
1.6217 0.105908 7.67328
1.58527 0.187028 11.0413
1.51405 0.0370885 6.95572
1.65189 0.0666485 11.6204
1.42095 0.0744785 12.9282
1.6734 0.119348 9.27702
1.55871 0.193188 10.3814
1.53852 0.214508 5.54356
1.5428 0.274788 6.85474
1.47627 0.0653785 7.5048
1.42951 0.162228 8.03522
