1.72279 0.228981 8.13136
1.5959 0.199191 8.69853
1.66744 0.257781 7.42089
1.66694 0.203711 7.92899
1.6385 0.130321 9.39184
1.58972 0.0690008 6.00485
1.6621 0.134191 9.35374
1.55851 0.193431 10.1846
1.54911 0.0871308 10.6279
1.67093 0.179601 11.9338
1.57453 0.0485408 5.92509
1.54589 0.176501 11.9504
1.62275 0.0454308 9.6978
1.48206 0.0554508 6.98397
1.5914 0.135161 12.7744
1.60814 0.0433408 9.42632
1.64311 0.0308508 7.91843
1.5637 0.0687608 9.52918
1.71962 0.252151 9.14889
1.63971 0.201561 8.95233
1.57008 0.104171 4.57745
1.57528 0.298321 9.40788
1.49388 0.290181 7.6935
1.54615 0.0532708 7.50102
1.41434 0.266411 9.99024
1.61102 0.107021 9.03485
1.5055 0.157271 9.22838
1.54351 0.119751 6.2887
1.54082 0.0789808 10.3397
1.72081 0.219321 7.56544
1.58178 0.131891 9.15752
1.52931 0.220091 8.99324
1.69407 0.207941 9.73365
1.6687 0.258081 8.25033
1.50756 0.0279008 11.6866
1.68159 0.190501 5.02904
1.69851 0.100551 7.92413
1.70374 0.268381 9.7349
1.64726 0.0846008 8.68781
1.60954 0.145791 8.16371
1.47706 0.309201 6.92325
1.51276 0.176471 8.43044
1.517 0.0728808 9.07249
1.50513 0.117171 9.93495
1.52908 0.189411 8.03211
1.42058 0.00699077 6.43828
1.60398 0.212491 6.16866
