1.54016 0.0887221 8.37516
1.62483 0.227362 10.1369
1.58241 0.140662 9.80098
1.59801 0.105132 7.66217
1.46619 0.0987021 11.3447
1.48213 0.163482 8.50576
1.6177 0.261292 8.01622
1.58974 0.0933821 7.39753
1.5514 0.150472 7.1591
1.64199 0.233182 8.31697
1.55253 0.0795121 8.10658
1.48152 0.116542 6.5804
1.66116 0.200462 9.96321
1.71405 0.269632 6.8438
1.44388 0.0320121 9.72888
1.45739 0.148892 8.46218
1.6499 0.123342 10.4059
1.50227 0.290302 8.92775
1.51343 0.123192 8.77708
1.68343 0.00783214 11.6119
1.65159 0.109542 10.3578
1.61192 0.313942 7.72788
1.7216 0.0364921 8.01005
1.63527 0.114292 8.65119
1.44812 0.101372 6.30768
1.44157 0.271372 11.0207
1.52117 0.00495214 8.37628
1.72536 0.0182821 11.4016
1.44627 0.191592 9.36411
1.65549 0.0435221 6.79222
1.45156 0.289552 9.32196
1.41714 0.190262 4.37022
1.41772 0.250652 5.50157
1.64092 0.298522 9.21138
1.45719 0.0687621 6.05026
1.58098 0.225812 10.292
1.53883 0.170932 10.8239
1.55987 0.300332 6.02306
1.63693 0.274462 12.1938
1.47642 0.0526421 9.84142
1.70404 0.267272 9.6112
1.54988 0.166672 7.59257
1.72377 0.240332 6.09565
1.51707 0.182512 9.49395
1.58301 0.0322821 9.43116
1.64302 0.208612 6.01365
1.43501 0.0895821 4.86179
1.56305 0.114002 8.88375
1.60283 0.113442 11.3858
1.50023 0.255992 6.26307
1.51099 0.267612 10.8593
