1.55394 0.158526 5.2493
1.62465 0.296986 10.0795
1.62984 0.255036 12.458
1.4784 0.00619579 8.74819
1.46783 0.223006 7.15422
1.52381 0.211176 10.5645
1.52567 0.217866 11.2394
1.67851 0.151926 8.1405
1.5297 0.0218758 13.2212
1.6661 0.0550958 11.1315
1.44204 0.298336 7.75577
1.61177 0.196566 8.09945
1.60613 0.108126 12.7998
1.62281 0.220886 9.85298
1.50312 0.176516 4.88651
1.59234 0.193226 9.76161
1.63503 0.0885258 8.80065
1.63515 0.00450579 8.41183
1.58251 0.128096 10.6129
1.68943 0.186766 11.2664
1.69089 0.184536 11.3707
1.61916 0.263806 6.80955
1.53351 0.0672858 8.85913
1.45728 0.0709558 5.27226
1.51752 0.0247658 10.1091
1.58574 0.0631958 7.63856
1.50549 0.0482458 9.2042
1.4784 0.107636 9.48219
1.66274 0.140966 6.29525
1.43647 0.120966 5.92395
1.7133 0.283476 7.5046
1.48301 0.0532158 9.01659
1.65711 0.269856 12.6634
1.47921 0.233296 7.78005
1.57022 0.0804258 6.82729
1.54309 0.146906 7.95658
1.59492 0.169766 8.17665
1.5463 0.165056 7.72861
1.70357 0.0338558 8.63258
1.42816 0.124076 7.02854
1.63533 0.0728758 5.86578
1.52294 0.208906 7.12577
1.42397 0.0298758 10.1543
1.56344 0.0774858 8.85094
1.4456 0.0505558 10.1321
