1.54049 0.00894557 7.31245
1.44769 0.0573456 5.94039
1.53396 0.102626 10.4156
1.45782 0.255396 5.37733
1.71015 0.103926 9.4377
1.52513 0.182416 9.98965
1.47729 0.109286 11.3613
1.70643 0.220986 9.49836
1.63354 0.0111556 9.95805
1.48489 0.0664756 7.58633
1.53831 0.0497856 7.48718
1.55898 0.119886 6.10942
1.44083 0.245086 8.4583
1.69337 0.0383856 9.17
1.46453 0.210166 12.3485
1.42109 0.225976 8.08011
1.71771 0.211716 7.35576
1.57582 0.0756156 7.55338
1.42935 0.0412456 9.52581
1.64978 0.224826 4.68986
1.63745 0.0611056 8.10023
1.61207 0.144966 11.8419
1.43533 0.117206 11.7225
1.61458 0.0518656 9.74676
1.53174 0.0108256 11.0487
1.41982 0.191906 8.30835
1.48217 0.276586 11.6119
1.46516 0.00466557 12.1529
1.52034 0.305246 8.01005
1.50461 0.190956 9.2944
1.53156 0.0962256 9.7806
1.53742 0.285586 7.89155
1.64272 0.222616 8.24007
1.5241 0.287036 11.4016
1.67663 0.240786 4.94607
1.46457 0.196176 6.53551
1.45423 0.312276 6.79222
1.53907 0.105836 7.51821
1.42048 0.190896 7.5089
1.57064 0.265726 10.8188
1.72368 0.268296 7.65242
1.49782 0.136346 8.53727
1.65207 0.170496 7.43245
1.70571 0.181636 6.87043
1.61899 0.193466 11.0375
1.71777 0.0268656 4.91108
1.62273 0.0979856 7.00371
1.55959 0.237936 7.26155
1.68635 0.311366 8.85798
