1.59203 0.0347164 7.31245
1.49923 0.0831164 5.94039
1.5855 0.128396 10.4156
1.50936 0.281166 5.37733
1.57667 0.208186 9.98965
1.52884 0.135056 11.3613
1.68508 0.0369264 9.95805
1.53643 0.0922464 7.58633
1.58985 0.0755564 7.48718
1.61052 0.145656 6.10942
1.49237 0.270856 8.4583
1.723 0.0145864 11.8747
1.51607 0.235936 12.3485
1.47263 0.251746 8.08011
1.62736 0.101386 7.55338
1.4809 0.0670164 9.52581
1.70132 0.250596 4.68986
1.68899 0.0868764 8.10023
1.66361 0.170736 11.8419
1.48687 0.142976 11.7225
1.66612 0.0776364 9.74676
1.58329 0.0365964 11.0487
1.54297 0.0140564 9.65317
1.47136 0.217676 8.30835
1.46477 0.0282264 9.06267
1.53371 0.302356 11.6119
1.5167 0.0304364 12.1529
1.55616 0.216726 9.2944
1.58311 0.121996 9.7806
1.58896 0.311356 7.89155
1.69426 0.248386 8.24007
1.57564 0.312806 11.4016
1.45584 0.162466 7.93248
1.41632 0.134986 7.5046
1.51611 0.221946 6.53551
1.41438 0.182496 9.41331
1.4566 0.0488964 6.42572
1.46065 0.0661464 9.07474
1.59061 0.131606 7.51821
1.47203 0.216666 7.5089
1.62218 0.291496 10.8188
1.54936 0.162116 8.53727
1.55777 0.00191645 7.93291
1.5243 0.0223564 9.50448
1.45744 0.124386 9.3563
1.70361 0.196266 7.43245
1.67053 0.219236 11.0375
1.43511 0.178496 10.783
1.67427 0.123756 7.00371
1.61113 0.263706 7.26155
