1.58352 0.244492 10.1494
1.66302 0.213912 5.25027
1.45422 0.180842 8.05486
1.43319 0.185162 12.9946
1.52479 0.196632 8.86592
1.54666 0.0960021 7.47419
1.53787 0.141402 11.8625
1.50235 0.0262221 7.68539
1.41678 0.0901821 9.42662
1.50839 0.276762 10.1832
1.49077 0.0185921 8.58276
1.52979 0.243702 7.96303
1.4265 0.305012 8.37316
1.57153 0.105022 7.31622
1.43306 0.106952 9.26445
1.58809 0.0320521 8.50235
1.55846 0.0295721 8.22871
1.59721 0.0916621 4.35333
1.55624 0.288292 7.68192
1.68442 0.273542 9.04583
1.55778 0.214462 9.98557
1.52662 0.142782 9.91415
1.7274 0.293662 4.94342
1.6242 0.151082 8.99765
1.68796 0.155312 7.66807
1.72233 0.193332 11.9139
1.54517 0.287532 10.1051
1.54239 0.217462 11.5685
1.5337 0.0584821 8.58008
1.43731 0.279602 8.82533
1.4863 0.178302 7.08542
1.72299 0.0978521 7.61263
1.47183 0.0604421 10.6433
1.6797 0.0120821 11.683
1.66472 0.274662 7.06029
1.70689 0.140892 10.8821
1.70064 0.300692 5.51205
1.56059 0.290312 9.31114
1.42458 0.0360321 8.87567
1.59722 0.104552 7.68837
1.47092 0.145732 7.65382
1.51867 0.259892 5.90922
1.45104 0.223162 5.52954
