1.72279 0.24248 8.13136
1.5959 0.21269 8.69853
1.45777 0.0128098 9.83595
1.66744 0.27128 7.42089
1.66694 0.21721 7.92899
1.6385 0.14382 9.39184
1.58972 0.0824998 6.00485
1.6621 0.14769 9.35374
1.53953 0.0054698 7.40473
1.55851 0.20693 10.1846
1.54911 0.10063 10.6279
1.67093 0.1931 11.9338
1.57453 0.0620398 5.92509
1.54589 0.19 11.9504
1.62275 0.0589298 9.6978
1.48206 0.0689498 6.98397
1.5914 0.14866 12.7744
1.60814 0.0568398 9.42632
1.64311 0.0443498 7.91843
1.5637 0.0822598 9.52918
1.71962 0.26565 9.14889
1.63971 0.21506 8.95233
1.57008 0.11767 4.57745
1.57528 0.31182 9.40788
1.49388 0.30368 7.6935
1.54615 0.0667698 7.50102
1.41434 0.27991 9.99024
1.61102 0.12052 9.03485
1.5055 0.17077 9.22838
1.54351 0.13325 6.2887
1.54082 0.0924798 10.3397
1.72081 0.23282 7.56544
1.58178 0.14539 9.15752
1.52931 0.23359 8.99324
1.69407 0.22144 9.73365
1.6687 0.27158 8.25033
1.50756 0.0413998 11.6866
1.68159 0.204 5.02904
1.69851 0.11405 7.92413
1.70374 0.28188 9.7349
1.64726 0.0980998 8.68781
1.60954 0.15929 8.16371
1.51276 0.18997 8.43044
1.517 0.0863798 9.07249
1.50513 0.13067 9.93495
1.52908 0.20291 8.03211
1.42058 0.0204898 6.43828
1.60398 0.22599 6.16866
