1.56485 0.0232321 10.1853
1.43956 0.165882 7.48317
1.64499 0.281412 8.69853
1.50686 0.0815321 9.83595
1.71603 0.285932 7.92899
1.68759 0.212542 9.39184
1.63881 0.151222 6.00485
1.42858 0.264422 9.37649
1.63275 0.0673821 8.80242
1.6389 0.0237521 9.6439
1.42034 0.158002 4.73505
1.42963 0.298742 9.01191
1.42733 0.0198721 6.51004
1.71119 0.216412 9.35374
1.52674 0.0123621 6.16769
1.58862 0.0741921 7.40473
1.61855 0.0435721 6.64655
1.6076 0.275652 10.1846
1.5982 0.169352 10.6279
1.72002 0.261822 11.9338
1.42059 0.0483721 8.39158
1.62362 0.130762 5.92509
1.59498 0.258722 11.9504
1.67184 0.127652 9.6978
1.53115 0.137672 6.98397
1.64049 0.217382 12.7744
1.65723 0.125562 9.42632
1.6922 0.113072 7.91843
1.61279 0.150982 9.52918
1.45054 0.116162 10.1498
1.57356 0.0160621 7.55029
1.6888 0.283782 8.95233
1.61917 0.186392 4.57745
1.70027 0.0538121 10.4128
1.59524 0.135492 7.50102
1.42622 0.0254921 10.1143
1.66011 0.189242 9.03485
1.55459 0.239492 9.22838
1.5926 0.201972 6.2887
1.58991 0.161202 10.3397
1.63087 0.214112 9.15752
1.5784 0.302312 8.99324
1.42578 0.0550521 10.3412
1.55665 0.110122 11.6866
1.41661 0.243852 6.83018
1.45893 0.153332 7.16749
1.69635 0.166822 8.68781
1.65863 0.228012 8.16371
1.56185 0.258692 8.43044
1.56609 0.155102 9.07249
1.52758 0.0534021 8.42762
1.55422 0.199392 9.93495
1.57817 0.271632 8.03211
1.46967 0.0892121 6.43828
1.65307 0.294712 6.16866
1.47698 0.0457621 5.13396
