1.5328 0.0887221 8.37516
1.61747 0.227362 10.1369
1.57505 0.140662 9.80098
1.59065 0.105132 7.66217
1.45883 0.0987021 11.3447
1.47477 0.163482 8.50576
1.61033 0.261292 8.01622
1.58238 0.0933821 7.39753
1.54404 0.150472 7.1591
1.63463 0.233182 8.31697
1.54517 0.0795121 8.10658
1.47416 0.116542 6.5804
1.6538 0.200462 9.96321
1.70669 0.269632 6.8438
1.43651 0.0320121 9.72888
1.45003 0.148892 8.46218
1.64254 0.123342 10.4059
1.49491 0.290302 8.92775
1.50606 0.123192 8.77708
1.67607 0.00783214 11.6119
1.64423 0.109542 10.3578
1.60456 0.313942 7.72788
1.71424 0.0364921 8.01005
1.6279 0.114292 8.65119
1.44076 0.101372 6.30768
1.43421 0.271372 11.0207
1.51381 0.00495214 8.37628
1.71799 0.0182821 11.4016
1.43891 0.191592 9.36411
1.64813 0.0435221 6.79222
1.44419 0.289552 9.32196
1.63356 0.298522 9.21138
1.44983 0.0687621 6.05026
1.57362 0.225812 10.292
1.53146 0.170932 10.8239
1.55251 0.300332 6.02306
1.62957 0.274462 12.1938
1.46906 0.0526421 9.84142
1.69667 0.267272 9.6112
1.54252 0.166672 7.59257
1.71641 0.240332 6.09565
1.50971 0.182512 9.49395
1.57565 0.0322821 9.43116
1.63565 0.208612 6.01365
1.42765 0.0895821 4.86179
1.72227 0.170212 7.62991
1.55568 0.114002 8.88375
1.59547 0.113442 11.3858
1.49287 0.255992 6.26307
1.50362 0.267612 10.8593
