1.68635 0.223787 6.53953
1.52041 0.207197 10.1919
1.46988 0.208797 5.21027
1.51562 0.263587 8.02336
1.592 0.260407 6.60112
1.52466 0.223277 10.0676
1.60914 0.216217 8.81692
1.48585 0.0795665 11.8414
1.43524 0.219717 6.13027
1.51012 0.184987 7.31655
1.51882 0.302277 13.0983
1.44821 0.149207 6.36379
1.61477 0.266667 10.097
1.4891 0.241647 7.17227
1.6508 0.0127465 11.0715
1.51095 0.181157 7.71969
1.66032 0.259617 8.87112
1.46896 0.000926532 8.23512
1.5137 0.162477 9.53535
1.60437 0.0608065 3.82463
1.44794 0.216587 6.32903
1.51542 0.0363265 6.39183
1.44313 0.271227 8.01433
1.51508 0.00390653 8.20971
1.62541 0.247727 9.47317
1.71293 0.190307 8.34567
1.41595 0.172497 7.22465
1.59214 0.245067 6.9164
1.57061 0.220947 6.5519
1.45974 0.0808365 11.5361
1.54545 0.0902965 12.6999
1.62412 0.194477 9.81325
1.5677 0.132907 7.67328
1.68021 0.191077 11.414
1.53128 0.214027 11.0413
1.46005 0.0640865 6.95572
1.5979 0.0936465 11.6204
1.71934 0.0213665 11.6245
1.6194 0.146347 9.27702
1.69844 0.310787 7.4222
1.70112 0.0349965 9.51136
1.50471 0.220187 10.3814
1.48453 0.241507 5.54356
1.48881 0.301787 6.85474
1.42227 0.0923765 7.5048
1.68519 0.0902765 9.62859
